1 128
1 1
1 66
1 131
1 4
1 101
1 33
1 77
1 46
1 176
1 53
1 89
1 132
1 123
2 2
2 168
2 137
2 106
2 66
2 110
2 77
2 112
2 82
2 148
2 158
2 23
2 89
2 94
2 159
3 128
3 123
3 3
3 132
3 103
3 24
3 176
3 107
3 76
3 173
3 142
4 128
4 34
4 131
4 4
4 5
4 103
4 107
4 173
4 178
4 52
4 132
4 123
5 68
5 5
5 6
5 7
5 73
5 11
5 12
5 178
5 84
5 149
5 121
5 154
6 65
6 6
6 7
6 11
6 78
6 79
6 80
6 20
6 14
6 56
6 154
6 157
7 65
7 7
7 73
7 11
7 12
7 80
7 149
7 22
7 56
7 154
8 167
8 8
8 9
8 10
8 174
8 144
8 168
8 54
8 55
8 153
8 26
8 106
9 32
9 34
9 41
9 13
9 46
9 16
9 51
9 52
9 53
9 9
9 57
9 60
10 167
10 168
10 106
10 119
10 144
10 52
10 149
10 54
10 55
10 26
10 10
11 34
11 11
11 78
11 47
11 80
11 20
11 56
11 79
11 157
12 97
12 67
12 68
12 73
12 103
12 12
12 173
12 178
12 84
12 24
12 164
13 162
13 35
13 101
13 39
13 106
13 29
13 45
13 46
13 13
13 16
13 51
13 152
13 179
13 59
13 58
14 96
14 80
14 34
14 32
14 41
14 44
14 14
14 48
14 52
14 53
14 57
14 121
14 157
14 169
15 162
15 35
15 36
15 37
15 38
15 39
15 40
15 139
15 15
15 112
15 17
15 43
15 27
15 29
15 30
16 115
16 164
16 179
16 168
16 46
16 45
16 16
16 51
16 180
16 149
16 152
16 52
16 58
16 53
17 161
17 131
17 17
17 105
17 42
17 139
17 49
17 147
17 148
17 116
17 27
17 29
17 30
18 160
18 64
18 163
18 69
18 70
18 71
18 72
18 138
18 21
18 177
18 18
18 85
18 22
18 87
18 127
18 86
18 61
18 62
18 81
19 161
19 100
19 102
19 145
19 42
19 140
19 141
19 49
19 50
19 19
19 117
19 25
19 122
19 28
19 146
20 32
20 80
20 167
20 168
20 110
20 47
20 144
20 82
20 115
20 20
20 56
20 157
21 160
21 64
21 163
21 69
21 113
21 72
21 177
21 138
21 61
21 81
21 85
21 22
21 87
21 127
21 156
21 170
21 21
22 160
22 65
22 99
22 22
22 138
22 78
22 79
22 83
22 180
22 150
22 154
22 156
22 62
22 85
23 35
23 66
23 162
23 137
23 106
23 77
23 110
23 109
23 112
23 158
23 23
23 89
23 29
23 94
23 159
24 128
24 97
24 130
24 132
24 103
24 107
24 173
24 142
24 176
24 178
24 67
24 24
24 164
24 123
24 125
25 161
25 130
25 166
25 102
25 129
25 104
25 146
25 145
25 50
25 40
25 25
25 26
25 28
26 171
26 177
26 104
26 169
26 43
26 174
26 40
26 54
26 88
26 26
26 28
27 161
27 131
27 49
27 105
27 42
27 139
27 147
27 148
27 116
27 27
27 29
27 30
28 129
28 130
28 43
28 161
28 40
28 42
28 139
28 108
28 49
28 151
28 28
28 90
28 30
29 147
29 101
29 39
29 105
29 119
29 45
29 51
29 116
29 152
29 148
29 29
30 161
30 139
30 36
30 37
30 38
30 49
30 40
30 42
30 43
30 109
30 30
31 128
31 33
31 155
31 164
31 134
31 31
31 172
31 108
31 177
31 114
31 126
31 118
31 120
31 89
31 123
31 94
31 63
32 32
32 34
32 121
32 41
32 57
32 47
32 144
32 179
32 53
32 153
32 58
32 59
32 60
32 52
33 134
33 33
33 136
33 135
33 172
33 143
33 117
33 118
33 120
33 155
33 126
34 34
34 121
34 41
34 52
34 53
34 56
34 57
34 60
35 162
35 35
35 36
35 37
35 38
35 39
35 58
35 59
35 159
36 162
36 36
36 37
36 38
36 39
36 40
36 43
36 109
36 139
37 162
37 37
37 38
37 39
37 40
37 43
37 112
37 139
37 119
38 162
38 38
38 39
38 40
38 43
38 139
38 158
39 162
39 39
39 152
39 58
39 59
39 94
40 130
40 139
40 40
40 43
40 108
41 179
41 168
41 41
41 51
41 52
41 53
41 153
41 57
41 58
41 59
41 60
42 161
42 100
42 49
42 42
42 50
42 147
42 116
42 63
43 162
43 43
43 139
43 130
43 91
44 96
44 129
44 72
44 108
44 75
44 76
44 44
44 114
44 117
44 169
44 121
44 111
44 126
45 45
45 51
45 148
45 101
45 55
45 152
45 105
45 46
46 164
46 101
46 51
46 46
46 179
46 52
46 149
46 152
46 58
47 80
47 167
47 168
47 106
47 47
47 144
47 82
47 115
47 56
48 144
48 99
48 113
48 74
48 167
48 174
48 79
48 48
48 81
48 78
48 150
48 156
48 157
48 95
49 161
49 91
49 100
49 49
49 50
49 90
49 92
50 161
50 100
50 102
50 145
50 50
50 146
50 117
50 122
51 51
51 101
51 77
51 106
51 179
51 53
51 137
51 152
51 57
51 58
51 59
51 60
52 57
52 144
52 167
52 179
52 52
52 180
52 58
52 60
52 53
52 149
53 115
53 53
53 153
53 57
53 60
54 144
54 168
54 115
54 54
54 55
54 167
54 106
54 155
55 96
55 101
55 168
55 106
55 55
55 109
55 112
55 119
56 78
56 79
56 80
56 82
56 56
56 157
57 179
57 82
57 115
57 153
57 57
57 58
57 59
57 60
58 162
58 131
58 179
58 110
58 153
58 58
58 59
58 60
59 162
59 131
59 179
59 77
59 153
59 59
59 60
60 179
60 82
60 153
60 60
61 64
61 163
61 69
61 135
61 136
61 170
61 76
61 72
61 87
61 120
61 61
61 127
62 160
62 98
62 69
62 70
62 71
62 138
62 83
62 84
62 85
62 87
62 154
62 86
62 93
62 62
63 161
63 172
63 108
63 141
63 63
63 143
63 112
63 114
63 151
63 140
63 109
63 158
64 96
64 64
64 163
64 69
64 135
64 136
64 170
64 76
64 72
64 87
64 120
64 122
64 127
65 65
65 138
65 78
65 79
65 80
65 85
65 154
65 156
65 157
65 149
66 105
66 66
66 110
66 77
66 94
66 137
66 89
66 90
66 91
66 92
66 158
66 159
67 97
67 98
67 67
67 68
67 103
67 73
67 107
67 173
67 178
67 84
67 150
67 123
67 125
68 97
68 98
68 68
68 70
68 71
68 73
68 83
68 84
68 169
68 154
69 160
69 98
69 69
69 70
69 71
69 72
69 170
69 177
69 86
69 87
70 160
70 98
70 70
70 71
70 83
70 84
70 86
70 87
70 93
70 165
71 160
71 98
71 71
71 169
71 138
71 83
71 84
71 86
71 87
72 163
72 72
72 170
72 76
72 87
72 127
73 97
73 73
73 178
73 83
73 84
73 180
73 154
73 124
74 99
74 133
74 102
74 113
74 74
74 78
74 79
74 81
74 85
74 156
74 93
74 95
75 171
75 150
75 169
75 75
75 140
75 141
75 111
75 76
75 145
75 180
75 117
75 108
75 121
75 143
75 126
76 108
76 76
76 141
76 142
76 143
76 149
76 150
76 93
76 165
76 102
76 169
76 170
76 171
76 111
76 140
76 180
76 117
77 155
77 137
77 110
77 77
77 148
77 158
77 89
77 94
77 159
78 99
78 80
78 157
78 78
78 79
78 81
78 85
78 121
78 156
78 138
79 99
79 80
79 157
79 79
79 81
79 85
79 121
79 156
79 138
80 99
80 80
80 157
81 99
81 113
81 133
81 102
81 177
81 81
81 163
81 127
81 156
81 85
81 95
82 167
82 168
82 137
82 110
82 144
82 82
82 115
83 160
83 165
83 138
83 86
83 175
83 83
83 84
83 85
83 154
83 124
84 97
84 98
84 84
84 169
85 160
85 99
85 165
85 113
85 156
85 138
85 85
86 160
86 98
86 169
86 138
86 86
86 87
87 160
87 163
87 170
87 177
87 87
88 131
88 164
88 165
88 166
88 140
88 141
88 93
88 177
88 146
88 151
88 88
88 91
88 92
88 90
89 137
89 110
89 94
89 89
89 159
89 158
90 131
90 166
90 177
90 92
90 140
90 143
90 151
90 90
90 91
90 94
91 131
91 166
91 140
91 141
91 143
91 151
91 91
91 92
92 131
92 166
92 140
92 141
92 143
92 151
92 92
93 164
93 165
93 171
93 175
93 177
93 149
93 150
93 93
93 166
94 137
94 110
94 105
94 158
94 159
94 94
95 102
95 113
95 104
95 145
95 174
95 175
95 146
95 121
95 95
96 96
96 119
96 109
96 111
96 114
96 117
96 120
96 121
97 128
97 97
97 98
97 103
97 107
97 173
97 176
97 178
97 150
97 164
97 123
97 125
98 98
98 111
98 153
99 99
99 150
99 157
99 113
99 121
99 156
99 138
100 161
100 100
100 134
100 145
100 136
100 135
100 172
100 146
100 143
100 147
100 118
100 122
101 164
101 101
101 134
101 105
101 148
101 110
101 152
101 116
102 102
102 113
102 145
102 146
102 174
102 104
103 128
103 103
103 107
103 173
103 176
103 178
103 155
103 132
103 123
104 129
104 104
104 171
104 174
104 175
104 145
104 146
104 121
104 124
105 134
105 105
105 147
105 116
105 152
105 148
105 159
106 112
106 115
106 167
106 106
106 109
106 144
106 168
106 119
107 128
107 107
107 173
107 142
107 176
107 178
107 155
107 132
107 123
108 112
108 151
108 108
108 109
108 140
108 141
108 114
108 117
108 119
108 111
108 143
109 134
109 119
109 139
109 109
109 112
109 114
109 147
109 158
109 159
109 117
110 179
110 168
110 137
110 110
110 115
110 158
110 152
110 159
111 171
111 135
111 136
111 130
111 111
111 141
111 114
111 180
111 117
111 169
111 121
111 140
111 143
112 119
112 137
112 112
112 114
112 116
112 153
112 159
112 158
113 133
113 113
113 145
113 169
113 163
113 127
114 151
114 140
114 114
114 117
114 118
114 119
114 143
115 144
115 167
115 168
115 137
115 115
116 161
116 134
116 172
116 147
116 116
116 148
117 130
117 171
117 119
117 117
117 169
117 121
117 122
118 134
118 135
118 136
118 172
118 118
118 120
118 122
118 155
118 126
119 168
119 119
119 148
120 155
120 133
120 166
120 135
120 136
120 170
120 172
120 120
120 122
120 127
120 126
121 124
121 169
121 121
122 134
122 135
122 136
122 170
122 172
122 146
122 122
122 126
122 127
123 123
123 128
123 173
123 142
123 176
123 178
123 132
124 129
124 178
124 175
124 124
124 130
124 174
124 125
125 130
125 129
125 169
125 175
125 178
125 174
125 125
126 155
126 133
126 135
126 136
126 172
126 127
126 126
127 163
127 133
127 170
127 135
127 136
127 171
127 127
128 128
128 173
128 142
128 176
128 178
128 132
129 130
129 146
129 129
129 175
129 174
130 130
130 175
131 166
131 177
131 142
131 131
131 132
132 173
132 142
132 176
132 178
132 149
132 132
133 163
133 142
133 133
133 156
133 170
134 134
134 135
134 172
134 142
134 147
134 155
135 163
135 166
135 135
135 136
135 170
135 172
136 163
136 136
136 170
136 172
137 137
137 158
137 159
138 160
138 138
138 180
138 154
138 156
139 161
139 139
140 171
140 166
140 140
140 141
140 151
140 143
141 151
141 171
141 166
141 141
141 169
141 143
142 173
142 142
142 176
142 171
143 166
143 151
143 143
144 144
144 167
144 157
144 168
145 145
145 146
146 146
147 161
147 172
147 147
147 148
148 152
148 148
149 180
149 164
149 169
149 171
149 149
149 150
149 152
149 176
149 165
150 164
150 165
150 169
150 171
150 180
150 156
150 150
151 166
151 151
151 158
152 152
153 179
153 153
154 160
154 180
154 154
155 164
155 172
155 173
155 177
155 158
155 155
156 157
156 156
157 157
158 159
158 158
159 159
160 160
160 165
161 161
162 162
162 179
163 163
163 170
163 171
164 164
164 165
164 177
164 178
165 165
165 171
165 174
165 177
165 166
166 166
166 177
167 167
167 174
167 168
168 168
169 180
169 171
169 169
169 175
170 170
171 171
171 180
172 172
173 173
173 176
173 178
174 174
174 175
175 175
175 178
176 176
176 178
177 177
178 178
179 179
180 180
