1 128
1 1
1 131
1 132
1 107
1 176
1 88
1 100
1 90
1 123
1 4
2 2
2 137
2 151
2 172
2 110
2 47
2 112
2 20
2 23
2 159
2 158
2 63
3 176
3 129
3 130
3 3
3 14
3 123
3 24
3 128
3 107
3 125
3 142
4 128
4 178
4 123
4 4
4 103
4 89
4 107
4 12
4 173
4 161
5 67
5 68
5 5
5 6
5 7
5 73
5 11
5 12
5 84
5 56
5 154
5 37
6 162
6 6
6 7
6 11
6 79
6 80
6 83
6 22
6 56
6 154
6 157
7 68
7 7
7 73
7 11
7 12
7 84
7 22
7 56
7 89
7 154
7 37
8 96
8 162
8 35
8 39
8 8
8 10
8 135
8 44
8 14
8 17
8 170
8 54
8 55
8 121
8 26
8 106
9 32
9 68
9 179
9 41
9 13
9 46
9 79
9 16
9 51
9 52
9 53
9 9
9 57
9 58
9 59
9 60
10 64
10 96
10 131
10 69
10 70
10 71
10 10
10 55
10 44
10 87
10 40
10 84
10 54
10 119
10 153
10 121
10 86
10 26
11 35
11 137
11 11
11 80
11 20
11 56
11 89
11 154
11 157
12 97
12 67
12 68
12 73
12 103
12 12
12 178
12 84
12 24
12 26
13 16
13 68
13 101
13 46
13 13
13 174
13 45
13 48
13 51
13 53
13 152
13 179
13 59
13 58
14 96
14 32
14 34
14 169
14 44
14 14
14 111
14 50
14 86
14 57
14 153
14 121
14 60
15 162
15 35
15 17
15 37
15 38
15 39
15 105
15 42
15 103
15 15
15 49
15 139
15 148
15 27
15 29
15 30
16 98
16 164
16 179
16 71
16 41
16 46
16 45
16 16
16 51
16 52
16 149
16 150
16 152
16 58
16 59
17 161
17 162
17 35
17 49
17 134
17 103
17 105
17 42
17 29
17 17
17 147
17 116
17 148
17 27
17 106
17 30
18 32
18 65
18 163
18 69
18 72
18 64
18 138
18 160
18 86
18 18
18 83
18 85
18 22
18 87
18 156
18 61
18 21
19 161
19 171
19 100
19 102
19 145
19 169
19 43
19 76
19 146
19 49
19 50
19 19
19 25
19 28
19 30
20 48
20 137
20 47
20 80
20 157
20 82
20 115
20 20
20 56
20 29
21 32
21 65
21 163
21 69
21 133
21 72
21 64
21 138
21 160
21 21
21 61
21 81
21 85
21 22
21 87
21 156
21 170
21 127
22 160
22 65
22 70
22 138
22 71
22 83
22 22
22 152
22 154
22 157
22 62
22 85
23 112
23 33
23 158
23 110
23 151
23 137
23 23
23 143
23 63
23 159
24 128
24 97
24 67
24 132
24 103
24 107
24 173
24 142
24 176
24 178
24 147
24 118
24 24
24 123
25 129
25 130
25 131
25 102
25 145
25 40
25 43
25 146
25 104
25 50
25 25
25 26
25 28
26 96
26 43
26 121
26 40
26 87
26 54
26 55
26 72
26 153
26 26
26 59
26 62
27 161
27 162
27 35
27 37
27 38
27 49
27 103
27 105
27 42
27 39
27 147
27 139
27 148
27 116
27 27
27 29
27 30
28 161
28 139
28 36
28 40
28 43
28 140
28 146
28 141
28 50
28 28
29 162
29 35
29 101
29 167
29 105
29 39
29 45
29 47
29 80
29 147
29 54
29 148
29 116
29 152
29 29
29 30
30 96
30 161
30 35
30 36
30 37
30 38
30 49
30 105
30 42
30 139
30 109
30 112
30 43
30 30
31 33
31 147
31 116
31 118
31 134
31 177
31 121
31 155
31 172
31 126
31 31
32 160
32 32
32 34
32 41
32 179
32 52
32 57
32 58
32 60
33 33
33 100
33 134
33 172
33 110
33 147
33 116
33 118
33 155
33 126
34 96
34 34
34 121
34 71
34 169
34 44
34 142
34 146
34 52
34 41
34 153
34 57
34 60
35 162
35 35
35 36
35 37
35 38
35 39
35 173
35 56
36 162
36 36
36 37
36 38
36 39
36 40
36 43
36 173
36 139
37 162
37 38
37 40
37 39
37 43
37 139
37 56
37 37
38 162
38 38
38 39
38 43
38 139
38 56
39 162
39 39
39 167
39 45
39 82
39 115
39 152
39 154
40 129
40 98
40 139
40 40
40 92
40 43
40 104
40 91
40 90
41 41
41 138
41 179
41 52
41 53
41 57
41 58
41 59
41 60
41 74
42 161
42 100
42 49
42 105
42 42
42 172
42 110
42 147
42 116
43 66
43 43
43 139
43 132
44 96
44 161
44 100
44 44
44 109
44 111
44 114
44 117
44 54
44 55
44 121
44 122
44 106
45 144
45 162
45 101
45 105
45 45
45 46
45 51
45 148
45 152
45 124
45 157
46 65
46 70
46 164
46 101
46 51
46 46
46 179
46 149
46 150
46 152
46 58
46 59
46 156
47 48
47 167
47 168
47 137
47 106
47 47
47 144
47 82
47 115
47 148
47 119
47 124
48 48
48 99
48 167
48 104
48 74
48 174
48 144
48 82
48 115
48 53
48 119
48 152
48 175
48 124
48 95
49 161
49 100
49 49
49 108
49 77
49 176
49 50
49 147
49 94
50 161
50 100
50 166
50 102
50 113
50 145
50 50
50 146
50 88
50 122
51 68
51 101
51 157
51 51
51 53
51 152
51 179
51 59
51 58
52 71
52 179
52 52
52 149
52 150
52 57
52 58
52 59
52 60
52 53
53 101
53 175
53 53
53 73
53 57
53 58
53 60
54 96
54 167
54 168
54 106
54 54
54 55
54 121
55 96
55 162
55 167
55 106
55 109
55 168
55 147
55 55
55 121
56 137
56 80
56 56
56 89
56 157
57 129
57 160
57 179
57 57
57 58
57 59
57 60
57 85
58 83
58 179
58 60
58 58
58 59
58 156
59 99
59 179
59 152
59 59
59 60
60 65
60 81
60 179
60 60
60 85
61 133
61 64
61 163
61 165
61 136
61 170
61 72
61 150
61 87
61 127
61 61
61 69
61 149
62 160
62 65
62 98
62 69
62 70
62 71
62 138
62 83
62 87
62 86
62 154
62 62
63 161
63 77
63 137
63 151
63 66
63 110
63 143
63 94
63 89
63 153
63 63
63 158
63 159
64 133
64 64
64 163
64 69
64 135
64 136
64 170
64 72
64 87
64 127
64 165
65 160
65 65
65 69
65 138
65 86
65 85
65 87
66 66
66 166
66 77
66 110
66 143
66 88
66 89
66 90
66 91
66 92
66 94
67 97
67 98
67 67
67 68
67 103
67 73
67 107
67 162
67 173
67 178
67 84
68 97
68 98
68 68
68 70
68 84
68 73
68 148
68 154
69 98
69 69
69 70
69 71
69 72
69 87
69 86
69 170
69 160
70 160
70 98
70 70
70 71
70 83
70 84
70 87
70 86
71 160
71 71
71 98
71 83
71 87
71 153
71 86
71 138
72 163
72 72
72 170
72 93
72 87
72 127
72 133
73 97
73 73
73 178
73 84
73 105
73 154
73 125
74 99
74 102
74 113
74 74
74 78
74 79
74 145
74 95
74 156
74 157
74 81
75 171
75 100
75 143
75 169
75 75
75 76
75 141
75 111
75 108
75 114
75 180
75 117
75 140
75 109
76 171
76 136
76 169
76 76
76 141
76 111
76 114
76 180
76 117
76 140
76 143
77 161
77 137
77 77
77 110
77 94
77 151
77 88
77 89
77 90
77 91
77 92
77 158
78 99
78 78
78 79
78 80
78 81
78 82
78 85
78 157
78 152
78 156
78 138
79 99
79 79
79 80
79 81
79 82
79 85
79 156
79 157
80 157
80 80
80 82
80 99
81 99
81 113
81 133
81 102
81 177
81 156
81 81
81 163
81 127
81 85
81 95
82 144
82 82
82 115
82 119
82 157
83 160
83 83
83 138
83 125
83 179
83 85
83 155
83 154
84 97
84 98
84 84
84 154
85 160
85 163
85 156
85 138
85 99
85 87
85 85
86 160
86 98
86 86
86 87
86 153
86 138
87 163
87 87
87 170
87 160
88 131
88 165
88 166
88 177
88 88
88 90
88 91
88 92
88 93
88 94
89 118
89 89
89 90
89 94
90 166
90 90
90 91
90 92
90 94
91 165
91 166
91 140
91 141
91 91
91 92
91 93
91 94
92 165
92 166
92 140
92 141
92 92
92 93
92 94
93 131
93 164
93 165
93 166
93 177
93 113
93 163
93 155
93 149
93 150
93 93
94 140
94 141
94 110
94 158
94 151
94 143
94 94
95 144
95 164
95 102
95 113
95 145
95 129
95 174
95 146
95 104
95 95
96 96
96 100
96 106
96 153
96 121
97 128
97 97
97 98
97 134
97 103
97 107
97 173
97 178
97 116
97 123
98 98
98 153
99 99
99 113
99 157
99 156
99 138
100 100
100 172
100 136
100 161
100 146
100 143
100 118
100 120
100 132
100 122
100 135
100 126
101 164
101 101
101 134
101 105
101 125
101 177
101 116
101 119
101 152
101 148
101 155
102 131
102 102
102 113
102 145
102 146
102 104
103 128
103 103
103 107
103 173
103 176
103 178
103 123
103 132
104 129
104 130
104 164
104 145
104 177
104 144
104 174
104 175
104 104
105 134
105 147
105 116
105 105
105 148
106 167
106 106
106 119
106 172
106 109
106 112
106 114
106 115
106 117
106 168
106 108
107 123
107 128
107 107
107 173
107 142
107 176
107 178
107 139
107 132
108 108
108 109
108 111
108 112
108 114
108 117
108 151
108 158
108 159
109 168
109 109
109 111
109 112
109 114
109 117
109 121
109 151
110 137
110 151
110 110
110 112
110 158
110 118
110 153
110 159
111 171
111 169
111 112
111 114
111 117
111 120
111 111
112 158
112 167
112 168
112 151
112 112
112 114
112 117
112 159
113 113
113 145
113 146
113 163
113 127
113 156
114 139
114 169
114 114
114 117
114 151
115 144
115 168
115 167
115 174
115 115
115 119
115 124
116 134
116 172
116 142
116 147
116 116
116 148
117 161
117 171
117 117
117 169
118 134
118 135
118 172
118 120
118 147
118 118
118 122
118 155
118 126
119 144
119 167
119 168
119 174
119 142
119 119
120 135
120 136
120 170
120 172
120 141
120 120
120 122
120 126
120 127
121 153
121 121
121 126
122 135
122 136
122 170
122 172
122 122
122 126
122 127
123 128
123 173
123 142
123 176
123 178
123 123
123 139
123 132
124 129
124 130
124 167
124 144
124 174
124 175
124 124
124 125
125 129
125 130
125 167
125 174
125 175
125 178
125 142
125 125
126 128
126 134
126 135
126 136
126 140
126 172
126 126
127 163
127 133
127 170
127 135
127 136
127 127
127 149
128 128
128 161
128 173
128 142
128 176
128 178
128 131
128 132
129 129
129 130
129 145
129 174
129 175
130 130
130 164
130 142
130 175
130 145
130 146
130 174
131 131
131 132
131 165
131 177
131 176
131 145
131 166
132 173
132 142
132 176
132 132
133 136
133 163
133 165
133 170
133 133
134 134
134 172
134 147
134 148
134 155
135 135
135 136
135 170
135 172
136 136
136 170
136 142
137 137
137 153
137 159
137 151
137 158
138 160
138 138
138 179
138 156
138 157
139 161
139 173
139 139
139 158
139 151
139 159
140 171
140 166
140 158
140 169
140 140
140 141
140 143
140 180
140 151
141 171
141 166
141 169
141 141
141 143
141 180
141 158
141 151
142 142
142 176
142 147
143 171
143 169
143 143
143 180
143 158
143 159
143 151
144 144
144 167
144 168
144 174
144 175
145 145
145 146
146 146
146 180
147 161
147 172
147 178
147 147
147 148
148 152
148 148
149 164
149 165
149 171
149 179
149 180
149 149
149 150
150 164
150 165
150 166
150 171
150 150
150 180
151 159
151 158
151 151
152 164
152 152
153 153
154 154
155 164
155 177
155 155
155 172
156 157
156 156
157 157
158 158
158 159
159 159
160 160
161 161
162 162
162 168
163 163
163 170
164 165
164 164
164 177
165 166
165 177
165 165
166 166
166 177
167 168
167 174
167 167
167 175
168 168
168 174
169 171
169 180
169 169
170 170
171 171
171 180
172 172
173 173
173 176
173 178
174 174
174 175
175 175
176 176
176 178
177 177
178 178
179 179
180 180
