1 128
1 1
1 131
1 4
1 166
1 103
1 107
1 173
1 176
1 88
1 123
1 120
1 132
1 90
1 91
1 92
2 2
2 137
2 42
2 151
2 108
2 110
2 112
2 23
2 56
2 31
2 159
2 158
2 63
3 128
3 129
3 130
3 3
3 107
3 172
3 142
3 176
3 24
3 121
3 123
3 125
4 67
4 4
4 97
4 161
4 103
4 12
4 173
4 178
4 107
4 88
4 90
4 123
5 68
5 5
5 6
5 7
5 73
5 11
5 12
5 84
5 89
5 56
5 116
5 154
6 80
6 22
6 83
6 6
6 7
6 56
6 154
6 11
6 157
6 29
7 35
7 68
7 7
7 73
7 11
7 15
7 84
7 56
7 89
7 154
7 37
8 96
8 8
8 105
8 10
8 55
8 44
8 14
8 17
8 54
8 153
8 121
8 26
8 106
9 41
9 138
9 60
9 45
9 46
9 13
9 16
9 51
9 52
9 53
9 9
9 152
9 58
9 156
10 96
10 40
10 10
10 55
10 25
10 54
10 119
10 153
10 121
10 26
10 155
11 35
11 137
11 11
11 110
11 80
11 20
11 56
11 89
11 154
12 97
12 98
12 67
12 68
12 103
12 73
12 12
12 15
12 178
12 84
12 24
12 27
13 99
13 101
13 70
13 39
13 138
13 13
13 174
13 45
13 16
13 51
13 46
13 152
13 58
13 59
13 29
13 62
13 53
14 96
14 32
14 34
14 169
14 57
14 44
14 98
14 14
14 111
14 117
14 121
14 153
14 126
15 162
15 35
15 17
15 37
15 38
15 105
15 42
15 139
15 15
15 49
15 148
15 39
15 27
15 29
15 30
16 129
16 164
16 51
16 104
16 46
16 45
16 16
16 179
16 52
16 149
16 150
16 152
16 59
16 53
17 161
17 35
17 17
17 105
17 42
17 49
17 147
17 148
17 116
17 27
17 29
17 30
18 160
18 65
18 163
18 69
18 64
18 72
18 156
18 138
18 86
18 46
18 18
18 78
18 22
18 87
18 21
18 61
18 85
19 161
19 34
19 100
19 102
19 145
19 28
19 50
19 49
19 146
19 19
19 180
19 25
19 122
19 91
19 92
20 137
20 79
20 80
20 157
20 82
20 115
20 148
20 153
20 56
20 20
20 47
20 124
20 29
21 160
21 65
21 163
21 69
21 72
21 64
21 138
21 46
21 61
21 81
21 99
21 85
21 87
21 127
21 156
21 170
21 21
22 160
22 65
22 101
22 71
22 138
22 70
22 79
22 80
22 83
22 85
22 22
22 154
22 86
22 157
22 62
23 137
23 151
23 108
23 109
23 110
23 112
23 172
23 23
23 159
23 158
23 63
24 128
24 97
24 67
24 132
24 103
24 42
24 107
24 173
24 142
24 176
24 178
24 24
24 123
25 129
25 130
25 131
25 102
25 104
25 43
25 146
25 145
25 50
25 40
25 25
25 26
25 28
26 96
26 131
26 40
26 43
26 54
26 55
26 153
26 26
26 28
26 93
27 96
27 161
27 67
27 147
27 37
27 49
27 105
27 42
27 139
27 35
27 116
27 137
27 148
27 27
27 29
27 30
28 161
28 43
28 132
28 40
28 139
28 50
28 146
28 36
28 28
28 90
28 30
29 162
29 80
29 84
29 152
29 154
29 29
29 98
29 35
29 101
29 39
29 105
29 42
29 45
29 51
29 116
29 30
29 54
29 55
29 148
30 161
30 139
30 38
30 49
30 105
30 42
30 103
30 43
30 151
30 30
31 33
31 134
31 172
31 108
31 112
31 177
31 147
31 116
31 117
31 118
31 155
31 124
31 125
31 126
31 31
32 32
32 34
32 98
32 72
32 41
32 130
32 179
32 52
32 153
32 57
32 58
32 59
32 60
32 127
33 33
33 100
33 134
33 73
33 172
33 147
33 84
33 118
33 120
33 116
33 155
33 126
34 34
34 121
34 169
34 170
34 44
34 98
34 50
34 52
34 41
34 153
34 57
34 60
35 162
35 35
35 36
35 37
35 38
35 42
35 178
35 56
35 39
36 128
36 162
36 36
36 37
36 38
36 39
36 40
36 43
36 139
36 117
36 123
37 97
37 162
37 37
37 38
37 40
37 39
37 43
37 139
38 162
38 38
38 39
38 121
38 139
38 43
39 162
39 39
39 167
39 45
39 152
40 129
40 131
40 40
40 43
40 104
40 139
41 179
41 52
41 57
41 41
41 58
41 59
41 60
41 98
42 161
42 49
42 105
42 42
42 110
42 178
42 147
42 116
43 161
43 130
43 171
43 43
43 76
43 139
43 90
44 96
44 108
44 106
44 44
44 109
44 111
44 49
44 114
44 117
44 54
44 55
44 121
45 144
45 162
45 101
45 105
45 83
45 45
45 46
45 51
45 148
45 53
45 152
45 119
46 149
46 164
46 101
46 46
46 51
46 150
46 87
46 152
46 53
46 85
47 48
47 162
47 167
47 168
47 137
47 106
47 47
47 144
47 82
47 115
47 119
47 124
48 95
48 129
48 99
48 48
48 104
48 74
48 175
48 174
48 144
48 115
48 82
48 51
48 78
48 119
48 152
48 79
48 124
48 53
49 161
49 100
49 49
49 173
49 77
49 114
49 116
49 147
49 151
49 121
50 161
50 100
50 166
50 102
50 146
50 145
50 50
50 88
50 122
51 58
51 98
51 101
51 83
51 51
51 53
51 152
51 179
51 59
52 102
52 179
52 52
52 149
52 150
52 57
52 58
52 59
52 60
52 53
53 101
53 142
53 53
53 152
53 157
54 96
54 167
54 106
54 119
54 168
54 54
54 55
54 121
55 96
55 167
55 106
55 119
55 109
55 168
55 55
55 121
56 137
56 110
56 80
56 56
56 89
56 154
57 145
57 179
57 57
57 58
57 59
57 60
58 179
58 104
58 58
58 59
58 60
58 69
59 162
59 179
59 69
59 98
59 59
59 60
59 95
60 163
60 102
60 179
60 60
61 64
61 65
61 163
61 133
61 135
61 136
61 170
61 61
61 72
61 87
61 93
61 127
62 160
62 70
62 83
62 69
62 71
62 138
62 87
62 86
62 62
63 75
63 137
63 139
63 110
63 143
63 180
63 171
63 151
63 159
63 158
63 63
64 64
64 65
64 163
64 133
64 135
64 136
64 170
64 93
64 72
64 87
64 127
65 65
65 69
65 72
65 138
65 160
65 87
65 152
65 156
65 85
66 161
66 66
66 166
66 140
66 141
66 77
66 143
66 88
66 89
66 90
66 91
66 92
66 94
67 97
67 98
67 67
67 103
67 73
67 107
67 173
67 178
67 84
67 68
68 97
68 98
68 68
68 73
68 162
68 178
68 84
68 154
69 160
69 69
69 70
69 71
69 138
69 86
69 87
70 160
70 98
70 70
70 71
70 83
70 84
70 87
70 154
70 86
71 160
71 98
71 86
71 71
71 138
71 83
71 87
71 152
72 163
72 133
72 72
72 170
72 87
72 127
73 98
73 73
73 178
73 116
73 97
73 84
73 154
73 125
74 99
74 164
74 102
74 113
74 74
74 78
74 79
74 145
74 85
74 95
74 156
74 81
75 161
75 171
75 169
75 75
75 76
75 141
75 143
75 108
75 114
75 180
75 117
75 111
75 140
76 169
76 171
76 140
76 141
76 143
76 76
76 114
76 180
76 117
76 111
77 158
77 151
77 89
77 90
77 94
77 140
77 77
77 110
77 143
78 80
78 99
78 138
78 82
78 78
78 79
78 81
78 85
78 157
78 155
78 156
79 80
79 99
79 157
79 79
79 81
79 82
79 85
79 155
79 156
79 138
80 80
80 157
80 137
81 163
81 164
81 102
81 113
81 81
81 99
81 127
81 156
81 85
81 95
82 144
82 162
82 99
82 168
82 82
82 115
82 119
82 157
83 160
83 138
83 83
83 154
83 86
83 125
83 101
84 98
84 84
84 97
84 154
85 160
85 163
85 157
85 99
85 87
85 156
85 138
85 85
86 160
86 86
86 138
86 87
86 155
87 160
87 179
87 87
88 131
88 165
88 166
88 88
88 90
88 91
88 92
88 93
88 94
89 139
89 110
89 89
89 90
89 94
90 166
90 92
90 90
90 91
90 94
91 165
91 166
91 135
91 140
91 141
91 150
91 91
91 92
91 93
91 94
92 165
92 166
92 140
92 141
92 150
92 92
92 93
92 94
93 131
93 164
93 165
93 166
93 177
93 93
93 113
93 155
93 150
94 161
94 140
94 110
94 141
94 151
94 143
94 94
95 129
95 99
95 164
95 102
95 113
95 145
95 146
95 144
95 104
95 95
96 96
96 106
96 109
96 153
96 121
97 97
97 98
97 103
97 107
97 173
97 178
97 123
98 103
98 98
98 153
99 99
99 113
99 157
99 152
99 156
99 138
100 100
100 161
100 136
100 140
100 135
100 172
100 146
100 142
100 141
100 120
100 122
100 126
101 115
101 164
101 101
101 134
101 105
101 147
101 177
101 116
101 152
101 148
101 175
102 102
102 113
102 145
102 146
102 149
102 150
102 153
102 104
103 128
103 107
103 173
103 176
103 178
103 123
103 139
103 132
103 103
104 130
104 177
104 129
104 145
104 144
104 174
104 175
104 104
104 179
105 134
105 105
105 147
105 116
105 106
105 148
106 144
106 167
106 106
106 119
106 108
106 109
106 112
106 168
106 114
106 115
106 116
106 117
107 123
107 161
107 128
107 107
107 173
107 142
107 176
107 178
107 132
108 108
108 109
108 111
108 112
108 114
108 117
108 159
108 158
109 167
109 168
109 109
109 111
109 112
109 114
109 117
109 118
109 121
109 159
110 137
110 172
110 110
110 112
110 158
110 159
110 151
111 139
111 169
111 171
111 112
111 114
111 117
111 111
112 167
112 168
112 151
112 112
112 114
112 117
112 118
112 159
112 158
113 163
113 133
113 113
113 145
113 146
113 127
113 156
114 169
114 114
114 117
114 151
114 158
115 144
115 167
115 168
115 174
115 115
115 119
116 134
116 172
116 147
116 116
116 118
116 148
117 142
117 169
117 117
117 158
118 155
118 134
118 135
118 172
118 147
118 126
118 118
118 120
118 158
118 159
119 144
119 168
119 119
120 133
120 136
120 170
120 171
120 172
120 120
120 122
120 135
120 126
120 127
121 121
121 153
122 136
122 142
122 135
122 122
122 170
122 126
122 127
123 128
123 132
123 173
123 142
123 176
123 178
123 123
124 129
124 130
124 167
124 168
124 174
124 175
124 124
124 125
125 129
125 130
125 167
125 174
125 175
125 178
125 125
126 134
126 135
126 136
126 171
126 172
126 126
127 163
127 133
127 170
127 135
127 136
127 127
128 128
128 173
128 142
128 176
128 178
128 131
128 132
129 130
129 129
129 174
129 175
130 130
130 174
130 175
130 142
131 131
131 132
131 165
131 166
131 177
131 176
131 145
131 164
131 155
132 132
132 173
132 142
132 176
132 177
133 163
133 165
133 133
133 170
133 136
134 134
134 137
134 172
134 147
134 148
134 155
135 135
135 136
135 170
135 172
135 176
136 166
136 136
136 170
137 137
137 159
137 147
137 151
137 158
138 160
138 138
138 156
138 157
139 161
139 139
140 171
140 169
140 140
140 141
140 180
140 151
140 143
141 171
141 169
141 141
141 143
141 180
141 151
142 169
142 173
142 142
142 176
143 161
143 171
143 169
143 143
143 180
143 158
143 151
144 144
144 167
144 168
144 174
145 145
145 146
145 153
146 153
146 146
147 172
147 147
147 148
148 148
148 167
148 152
149 165
149 150
149 152
149 180
149 171
149 166
149 149
150 164
150 166
150 171
150 150
150 165
151 171
151 158
151 151
151 159
152 152
153 153
154 162
154 154
155 160
155 164
155 172
155 157
155 177
155 155
156 157
156 156
157 157
158 159
158 158
159 159
160 160
161 161
161 173
162 162
162 168
163 163
163 170
164 165
164 164
164 166
164 177
165 165
165 166
165 170
165 177
166 166
166 177
167 168
167 167
167 174
167 175
168 168
168 174
168 175
169 171
169 180
169 169
170 170
171 171
171 180
172 172
173 173
173 176
173 178
174 174
174 175
175 175
176 176
177 177
178 178
179 179
180 180
