1 123
1 1
1 178
1 131
1 132
1 49
1 103
1 4
1 128
1 107
1 173
2 2
2 168
2 137
2 106
2 23
2 108
2 109
2 110
2 112
2 20
2 158
2 151
2 56
2 63
2 30
2 159
3 128
3 144
3 130
3 3
3 132
3 135
3 168
3 107
3 142
3 47
3 176
3 24
3 153
3 123
4 123
4 178
4 67
4 4
4 97
4 103
4 107
4 12
4 173
4 126
5 68
5 83
5 84
5 5
5 6
5 7
5 73
5 154
5 11
5 12
5 29
6 80
6 22
6 6
6 7
6 56
6 39
6 154
6 11
6 138
6 157
7 22
7 83
7 84
7 7
7 56
7 73
7 154
7 11
7 29
8 8
8 148
8 106
8 54
8 167
8 168
8 10
8 55
8 124
8 26
8 174
9 16
9 51
9 99
9 52
9 53
9 41
9 152
9 9
9 13
9 46
9 45
10 96
10 164
10 168
10 106
10 119
10 144
10 54
10 55
10 152
10 26
10 10
11 35
11 137
11 11
11 110
11 80
11 20
11 56
11 89
11 157
11 37
12 32
12 97
12 98
12 67
12 103
12 73
12 12
12 173
12 178
12 84
12 105
12 24
12 68
13 45
13 35
13 39
13 103
13 13
13 46
13 15
13 16
13 178
13 51
13 53
13 152
13 154
13 79
13 60
13 29
14 96
14 32
14 34
14 72
14 169
14 44
14 14
14 145
14 52
14 121
14 57
14 60
14 61
15 162
15 35
15 36
15 37
15 38
15 39
15 42
15 139
15 15
15 17
15 51
15 56
15 45
15 152
15 27
15 29
15 30
16 160
16 74
16 46
16 45
16 16
16 18
16 51
16 52
16 149
16 150
16 152
16 62
16 53
17 161
17 101
17 17
17 105
17 42
17 139
17 29
17 176
17 49
17 147
17 116
17 148
17 27
17 106
17 30
18 160
18 65
18 69
18 72
18 156
18 138
18 86
18 18
18 85
18 22
18 87
18 57
18 60
18 21
19 161
19 100
19 102
19 145
19 140
19 50
19 141
19 49
19 146
19 19
19 121
19 25
19 90
19 28
19 122
20 80
20 36
20 167
20 168
20 137
20 47
20 144
20 82
20 115
20 148
20 56
20 20
20 155
20 157
21 160
21 65
21 163
21 164
21 72
21 156
21 138
21 64
21 61
21 81
21 99
21 85
21 22
21 127
21 60
21 170
21 21
22 160
22 65
22 86
22 138
22 71
22 83
22 22
22 154
22 59
22 62
22 85
23 134
23 137
23 106
23 23
23 108
23 77
23 110
23 143
23 112
23 151
23 159
23 109
23 158
23 63
24 128
24 97
24 98
24 132
24 103
24 107
24 173
24 142
24 45
24 34
24 24
24 178
24 67
24 147
24 176
24 121
24 123
24 125
25 161
25 166
25 129
25 104
25 169
25 43
25 50
25 145
25 146
25 40
25 25
25 26
25 28
26 88
26 40
26 54
26 129
26 43
26 28
26 26
26 104
27 161
27 101
27 49
27 105
27 42
27 139
27 176
27 147
27 116
27 148
27 27
27 29
27 30
28 129
28 130
28 43
28 161
28 40
28 42
28 139
28 49
28 114
28 28
28 30
28 63
29 105
29 42
29 103
29 45
29 46
29 51
29 116
29 54
29 152
29 148
29 29
29 30
29 101
30 161
30 139
30 49
30 105
30 42
30 43
30 110
30 30
31 33
31 134
31 135
31 172
31 177
31 179
31 118
31 151
31 120
31 155
31 60
31 126
31 31
32 32
32 34
32 121
32 179
32 41
32 60
32 178
32 83
32 52
32 57
32 153
32 58
32 59
32 124
32 126
33 33
33 134
33 135
33 169
33 172
33 143
33 76
33 177
33 118
33 120
33 89
33 155
33 126
34 34
34 121
34 68
34 69
34 70
34 71
34 41
34 179
34 52
34 57
34 153
34 58
34 60
34 125
34 127
35 162
35 35
35 36
35 37
35 38
35 39
35 43
35 58
35 59
36 162
36 36
36 37
36 38
36 39
36 40
36 43
36 130
36 82
36 139
37 162
37 37
37 38
37 39
37 40
37 43
37 139
37 55
37 59
38 162
38 38
38 39
38 40
38 139
38 80
38 43
38 58
38 59
39 51
39 162
39 39
39 144
39 59
39 179
39 58
40 129
40 130
40 139
40 40
40 43
40 108
40 114
41 41
41 138
41 162
41 179
41 52
41 153
41 57
41 58
41 59
41 60
42 161
42 49
42 105
42 42
42 139
42 116
42 89
43 129
43 130
43 43
43 109
43 139
43 158
43 155
43 159
44 96
44 130
44 169
44 75
44 108
44 109
44 111
44 114
44 117
44 55
44 121
44 44
45 144
45 101
45 45
45 46
45 152
45 51
45 148
45 53
46 65
46 46
46 51
46 52
46 149
46 150
46 152
46 156
46 53
47 144
47 167
47 168
47 137
47 106
47 47
47 80
47 82
47 115
47 119
47 56
48 48
48 99
48 81
48 104
48 74
48 167
48 78
48 79
48 144
48 177
48 82
48 115
48 174
48 95
48 157
48 53
49 66
49 100
49 161
49 139
49 49
49 50
49 94
49 63
50 161
50 100
50 102
50 104
50 169
50 50
50 145
50 146
50 180
50 88
50 122
51 107
51 173
51 178
51 51
51 53
51 157
51 152
52 70
52 175
52 113
52 179
52 52
52 150
52 57
52 58
52 60
52 53
52 149
53 53
53 101
53 152
54 167
54 168
54 106
54 174
54 144
54 115
54 54
54 55
55 96
55 167
55 105
55 109
55 142
55 168
55 116
55 55
55 106
56 105
56 110
56 80
56 137
56 56
56 89
56 157
57 179
57 153
57 57
57 58
57 59
57 60
58 74
58 162
58 179
58 153
58 58
58 59
58 60
59 65
59 162
59 74
59 179
59 59
59 60
60 95
60 174
60 179
60 73
60 153
60 60
60 85
61 64
61 163
61 135
61 136
61 170
61 142
61 72
61 150
61 87
61 127
61 61
61 85
62 160
62 69
62 70
62 71
62 138
62 83
62 87
62 154
62 86
62 62
63 137
63 110
63 143
63 112
63 151
63 159
63 158
63 63
64 64
64 136
64 163
64 85
64 150
64 87
64 72
64 170
64 127
65 160
65 65
65 99
65 138
65 78
65 177
65 156
65 85
66 66
66 166
66 77
66 110
66 143
66 151
66 88
66 89
66 90
66 91
66 92
66 94
67 97
67 98
67 67
67 103
67 73
67 107
67 173
67 178
67 172
67 84
67 105
67 68
68 97
68 68
68 70
68 73
68 98
68 178
68 84
68 154
68 124
68 125
69 160
69 83
69 69
69 86
69 87
69 71
69 70
69 85
70 160
70 70
70 71
70 98
70 83
70 84
70 86
70 87
70 154
71 160
71 83
71 71
71 154
71 87
71 86
72 163
72 87
72 72
72 170
72 127
72 85
73 73
73 175
73 124
73 178
73 83
73 84
73 154
73 125
74 144
74 99
74 133
74 102
74 113
74 74
74 78
74 79
74 81
74 163
74 156
74 95
75 171
75 169
75 75
75 140
75 141
75 143
75 76
75 108
75 114
75 180
75 117
75 118
75 111
76 171
76 169
76 76
76 141
76 111
76 108
76 114
76 180
76 117
76 150
76 140
76 143
76 149
77 161
77 166
77 77
77 110
77 94
77 151
77 88
77 89
77 90
77 91
77 92
77 158
77 159
78 99
78 80
78 78
78 79
78 81
78 82
78 85
78 157
78 152
78 156
78 138
79 80
79 99
79 138
79 79
79 81
79 82
79 85
79 157
79 156
80 99
80 167
80 80
80 142
80 157
81 163
81 133
81 102
81 113
81 81
81 99
81 179
81 127
81 156
81 95
82 144
82 101
82 168
82 82
82 115
82 119
82 157
83 160
83 138
83 86
83 174
83 175
83 83
83 154
83 124
84 97
84 98
84 175
84 178
84 84
84 154
84 124
84 125
84 101
85 99
85 156
85 138
85 160
85 163
85 87
85 85
86 160
86 87
86 155
86 86
87 160
87 164
87 138
87 87
88 164
88 165
88 166
88 136
88 93
88 88
88 90
88 91
88 92
88 94
89 137
89 110
89 151
89 89
89 90
89 94
90 165
90 166
90 141
90 90
90 91
90 92
90 93
90 94
91 165
91 166
91 135
91 141
91 91
91 92
91 93
91 94
92 164
92 165
92 166
92 135
92 141
92 92
92 93
92 94
93 177
93 164
93 165
93 166
93 153
93 93
93 150
94 166
94 110
94 143
94 158
94 151
94 94
94 159
95 144
95 99
95 145
95 102
95 113
95 104
95 174
95 146
95 156
95 95
96 96
96 108
96 172
96 109
96 114
96 117
96 119
96 121
96 111
97 128
97 97
97 98
97 103
97 105
97 107
97 173
97 176
97 178
97 123
98 98
98 103
98 173
98 119
98 153
99 99
99 177
99 113
99 156
99 157
100 161
100 100
100 134
100 135
100 136
100 172
100 146
100 142
100 176
100 118
100 120
100 122
101 116
101 164
101 101
101 105
101 147
101 115
101 152
101 148
102 163
102 102
102 113
102 145
102 146
102 142
102 149
102 104
102 127
103 128
103 107
103 173
103 176
103 178
103 123
103 132
103 103
104 129
104 145
104 104
104 146
104 174
104 175
104 177
104 124
105 134
105 105
105 147
105 116
105 148
106 167
106 119
106 106
106 108
106 109
106 112
106 114
106 115
106 168
107 123
107 128
107 107
107 173
107 142
107 176
107 120
107 178
107 131
107 132
108 108
108 109
108 112
108 114
108 172
108 180
108 117
108 111
108 158
108 159
109 109
109 111
109 112
109 114
109 117
109 119
109 158
109 159
110 139
110 134
110 158
110 137
110 142
110 110
110 112
110 153
110 159
110 151
111 130
111 171
111 143
111 169
111 111
111 141
111 114
111 180
111 117
111 121
111 140
112 168
112 137
112 151
112 172
112 112
112 114
112 117
112 159
112 158
113 165
113 163
113 133
113 113
113 145
113 146
113 127
113 156
113 170
114 171
114 114
114 117
114 169
114 121
114 158
114 159
115 144
115 167
115 168
115 115
115 119
115 157
116 161
116 134
116 172
116 147
116 116
116 148
117 130
117 169
117 180
117 117
117 119
117 121
118 134
118 135
118 172
118 118
118 151
118 120
118 122
118 155
118 126
119 128
119 131
119 168
119 144
119 148
119 119
120 133
120 134
120 135
120 136
120 172
120 120
120 122
120 126
120 127
121 132
121 129
121 169
121 153
121 121
121 123
122 135
122 136
122 169
122 170
122 171
122 172
122 146
122 145
122 122
122 126
122 127
123 128
123 132
123 173
123 142
123 176
123 178
123 123
123 131
124 129
124 130
124 174
124 175
124 124
124 125
125 129
125 130
125 174
125 175
125 178
125 125
126 133
126 135
126 136
126 172
126 126
127 163
127 133
127 170
127 135
127 136
127 127
128 128
128 132
128 133
128 173
128 142
128 176
128 178
128 131
129 129
129 130
129 175
130 130
130 142
130 164
130 175
131 131
131 132
131 165
131 173
131 176
131 177
131 155
131 164
132 132
132 136
132 161
132 173
132 142
132 176
132 177
132 155
133 162
133 163
133 133
133 136
133 135
134 134
134 135
134 172
134 147
134 155
135 135
135 136
135 170
135 172
136 163
136 136
136 170
137 137
137 147
137 159
137 151
137 158
138 160
138 179
138 138
138 156
138 157
139 161
139 139
140 171
140 169
140 140
140 141
140 143
140 150
140 151
140 158
141 171
141 169
141 141
141 180
141 149
141 150
141 151
141 143
141 158
142 176
142 173
142 163
142 142
143 171
143 158
143 151
143 169
143 143
143 159
144 144
144 162
144 168
144 167
144 174
145 145
145 146
146 166
146 146
147 161
147 172
147 178
147 147
147 148
148 148
148 152
149 169
149 170
149 171
149 149
149 150
149 180
150 164
150 165
150 171
150 150
150 169
151 161
151 151
151 159
151 158
152 152
153 153
154 160
154 154
155 164
155 172
155 177
155 155
156 157
156 156
157 157
158 159
158 158
159 159
160 160
161 161
162 162
162 167
162 179
163 163
163 170
164 164
164 166
164 177
164 165
165 165
165 166
165 177
166 166
167 167
167 174
167 168
168 168
169 171
169 180
169 169
170 170
171 171
171 180
172 172
173 173
173 176
173 178
174 174
174 175
175 175
176 177
176 178
176 176
177 177
178 178
179 179
180 180
