1 176
1 1
1 66
1 131
1 132
1 128
1 88
1 4
1 90
1 123
1 28
2 2
2 137
2 106
2 151
2 108
2 110
2 112
2 94
2 23
2 42
2 158
2 159
3 129
3 130
3 3
3 97
3 103
3 142
3 175
3 180
3 149
3 24
3 124
3 125
4 128
4 132
4 4
4 103
4 42
4 107
4 12
4 173
4 178
4 89
4 123
5 67
5 68
5 5
5 6
5 7
5 73
5 11
5 12
5 80
5 147
5 84
5 56
5 154
6 162
6 6
6 7
6 73
6 11
6 80
6 20
6 22
6 56
6 154
6 157
7 68
7 7
7 73
7 11
7 12
7 15
7 84
7 56
7 89
7 154
8 96
8 167
8 8
8 10
8 44
8 29
8 168
8 148
8 54
8 55
8 121
8 26
8 106
9 32
9 83
9 41
9 13
9 46
9 175
9 16
9 51
9 52
9 53
9 9
9 152
9 57
9 60
10 96
10 177
10 174
10 54
10 119
10 121
10 10
10 55
10 26
10 104
11 33
11 35
11 137
11 11
11 15
11 80
11 147
11 20
11 56
11 89
11 154
11 38
12 97
12 98
12 67
12 73
12 103
12 12
12 173
12 178
12 172
12 84
12 118
12 24
12 68
13 58
13 101
13 39
13 78
13 45
13 46
13 79
13 16
13 29
13 51
13 53
13 22
13 152
13 179
13 59
13 13
14 96
14 32
14 34
14 121
14 40
14 169
14 44
14 98
14 14
14 111
14 146
14 52
14 153
14 57
14 127
15 162
15 35
15 36
15 37
15 38
15 105
15 42
15 39
15 15
15 17
15 178
15 139
15 27
15 29
15 30
16 21
16 164
16 179
16 41
16 86
16 46
16 45
16 16
16 51
16 52
16 149
16 150
16 152
16 58
16 59
16 60
16 53
16 69
17 161
17 35
17 134
17 17
17 105
17 42
17 172
17 49
17 29
17 147
17 116
17 148
17 27
17 106
17 30
18 160
18 65
18 83
18 99
18 69
18 138
18 18
18 163
18 85
18 86
18 87
18 57
18 22
18 156
18 21
19 161
19 100
19 102
19 135
19 40
19 145
19 42
19 146
19 49
19 50
19 19
19 25
19 90
19 28
19 122
20 167
20 168
20 137
20 47
20 80
20 82
20 115
20 116
20 56
20 20
20 157
20 31
21 160
21 65
21 99
21 69
21 72
21 64
21 138
21 61
21 81
21 163
21 85
21 86
21 87
21 57
21 156
21 170
21 21
22 160
22 70
22 71
22 138
22 78
22 79
22 83
22 22
22 154
22 156
22 157
22 62
23 161
23 137
23 23
23 108
23 109
23 110
23 112
23 114
23 151
23 159
23 158
23 63
24 128
24 97
24 162
24 132
24 103
24 107
24 173
24 142
24 176
24 178
24 67
24 24
24 123
25 129
25 130
25 131
25 166
25 102
25 40
25 43
25 146
25 145
25 50
25 25
25 26
25 28
25 104
26 32
26 166
26 104
26 43
26 40
26 54
26 55
26 88
26 26
26 28
27 161
27 162
27 35
27 37
27 38
27 49
27 105
27 42
27 39
27 178
27 147
27 116
27 148
27 139
27 27
27 29
27 30
28 66
28 139
28 36
28 161
28 40
28 43
28 146
28 49
28 50
28 28
28 30
29 162
29 35
29 68
29 101
29 167
29 105
29 39
29 29
29 51
29 116
29 147
29 45
29 148
29 152
29 154
30 161
30 35
30 36
30 37
30 38
30 49
30 105
30 42
30 139
30 123
30 43
30 30
31 33
31 147
31 105
31 134
31 177
31 116
31 155
31 172
31 118
31 31
32 32
32 34
32 41
32 179
32 52
32 153
32 57
32 59
32 60
32 58
33 96
33 33
33 155
33 134
33 105
33 172
33 147
33 148
33 118
33 56
33 84
33 126
33 116
34 34
34 121
34 102
34 169
34 44
34 98
34 52
34 41
34 153
34 57
34 60
35 162
35 35
35 36
35 37
35 38
35 39
35 173
35 107
36 96
36 128
36 162
36 36
36 37
36 38
36 39
36 40
36 139
36 43
37 162
37 37
37 38
37 39
37 40
37 103
37 106
37 139
37 43
38 162
38 43
38 38
38 39
38 103
38 139
39 162
39 39
39 167
39 73
39 45
39 82
39 115
39 119
40 43
40 40
40 75
40 146
40 139
40 90
41 41
41 179
41 52
41 53
41 153
41 57
41 58
41 59
41 60
41 62
42 128
42 161
42 49
42 42
42 139
42 176
42 147
42 89
42 100
43 161
43 43
43 139
43 77
43 94
43 117
44 96
44 135
44 108
44 44
44 109
44 111
44 112
44 114
44 117
44 55
44 120
44 121
44 126
45 144
45 98
45 101
45 105
45 45
45 46
45 79
45 51
45 148
45 152
46 160
46 51
46 164
46 101
46 71
46 174
46 175
46 179
46 52
46 46
46 152
46 58
46 59
46 53
46 149
47 144
47 80
47 167
47 168
47 105
47 106
47 47
47 48
47 82
47 115
47 119
47 153
48 144
48 99
48 167
48 104
48 74
48 175
48 174
48 79
48 48
48 82
48 115
48 78
48 152
48 124
48 95
49 161
49 100
49 49
49 139
49 108
49 77
49 50
49 132
49 122
50 100
50 166
50 102
50 136
50 171
50 76
50 50
50 145
50 146
50 169
50 122
50 135
51 58
51 144
51 101
51 157
51 51
51 53
51 152
51 179
51 59
52 104
52 87
52 142
52 179
52 52
52 150
52 57
52 60
52 53
52 149
53 78
53 175
53 153
53 57
53 60
53 53
54 96
54 134
54 167
54 168
54 106
54 119
54 144
54 54
54 55
55 96
55 162
55 167
55 105
55 106
55 55
55 172
55 109
55 168
55 147
55 119
55 121
56 80
56 56
56 137
56 110
56 89
57 65
57 59
57 71
57 81
57 179
57 153
57 57
57 58
57 95
57 60
57 85
58 179
58 138
58 58
58 59
58 60
59 162
59 99
59 179
59 60
59 59
59 124
60 160
60 70
60 74
60 179
60 60
60 62
61 64
61 65
61 163
61 133
61 136
61 170
61 72
61 150
61 87
61 127
61 61
61 85
61 149
62 160
62 98
62 69
62 70
62 71
62 138
62 86
62 83
62 87
62 154
62 62
63 66
63 100
63 63
63 94
63 140
63 159
63 151
63 77
63 158
63 143
64 64
64 65
64 163
64 133
64 72
64 170
64 93
64 85
64 150
64 87
64 127
65 65
65 69
65 72
65 138
65 160
65 170
65 86
65 87
65 156
65 85
66 66
66 166
66 92
66 77
66 143
66 94
66 88
66 89
66 90
66 91
66 126
67 97
67 98
67 67
67 68
67 103
67 73
67 107
67 162
67 173
67 178
67 84
68 97
68 98
68 68
68 73
68 178
68 84
68 105
68 154
69 160
69 69
69 70
69 71
69 72
69 85
69 86
69 87
70 160
70 98
70 70
70 71
70 138
70 86
70 83
70 84
70 87
71 160
71 98
71 71
71 138
71 83
71 87
71 86
72 163
72 133
72 72
72 170
72 177
72 87
72 127
73 97
73 73
73 178
73 116
73 84
73 154
73 125
73 134
74 99
74 133
74 102
74 113
74 156
74 74
74 78
74 79
74 145
74 85
74 95
74 81
75 171
75 169
75 75
75 76
75 141
75 143
75 108
75 114
75 180
75 117
75 111
75 120
75 140
76 171
76 169
76 76
76 114
76 141
76 180
76 117
76 150
76 111
76 140
76 143
76 149
77 77
77 110
77 158
77 151
77 88
77 89
77 90
77 159
77 94
78 80
78 99
78 124
78 157
78 78
78 79
78 81
78 82
78 156
78 138
78 85
79 80
79 99
79 101
79 124
79 157
79 79
79 115
79 82
79 83
79 156
79 138
80 80
80 116
80 154
80 157
81 163
81 133
81 113
81 127
81 81
81 99
81 85
81 95
81 156
82 144
82 99
82 168
82 167
82 82
82 115
82 119
82 157
83 160
83 86
83 138
83 83
83 152
83 154
83 124
83 125
84 98
84 84
84 97
84 154
84 125
85 99
85 160
85 113
85 163
85 138
85 87
85 155
85 156
85 85
86 160
86 98
86 138
86 86
86 87
87 170
87 160
87 87
87 155
88 131
88 165
88 166
88 93
88 177
88 88
88 90
88 91
88 92
88 94
89 161
89 110
89 89
89 90
89 94
90 166
90 90
90 91
90 92
90 94
91 131
91 165
91 166
91 136
91 140
91 141
91 177
91 91
91 92
91 93
91 94
92 131
92 165
92 166
92 136
92 140
92 141
92 177
92 153
92 92
92 93
92 94
93 155
93 164
93 165
93 166
93 177
93 113
93 149
93 150
93 93
93 133
94 143
94 110
94 158
94 151
94 159
94 94
95 129
95 102
95 145
95 174
95 175
95 113
95 144
95 104
95 95
96 96
96 109
96 114
96 153
96 121
96 106
97 128
97 97
97 98
97 103
97 107
97 162
97 173
97 178
97 123
98 98
98 153
98 148
99 99
99 157
99 152
99 156
99 138
100 161
100 100
100 114
100 135
100 136
100 172
100 146
100 118
100 120
100 132
100 122
100 126
101 164
101 101
101 134
101 105
101 148
101 152
101 116
101 125
102 165
102 102
102 145
102 104
102 113
102 146
103 128
103 103
103 107
103 173
103 176
103 178
103 132
103 123
104 129
104 130
104 164
104 104
104 174
104 175
104 145
104 144
105 134
105 105
105 172
105 147
105 116
105 148
106 167
106 106
106 119
106 108
106 109
106 112
106 114
106 115
106 168
107 128
107 107
107 173
107 142
107 176
107 178
107 132
107 123
108 108
108 109
108 111
108 112
108 114
108 117
108 158
108 159
109 161
109 168
109 109
109 111
109 112
109 114
109 117
109 121
109 158
109 159
110 158
110 137
110 139
110 110
110 112
110 151
110 153
110 159
111 135
111 143
111 169
111 171
111 111
111 141
111 114
111 117
111 121
111 122
111 140
112 161
112 137
112 151
112 112
112 114
112 117
112 158
112 159
113 163
113 133
113 113
113 145
113 146
113 127
114 114
114 121
114 117
114 169
114 158
114 159
115 144
115 168
115 167
115 115
115 119
116 148
116 134
116 168
116 172
116 147
116 118
116 116
117 169
117 117
117 121
117 158
117 159
118 134
118 135
118 172
118 147
118 118
118 120
118 155
118 126
119 167
119 168
119 119
119 144
120 132
120 135
120 136
120 170
120 172
120 143
120 120
120 122
120 126
120 127
121 153
121 121
121 170
121 126
122 146
122 135
122 136
122 140
122 141
122 122
122 126
123 128
123 139
123 173
123 142
123 176
123 178
123 123
123 132
124 129
124 130
124 167
124 174
124 175
124 124
124 125
125 129
125 130
125 174
125 175
125 178
125 142
125 125
126 134
126 135
126 136
126 172
126 126
127 163
127 133
127 170
127 135
127 150
127 136
127 127
128 128
128 132
128 173
128 142
128 176
128 178
129 129
129 130
129 174
129 175
129 145
129 149
130 130
130 142
130 175
130 145
130 174
130 150
131 131
131 132
131 165
131 166
131 176
131 177
131 155
132 132
132 173
132 176
133 163
133 170
133 133
134 134
134 172
134 147
134 148
134 155
135 135
135 136
135 170
136 136
136 170
137 137
137 139
137 151
137 158
137 159
138 160
138 138
138 152
138 156
138 157
139 161
139 139
140 171
140 166
140 169
140 140
140 141
140 180
140 143
141 171
141 166
141 169
141 141
141 180
141 143
142 176
142 142
142 173
143 171
143 169
143 180
143 151
143 143
143 158
144 167
144 144
144 174
144 168
145 145
145 146
145 180
146 146
147 172
147 147
147 148
148 152
148 148
149 164
149 169
149 171
149 149
149 150
149 180
150 164
150 165
150 169
150 171
150 150
150 180
151 161
151 151
151 158
151 159
152 152
153 166
153 177
153 153
154 154
155 164
155 165
155 177
155 155
156 157
156 179
156 156
157 157
158 161
158 158
158 159
159 161
159 159
160 160
161 161
162 162
163 163
163 177
163 170
164 164
164 165
164 166
164 177
165 166
165 177
165 165
166 166
166 177
167 175
167 174
167 168
167 167
168 168
169 171
169 180
169 169
170 170
171 171
171 180
172 172
173 173
173 176
173 178
174 179
174 174
174 175
175 175
176 176
176 178
177 177
178 178
179 179
180 180
