1 128
1 1
1 131
1 4
1 107
1 173
1 176
1 88
1 132
1 90
1 123
1 26
2 2
2 137
2 139
2 110
2 47
2 112
2 20
2 23
2 153
2 159
2 151
2 158
2 63
3 176
3 129
3 130
3 3
3 24
3 121
3 43
3 124
3 125
3 142
3 175
4 67
4 4
4 97
4 161
4 103
4 12
4 173
4 178
4 107
4 132
4 123
4 126
5 68
5 5
5 6
5 7
5 73
5 11
5 172
5 12
5 84
5 22
5 89
5 154
5 27
5 118
5 37
6 147
6 6
6 7
6 11
6 78
6 15
6 80
6 83
6 22
6 56
6 89
6 154
6 79
6 157
7 68
7 7
7 73
7 11
7 12
7 17
7 84
7 118
7 56
7 89
7 154
8 96
8 168
8 98
8 106
8 54
8 55
8 8
8 121
8 10
8 44
8 26
9 32
9 71
9 41
9 13
9 46
9 45
9 16
9 51
9 52
9 53
9 9
9 152
9 57
9 58
9 60
10 96
10 40
10 10
10 119
10 177
10 153
10 54
10 25
10 152
10 121
10 26
10 55
11 80
11 35
11 20
11 56
11 89
11 11
11 157
11 137
12 97
12 98
12 67
12 73
12 103
12 12
12 173
12 178
12 84
12 24
12 68
12 27
13 58
13 45
13 101
13 39
13 29
13 13
13 46
13 175
13 16
13 18
13 51
13 85
13 152
13 179
13 59
13 53
13 69
14 96
14 32
14 34
14 169
14 170
14 44
14 142
14 111
14 14
14 117
14 121
14 153
14 57
15 161
15 162
15 35
15 17
15 37
15 39
15 105
15 42
15 139
15 47
15 15
15 27
15 49
15 38
15 29
15 30
16 163
16 104
16 46
16 45
16 16
16 113
16 51
16 52
16 149
16 150
16 72
16 152
17 161
17 67
17 17
17 97
17 105
17 42
17 49
17 178
17 35
17 116
17 147
17 56
17 148
17 27
17 29
17 30
18 160
18 65
18 61
18 163
18 69
18 72
18 156
18 138
18 45
18 64
18 81
18 18
18 85
18 86
18 87
18 127
18 21
18 170
18 101
19 161
19 100
19 166
19 102
19 145
19 171
19 50
19 49
19 146
19 19
19 25
19 28
20 35
20 37
20 38
20 137
20 110
20 47
20 80
20 115
20 82
20 147
20 20
20 56
20 157
21 160
21 65
21 99
21 69
21 72
21 64
21 138
21 61
21 81
21 163
21 85
21 22
21 87
21 31
21 156
21 170
21 21
22 160
22 33
22 71
22 138
22 86
22 79
22 83
22 53
22 22
22 154
22 70
22 157
22 62
23 137
23 23
23 108
23 110
23 143
23 112
23 151
23 153
23 159
23 158
23 63
24 128
24 97
24 67
24 132
24 103
24 107
24 173
24 142
24 176
24 27
24 178
24 24
24 123
25 129
25 130
25 165
25 104
25 43
25 146
25 145
25 50
25 40
25 25
25 26
25 28
25 93
26 131
26 150
26 40
26 43
26 54
26 55
26 88
26 26
26 28
26 104
27 161
27 162
27 35
27 49
27 105
27 42
27 39
27 147
27 148
27 116
27 139
27 27
27 29
27 30
28 161
28 139
28 36
28 40
28 43
28 140
28 146
28 141
28 50
28 153
28 28
28 90
28 30
29 79
29 162
29 147
29 101
29 39
29 105
29 42
29 45
29 51
29 116
29 54
29 152
29 148
29 29
29 30
30 161
30 35
30 36
30 37
30 38
30 49
30 137
30 42
30 139
30 110
30 43
30 89
30 30
31 33
31 130
31 164
31 134
31 65
31 172
31 177
31 147
31 118
31 55
31 121
31 155
31 126
31 31
32 32
32 129
32 34
32 163
32 41
32 145
32 179
32 52
32 153
32 57
32 58
32 60
33 96
33 33
33 147
33 118
33 134
33 71
33 167
33 172
33 177
33 83
33 116
33 121
33 155
33 126
34 64
34 34
34 72
34 96
34 44
34 50
34 52
34 57
34 41
34 153
34 121
34 60
34 61
34 169
35 128
35 162
35 35
35 36
35 37
35 38
35 39
35 42
35 176
36 162
36 36
36 37
36 38
36 39
36 40
36 43
36 109
36 110
36 139
36 132
37 162
37 38
37 39
37 40
37 43
37 139
37 37
38 162
38 38
38 39
38 106
38 43
38 173
38 107
38 139
38 103
39 162
39 39
39 138
39 119
39 45
39 78
39 55
40 129
40 139
40 166
40 40
40 43
40 104
40 88
40 155
41 41
41 87
41 113
41 179
41 52
41 53
41 57
41 58
41 59
41 60
42 123
42 161
42 100
42 49
42 42
42 147
42 116
43 161
43 66
43 43
43 143
43 75
43 139
43 63
44 96
44 161
44 108
44 106
44 44
44 109
44 111
44 114
44 117
44 54
44 55
44 121
45 101
45 105
45 87
45 45
45 46
45 51
45 148
45 53
45 152
46 101
46 46
46 51
46 52
46 149
46 152
46 179
46 59
46 133
47 144
47 167
47 168
47 106
47 110
47 47
47 48
47 82
47 115
47 119
47 124
48 48
48 99
48 167
48 168
48 74
48 175
48 174
48 79
48 144
48 82
48 115
48 78
48 119
48 153
48 124
48 125
48 95
49 161
49 100
49 49
49 139
49 108
49 77
49 94
49 132
50 100
50 102
50 145
50 130
50 113
50 50
50 122
50 146
51 58
51 98
51 101
51 70
51 174
51 51
51 53
51 152
51 179
51 59
51 156
51 125
52 102
52 57
52 179
52 52
52 149
52 180
52 58
52 127
52 60
52 61
52 53
53 99
53 101
53 116
53 53
53 152
54 96
54 167
54 168
54 106
54 172
54 174
54 54
54 55
54 121
55 96
55 106
55 167
55 168
55 55
55 121
56 80
56 110
56 56
56 89
56 157
56 137
57 163
57 179
57 57
57 58
57 59
57 60
58 179
58 95
58 86
58 58
58 59
58 60
58 69
59 160
59 162
59 133
59 175
59 81
59 179
59 152
59 59
59 60
59 125
60 87
60 179
60 60
61 64
61 65
61 163
61 133
61 136
61 170
61 72
61 87
61 61
61 127
62 160
62 98
62 69
62 70
62 71
62 105
62 138
62 83
62 87
62 154
62 86
62 62
63 76
63 75
63 140
63 141
63 143
63 171
63 151
63 63
63 158
63 159
64 64
64 65
64 163
64 133
64 72
64 170
64 87
64 127
65 65
65 163
65 69
65 72
65 138
65 160
65 170
65 87
65 156
65 85
66 66
66 91
66 166
66 88
66 89
66 90
66 92
66 77
66 94
66 143
67 97
67 98
67 67
67 103
67 73
67 107
67 173
67 178
67 84
67 68
67 123
68 97
68 98
68 68
68 73
68 162
68 178
68 84
68 118
68 154
69 160
69 69
69 70
69 71
69 138
69 83
69 86
69 87
70 160
70 98
70 70
70 71
70 105
70 83
70 84
70 87
70 154
70 86
71 160
71 98
71 71
71 138
71 83
71 87
71 86
72 163
72 72
72 170
72 87
72 127
73 97
73 178
73 118
73 84
73 154
73 73
74 99
74 102
74 113
74 74
74 78
74 79
74 145
74 85
74 152
74 95
74 156
74 81
75 100
75 114
75 169
75 171
75 75
75 76
75 109
75 143
75 141
75 108
75 140
75 180
75 117
75 111
76 149
76 171
76 169
76 76
76 141
76 143
76 120
76 114
76 180
76 117
76 150
76 111
76 140
77 166
77 137
77 77
77 110
77 88
77 89
77 90
77 91
77 92
77 94
78 80
78 99
78 78
78 79
78 81
78 82
78 85
78 157
78 156
78 138
79 80
79 99
79 138
79 79
79 81
79 82
79 157
79 156
80 80
80 147
80 89
80 137
80 157
81 99
81 102
81 113
81 127
81 81
81 152
81 156
81 85
81 95
82 144
82 99
82 105
82 82
82 115
82 119
82 157
83 160
83 138
83 83
83 154
83 86
83 125
84 97
84 98
84 147
84 84
84 154
85 160
85 99
85 170
85 113
85 163
85 138
85 87
85 127
85 156
85 85
86 160
86 98
86 138
86 87
86 153
86 86
87 160
87 179
87 87
87 153
88 131
88 165
88 166
88 93
88 88
88 90
88 91
88 92
88 94
89 94
89 89
89 90
90 92
90 166
90 90
90 91
90 94
91 164
91 165
91 166
91 141
91 177
91 120
91 91
91 92
91 93
91 94
92 131
92 164
92 165
92 166
92 177
92 141
92 120
92 92
92 93
92 94
93 131
93 164
93 165
93 166
93 177
93 155
93 150
93 93
94 166
94 140
94 110
94 141
94 158
94 151
94 143
94 94
95 129
95 115
95 102
95 113
95 104
95 145
95 174
95 175
95 146
95 144
95 119
95 95
96 96
96 153
96 121
96 106
97 128
97 97
97 98
97 103
97 107
97 173
97 178
97 123
98 98
98 153
98 116
99 99
99 113
99 157
99 148
99 138
99 156
100 161
100 100
100 135
100 136
100 172
100 111
100 118
100 120
100 121
100 122
100 126
101 164
101 101
101 134
101 142
101 105
101 148
101 152
101 116
102 102
102 113
102 145
102 104
102 146
103 128
103 103
103 107
103 173
103 176
103 178
103 132
103 123
104 129
104 130
104 145
104 144
104 174
104 175
104 104
104 146
105 105
105 172
105 157
105 147
105 116
105 148
105 134
106 144
106 167
106 106
106 119
106 108
106 109
106 112
106 168
106 114
106 115
106 117
107 128
107 107
107 173
107 176
107 178
107 123
107 139
107 132
108 168
108 108
108 109
108 111
108 112
108 114
108 117
108 158
108 159
109 168
109 109
109 111
109 112
109 114
109 117
109 151
109 121
110 158
110 137
110 151
110 110
110 112
110 159
111 169
111 171
111 112
111 114
111 117
111 111
112 167
112 168
112 139
112 112
112 114
112 117
112 151
112 158
112 159
113 133
113 113
113 145
113 146
113 163
113 127
114 161
114 114
114 117
114 169
115 144
115 162
115 167
115 168
115 115
115 119
115 124
116 134
116 172
116 147
116 116
116 118
116 148
116 154
117 161
117 117
117 169
118 134
118 168
118 172
118 147
118 118
118 120
118 155
118 126
119 144
119 168
119 167
119 119
120 133
120 135
120 136
120 170
120 172
120 142
120 120
120 122
120 126
121 135
121 136
121 121
121 153
121 122
122 163
122 135
122 136
122 170
122 180
122 122
122 126
122 127
123 128
123 173
123 142
123 176
123 178
123 123
123 139
123 132
124 129
124 130
124 167
124 144
124 174
124 175
124 148
124 124
124 125
125 130
125 129
125 167
125 142
125 175
125 178
125 174
125 125
126 134
126 135
126 136
126 172
126 126
127 163
127 133
127 170
127 135
127 136
127 127
128 128
128 132
128 173
128 142
128 176
128 178
129 129
129 130
129 145
129 174
129 175
129 142
130 130
130 174
130 175
130 142
131 131
131 132
131 165
131 166
131 176
131 177
131 164
131 155
132 132
132 173
132 142
132 176
133 163
133 164
133 133
133 135
133 136
133 170
134 134
134 172
134 147
134 148
134 154
134 155
135 163
135 135
135 136
135 169
135 170
136 163
136 136
136 170
137 139
137 137
137 158
137 151
137 159
138 160
138 156
138 138
138 154
138 157
139 161
139 139
140 171
140 169
140 140
140 141
140 143
140 180
140 150
140 158
140 159
141 171
141 158
141 169
141 141
141 143
141 180
141 149
141 150
141 159
142 176
142 142
142 149
143 169
143 171
143 143
143 158
143 159
143 151
144 144
144 167
144 168
144 174
144 148
144 175
145 145
145 146
146 165
146 146
146 180
147 148
147 172
147 147
148 152
148 148
149 150
149 169
149 180
149 171
149 149
150 164
150 165
150 171
150 180
150 150
151 151
151 158
151 153
151 159
152 152
153 155
153 153
153 159
154 154
155 164
155 165
155 177
155 155
156 157
156 156
157 162
157 157
158 161
158 158
158 159
159 159
160 160
161 161
161 176
162 162
162 167
163 170
163 163
164 165
164 164
164 166
164 177
165 165
165 166
165 177
166 166
166 177
167 167
167 168
167 174
167 175
168 174
168 168
169 171
169 180
169 169
170 170
171 171
171 180
172 172
173 173
173 176
173 178
174 174
174 175
175 175
176 176
176 178
177 177
178 178
179 179
180 180
