1 128
1 1
1 131
1 4
1 166
1 135
1 176
1 91
1 88
1 132
1 90
1 123
1 92
2 2
2 134
2 137
2 11
2 108
2 110
2 112
2 23
2 56
2 151
2 158
2 159
3 128
3 129
3 130
3 3
3 133
3 107
3 172
3 142
3 176
3 14
3 24
3 123
3 125
4 107
4 4
4 97
4 40
4 103
4 12
4 173
4 178
4 88
4 90
4 123
5 68
5 5
5 6
5 7
5 73
5 11
5 12
5 17
5 84
5 89
5 56
5 36
5 154
6 35
6 6
6 7
6 11
6 80
6 83
6 20
6 22
6 56
6 154
6 125
7 68
7 7
7 73
7 11
7 17
7 84
7 56
7 89
7 154
7 27
8 96
8 118
8 134
8 8
8 10
8 44
8 168
8 54
8 55
8 153
8 121
8 26
8 106
9 99
9 179
9 70
9 41
9 138
9 13
9 142
9 16
9 51
9 46
9 9
9 152
9 57
9 58
9 60
9 62
9 53
10 96
10 40
10 10
10 55
10 16
10 25
10 54
10 119
10 153
10 121
10 26
11 137
11 11
11 15
11 80
11 20
11 56
11 89
11 154
12 97
12 98
12 67
12 103
12 73
12 139
12 12
12 173
12 178
12 84
12 24
12 68
13 162
13 101
13 70
13 39
13 45
13 46
13 13
13 16
13 51
13 78
13 152
13 179
13 59
13 58
13 53
14 96
14 32
14 34
14 169
14 170
14 44
14 142
14 111
14 19
14 121
14 14
14 57
14 153
14 28
14 117
15 162
15 35
15 36
15 37
15 38
15 39
15 105
15 42
15 139
15 15
15 17
15 148
15 73
15 56
15 27
15 29
15 30
16 164
16 179
16 41
16 87
16 46
16 45
16 16
16 51
16 52
16 149
16 150
16 152
16 58
16 59
16 60
16 93
16 53
17 161
17 35
17 134
17 17
17 105
17 42
17 49
17 147
17 116
17 148
17 27
17 29
17 30
18 160
18 65
18 99
18 69
18 138
18 86
18 78
18 79
18 18
18 85
18 22
18 87
18 59
18 156
18 21
19 128
19 161
19 100
19 102
19 145
19 40
19 50
19 49
19 146
19 19
19 25
19 90
19 28
19 122
20 35
20 167
20 168
20 137
20 47
20 80
20 157
20 82
20 115
20 148
20 153
20 56
20 20
20 124
20 29
21 160
21 65
21 163
21 81
21 72
21 64
21 138
21 61
21 177
21 99
21 85
21 87
21 58
21 59
21 156
21 170
21 21
22 160
22 65
22 70
22 71
22 138
22 83
22 85
22 22
22 154
22 155
22 157
22 62
23 137
23 23
23 108
23 109
23 110
23 143
23 112
23 158
23 151
23 31
23 159
23 30
23 63
24 128
24 97
24 67
24 132
24 103
24 107
24 173
24 142
24 176
24 178
24 24
24 123
24 30
25 129
25 130
25 102
25 104
25 43
25 146
25 145
25 50
25 180
25 40
25 88
25 25
25 26
25 28
26 97
26 67
26 40
26 41
26 43
26 28
26 104
26 52
26 54
26 55
26 153
26 26
26 60
27 161
27 35
27 37
27 38
27 49
27 105
27 42
27 147
27 116
27 148
27 139
27 27
27 29
27 30
28 161
28 66
28 107
28 40
28 43
28 173
28 143
28 49
28 50
28 139
28 123
28 28
28 30
29 162
29 35
29 101
29 38
29 39
29 105
29 148
29 45
29 152
29 116
29 29
30 161
30 43
30 36
30 37
30 49
30 105
30 42
30 139
30 178
30 147
30 97
30 121
30 30
31 33
31 134
31 31
31 105
31 172
31 110
31 44
31 147
31 116
31 118
31 155
31 126
31 159
32 32
32 34
32 163
32 41
32 179
32 52
32 57
32 153
32 58
32 59
32 60
33 33
33 100
33 134
33 172
33 147
33 116
33 118
33 151
33 120
33 155
33 126
34 34
34 121
34 169
34 76
34 44
34 52
34 41
34 153
34 57
34 60
34 61
35 80
35 162
35 35
35 36
35 37
35 39
35 47
35 45
35 68
35 154
35 38
36 162
36 36
36 38
36 39
36 40
36 43
36 109
36 139
36 37
37 162
37 37
37 38
37 39
37 40
37 139
37 43
37 84
38 162
38 38
38 39
38 43
38 139
38 84
38 154
39 162
39 39
39 167
39 45
39 55
39 152
40 98
40 139
40 104
40 43
40 141
40 40
41 41
41 87
41 179
41 52
41 53
41 57
41 59
41 60
41 58
42 161
42 134
42 49
42 105
42 42
42 172
42 110
42 147
42 116
43 161
43 43
43 103
43 139
43 77
43 111
43 94
43 89
43 63
44 96
44 44
44 106
44 108
44 109
44 111
44 114
44 117
44 55
44 121
45 144
45 162
45 164
45 101
45 70
45 83
45 125
45 45
45 46
45 157
45 51
45 148
45 53
45 119
45 152
46 149
46 164
46 179
46 93
46 46
46 51
46 85
46 152
46 58
46 59
46 53
46 69
46 101
47 144
47 167
47 168
47 80
47 106
47 47
47 48
47 82
47 115
47 119
47 124
48 95
48 144
48 99
48 104
48 74
48 174
48 79
48 48
48 82
48 115
48 78
48 119
48 175
48 53
49 161
49 100
49 49
49 139
49 172
49 114
49 116
49 147
49 89
49 151
49 121
50 161
50 132
50 100
50 102
50 135
50 146
50 145
50 50
50 122
50 126
51 83
51 101
51 79
51 51
51 53
51 152
51 58
51 59
52 163
52 179
52 52
52 149
52 150
52 57
52 60
52 58
53 101
53 53
53 152
53 157
54 96
54 101
54 167
54 168
54 106
54 55
54 174
54 54
54 119
54 121
55 96
55 167
55 106
55 168
55 119
55 121
55 55
56 137
56 110
56 80
56 56
56 154
57 113
57 179
57 57
57 58
57 59
57 60
58 179
58 58
58 59
58 60
59 179
59 86
59 59
59 60
59 85
60 129
60 179
60 60
61 64
61 65
61 163
61 165
61 136
61 170
61 72
61 87
61 127
61 61
61 133
62 160
62 83
62 69
62 71
62 138
62 87
62 86
62 70
62 62
63 66
63 77
63 110
63 143
63 94
63 151
63 89
63 159
63 158
63 63
64 64
64 65
64 163
64 133
64 136
64 170
64 72
64 87
64 127
64 165
65 65
65 69
65 72
65 138
65 160
65 142
65 87
65 156
65 85
66 66
66 92
66 140
66 141
66 77
66 143
66 151
66 88
66 89
66 90
66 91
66 94
67 97
67 98
67 67
67 68
67 103
67 73
67 107
67 173
67 178
67 84
68 97
68 98
68 68
68 73
68 178
68 84
68 154
69 160
69 69
69 70
69 71
69 72
69 179
69 85
69 86
69 87
70 160
70 98
70 70
70 71
70 83
70 84
70 87
70 154
70 86
71 160
71 98
71 71
71 138
71 83
71 87
71 152
71 155
71 86
72 163
72 133
72 72
72 170
72 142
72 87
72 127
73 97
73 98
73 73
73 178
73 116
73 84
73 154
73 125
74 99
74 133
74 102
74 113
74 74
74 78
74 79
74 145
74 163
74 142
74 95
74 156
74 81
75 171
75 169
75 75
75 108
75 141
75 142
75 143
75 76
75 114
75 180
75 117
75 111
75 140
76 171
76 169
76 76
76 141
76 111
76 140
76 180
76 117
76 151
76 143
76 126
77 110
77 151
77 143
77 89
77 90
77 140
77 77
77 94
78 80
78 99
78 138
78 82
78 78
78 81
78 85
78 157
78 79
78 156
79 80
79 99
79 138
79 82
79 79
79 81
79 85
79 157
79 156
80 137
80 80
80 82
80 157
81 99
81 133
81 102
81 113
81 142
81 81
81 163
81 179
81 127
81 156
81 85
81 95
82 162
82 155
82 101
82 167
82 168
82 144
82 142
82 82
82 115
82 119
82 157
83 160
83 86
83 138
83 83
83 154
83 124
83 125
84 97
84 98
84 84
84 154
85 160
85 99
85 138
85 163
85 87
85 156
85 85
86 87
86 160
86 138
86 86
87 170
87 160
87 87
88 131
88 165
88 166
88 136
88 146
88 150
88 88
88 90
88 91
88 92
89 161
89 110
89 89
89 90
89 94
90 166
90 141
90 90
90 91
90 92
90 94
91 165
91 166
91 171
91 140
91 141
91 150
91 153
91 91
91 92
91 94
92 165
92 166
92 140
92 141
92 150
92 153
92 92
92 94
93 131
93 164
93 165
93 166
93 104
93 177
93 149
93 150
93 155
93 93
93 95
94 140
94 141
94 110
94 158
94 151
94 143
94 94
95 129
95 130
95 102
95 113
95 104
95 145
95 174
95 146
95 144
95 153
95 95
96 96
96 172
96 109
96 121
96 153
96 106
97 97
97 98
97 103
97 107
97 173
97 178
97 123
98 98
98 139
98 153
98 103
99 99
99 113
99 156
99 157
100 100
100 161
100 136
100 172
100 135
100 140
100 146
100 118
100 120
100 122
100 123
100 126
101 164
101 101
101 105
101 177
101 115
101 116
101 152
101 148
101 155
102 102
102 113
102 145
102 146
102 142
102 104
103 128
103 103
103 107
103 173
103 176
103 178
103 132
103 123
104 129
104 130
104 145
104 144
104 174
104 175
104 104
104 146
105 134
105 105
105 147
105 116
105 106
105 148
105 154
106 144
106 167
106 106
106 119
106 108
106 109
106 112
106 168
106 114
106 115
106 116
106 117
107 128
107 107
107 173
107 142
107 176
107 178
107 132
107 123
108 139
108 108
108 109
108 111
108 112
108 114
108 117
108 151
108 158
108 159
109 168
109 109
109 111
109 112
109 114
109 172
109 117
109 118
109 121
109 158
109 159
110 137
110 151
110 159
110 110
110 112
110 158
111 169
111 171
111 112
111 114
111 117
111 111
111 143
112 151
112 112
112 114
112 117
112 118
112 158
112 159
113 165
113 163
113 133
113 113
113 145
113 146
113 127
113 156
114 169
114 114
114 117
114 151
114 121
114 158
114 159
115 144
115 167
115 168
115 174
115 115
115 119
116 134
116 172
116 147
116 116
116 118
116 148
117 169
117 142
117 151
117 159
117 158
117 117
118 134
118 135
118 172
118 147
118 126
118 118
118 120
118 155
118 158
119 144
119 168
119 119
120 135
120 136
120 169
120 170
120 172
120 180
120 120
120 122
120 126
120 127
121 153
121 121
122 135
122 136
122 169
122 170
122 146
122 176
122 122
122 126
122 127
123 128
123 132
123 173
123 142
123 176
123 178
123 123
124 129
124 130
124 167
124 168
124 174
124 175
124 153
124 124
124 125
125 129
125 130
125 167
125 174
125 175
125 125
126 135
126 136
126 169
126 172
126 126
127 163
127 133
127 170
127 135
127 136
127 150
127 127
128 128
128 132
128 173
128 142
128 176
128 178
128 131
128 135
129 129
129 130
129 164
129 174
129 175
129 145
130 130
130 164
130 174
130 175
130 145
130 142
131 131
131 132
131 165
131 166
131 176
131 177
131 155
131 133
132 132
132 136
132 173
132 142
132 176
132 177
133 165
133 163
133 170
133 133
134 134
134 172
134 147
134 137
134 148
134 155
135 135
135 136
135 170
135 171
135 180
136 136
136 170
137 137
137 147
137 151
137 158
137 159
138 160
138 138
138 156
138 157
139 161
139 139
139 153
139 159
140 171
140 169
140 140
140 141
140 180
140 151
140 143
141 171
141 166
141 169
141 141
141 143
141 180
141 151
142 142
142 176
142 155
142 156
143 171
143 180
143 158
143 151
143 169
143 143
143 159
144 144
144 167
144 168
144 174
144 175
145 145
145 146
145 153
146 166
146 146
147 172
147 147
147 148
148 148
148 152
149 165
149 179
149 149
149 150
149 180
149 170
149 166
150 164
150 165
150 166
150 170
150 177
150 150
150 180
151 158
151 159
151 151
152 160
152 162
152 164
152 152
152 175
153 153
154 154
155 164
155 177
155 174
155 155
156 157
156 156
157 157
158 158
158 159
159 172
159 159
160 160
161 161
162 162
162 168
162 167
163 163
163 170
164 164
164 177
164 165
165 166
165 177
165 165
166 166
166 177
167 168
167 167
167 174
167 175
168 168
169 171
169 180
169 169
170 170
171 180
171 171
172 172
173 173
173 176
173 178
174 174
174 175
175 175
176 176
177 177
178 178
179 179
180 180
