1 128
1 1
1 131
1 4
1 166
1 103
1 107
1 173
1 176
1 91
1 35
1 88
1 132
1 90
1 123
1 92
2 112
2 2
2 20
2 158
2 23
2 56
2 137
2 151
2 159
2 110
2 15
3 129
3 130
3 3
3 36
3 40
3 43
3 142
3 175
3 149
3 118
3 124
3 125
4 162
4 67
4 4
4 97
4 103
4 12
4 173
4 178
4 107
4 132
4 90
4 123
5 68
5 5
5 6
5 7
5 73
5 11
5 172
5 12
5 84
5 89
5 154
5 70
5 62
6 6
6 7
6 11
6 80
6 83
6 116
6 22
6 56
6 89
6 154
6 124
6 62
7 84
7 17
7 68
7 7
7 73
7 154
7 11
7 12
7 89
8 96
8 33
8 167
8 8
8 44
8 10
8 172
8 174
8 168
8 54
8 55
8 26
8 106
9 16
9 101
9 41
9 45
9 46
9 13
9 48
9 51
9 52
9 53
9 86
9 9
9 152
9 57
9 179
9 60
10 96
10 164
10 177
10 104
10 10
10 119
10 174
10 53
10 54
10 55
10 25
10 26
11 137
11 11
11 110
11 80
11 116
11 89
11 56
11 20
11 154
12 97
12 98
12 67
12 73
12 103
12 12
12 17
12 178
12 84
12 24
12 68
13 101
13 29
13 13
13 46
13 45
13 16
13 51
13 148
13 53
13 152
13 156
13 125
14 96
14 32
14 34
14 41
14 57
14 44
14 14
14 50
14 19
14 52
14 117
14 153
14 121
15 97
15 35
15 17
15 37
15 38
15 39
15 137
15 42
15 139
15 162
15 110
15 15
15 49
15 27
15 29
15 30
16 101
16 72
16 46
16 45
16 16
16 51
16 180
16 149
16 152
16 52
16 95
16 53
17 98
17 17
17 105
17 42
17 49
17 147
17 148
17 116
17 27
17 29
17 30
18 160
18 65
18 99
18 72
18 64
18 138
18 61
18 78
18 79
18 18
18 163
18 85
18 87
18 57
18 156
18 170
18 21
19 161
19 100
19 102
19 145
19 50
19 49
19 146
19 19
19 25
19 122
19 28
20 167
20 168
20 137
20 78
20 79
20 80
20 82
20 115
20 20
20 105
20 56
20 47
20 157
21 160
21 65
21 99
21 72
21 64
21 138
21 78
21 79
21 157
21 170
21 85
21 87
21 152
21 57
21 156
21 61
21 21
22 160
22 33
22 179
22 71
22 138
22 86
22 80
22 83
22 22
22 87
22 154
22 70
22 62
22 69
23 35
23 137
23 42
23 151
23 108
23 109
23 110
23 143
23 112
23 114
23 23
23 158
23 159
24 128
24 97
24 67
24 68
24 103
24 107
24 173
24 142
24 176
24 59
24 178
24 24
24 123
25 129
25 130
25 102
25 104
25 43
25 146
25 145
25 50
25 40
25 25
25 26
25 28
25 93
26 129
26 54
26 40
26 43
26 28
26 26
26 104
26 93
27 97
27 139
27 49
27 161
27 42
27 39
27 109
27 112
27 147
27 116
27 105
27 27
27 29
27 30
28 161
28 43
28 36
28 166
28 40
28 169
28 139
28 146
28 50
28 28
28 30
29 147
29 101
29 105
29 42
29 45
29 80
29 51
29 148
29 152
29 116
29 154
29 29
29 30
30 161
30 35
30 100
30 37
30 38
30 49
30 42
30 139
30 123
30 30
30 43
30 94
31 33
31 164
31 101
31 134
31 172
31 47
31 177
31 118
31 155
31 157
31 126
31 31
32 32
32 34
32 104
32 41
32 87
32 179
32 180
32 57
32 153
32 52
32 58
32 59
32 60
33 33
33 147
33 101
33 134
33 172
33 83
33 116
33 155
33 118
33 126
34 34
34 41
34 170
34 44
34 130
34 146
34 180
34 57
34 121
34 153
34 52
34 60
35 96
35 162
35 35
35 36
35 37
35 38
35 39
35 42
35 43
35 112
35 139
35 151
36 162
36 36
36 37
36 38
36 39
36 40
36 43
36 143
36 139
36 121
36 90
37 162
37 37
37 38
37 39
37 40
37 43
37 108
37 114
37 139
37 94
38 162
38 38
38 39
38 43
38 77
38 139
38 94
39 162
39 39
39 103
39 107
39 173
39 59
39 179
39 58
40 129
40 130
40 40
40 43
40 142
40 104
40 139
40 155
40 165
41 70
41 41
41 74
41 179
41 52
41 153
41 57
41 58
41 59
41 60
41 125
42 161
42 49
42 42
42 103
42 147
42 139
42 158
42 89
42 159
43 131
43 43
43 76
43 142
43 139
43 63
44 96
44 44
44 106
44 108
44 109
44 111
44 112
44 49
44 114
44 117
44 55
44 121
45 144
45 86
45 101
45 105
45 119
45 45
45 46
45 79
45 51
45 148
45 53
45 54
45 152
45 124
45 69
46 101
46 46
46 174
46 51
46 52
46 53
46 152
46 148
46 149
47 48
47 167
47 168
47 106
47 47
47 144
47 82
47 115
47 119
47 157
48 79
48 48
48 99
48 167
48 104
48 74
48 174
48 78
48 175
48 144
48 81
48 82
48 115
48 113
48 168
48 124
48 95
49 128
49 161
49 66
49 100
49 49
49 139
49 94
50 161
50 131
50 100
50 102
50 135
50 136
50 50
50 145
50 146
50 122
51 144
51 179
51 51
51 148
51 53
51 152
51 58
51 59
51 60
51 157
51 62
52 129
52 64
52 57
52 113
52 52
52 180
52 127
52 60
52 61
52 149
53 101
53 71
53 79
53 116
53 53
53 152
53 175
53 138
54 96
54 167
54 168
54 106
54 119
54 174
54 144
54 54
54 55
54 121
55 96
55 167
55 119
55 109
55 144
55 168
55 148
55 55
55 121
55 106
56 80
56 147
56 89
56 56
56 137
56 154
56 110
57 95
57 133
57 57
57 175
57 81
57 179
57 180
57 153
57 58
57 59
57 60
57 85
58 162
58 68
58 179
58 157
58 154
58 59
58 60
58 58
59 162
59 73
59 179
59 59
59 60
59 157
60 65
60 180
60 179
60 70
60 174
60 153
60 60
61 64
61 65
61 163
61 133
61 72
61 170
61 127
61 155
61 61
61 85
62 70
62 71
62 138
62 83
62 87
62 86
62 154
62 62
62 69
63 100
63 169
63 171
63 140
63 141
63 143
63 76
63 75
63 117
63 111
63 63
64 64
64 65
64 163
64 72
64 170
64 85
64 127
65 65
65 69
65 72
65 156
65 138
65 160
65 170
65 87
65 85
66 66
66 166
66 139
66 140
66 77
66 143
66 141
66 151
66 88
66 89
66 90
66 91
66 92
66 94
67 97
67 98
67 67
67 103
67 73
67 107
67 173
67 178
67 84
67 68
67 123
67 126
68 97
68 98
68 68
68 73
68 178
68 84
69 160
69 69
69 70
69 71
69 138
69 83
69 87
69 86
70 70
70 71
70 73
70 87
70 86
70 83
70 84
70 105
70 154
71 160
71 86
71 71
71 83
71 148
71 87
71 154
72 163
72 72
72 170
72 85
72 127
73 73
73 178
73 84
73 154
73 125
74 95
74 99
74 102
74 113
74 74
74 78
74 145
74 163
74 127
74 156
74 81
75 161
75 171
75 108
75 75
75 76
75 141
75 143
75 114
75 117
75 169
75 111
75 140
76 149
76 169
76 171
76 140
76 141
76 111
76 76
76 180
76 117
76 150
76 143
77 77
77 110
77 143
77 158
77 151
77 88
77 89
77 90
77 91
77 94
77 159
78 99
78 138
78 82
78 78
78 79
78 81
78 179
78 157
78 156
78 85
79 80
79 99
79 138
79 81
79 82
79 179
79 115
79 79
79 156
79 157
79 85
80 80
80 157
80 137
80 154
81 99
81 113
81 81
81 163
81 85
81 127
81 156
81 170
81 95
82 144
82 99
82 168
82 82
82 115
82 119
82 148
82 157
83 160
83 138
83 86
83 175
83 83
83 154
83 124
83 125
84 97
84 98
84 179
84 84
84 154
84 125
85 99
85 138
85 160
85 157
85 163
85 127
85 156
85 85
86 160
86 138
86 86
86 87
87 138
87 160
87 87
87 152
88 165
88 166
88 88
88 120
88 90
88 91
88 92
88 93
88 94
89 90
89 89
89 94
90 166
90 90
90 91
90 92
90 94
91 164
91 165
91 166
91 120
91 150
91 91
91 92
91 93
91 94
92 164
92 165
92 166
92 141
92 120
92 150
92 92
92 93
92 94
93 131
93 164
93 165
93 166
93 177
93 145
93 102
93 155
93 149
93 150
93 93
94 140
94 158
94 141
94 94
94 151
94 143
94 166
95 145
95 102
95 104
95 129
95 174
95 113
95 146
95 144
95 95
96 96
96 119
96 109
96 114
96 147
96 121
96 106
97 128
97 97
97 98
97 103
97 107
97 173
97 176
97 178
97 123
97 126
98 98
98 103
98 107
98 173
98 153
98 121
98 123
99 99
99 101
99 157
99 156
99 138
100 161
100 100
100 135
100 136
100 172
100 141
100 176
100 126
100 120
100 122
101 101
101 134
101 142
101 147
101 116
101 118
101 105
101 152
101 148
101 175
101 156
102 136
102 113
102 102
102 135
102 104
102 146
102 145
102 149
102 122
103 128
103 107
103 173
103 176
103 178
103 123
103 103
103 132
104 129
104 130
104 145
104 174
104 175
104 104
104 146
105 116
105 105
105 172
105 147
105 152
105 148
105 134
106 144
106 134
106 167
106 106
106 119
106 108
106 109
106 112
106 168
106 114
106 115
106 116
107 128
107 107
107 173
107 176
107 178
107 123
107 132
108 108
108 109
108 111
108 112
108 114
108 117
108 158
108 159
109 168
109 109
109 111
109 112
109 114
109 117
109 158
109 159
110 137
110 110
110 112
110 151
110 158
110 159
111 161
111 171
111 111
111 112
111 114
111 117
111 169
112 151
112 112
112 114
112 158
112 159
113 163
113 133
113 113
113 145
113 146
113 127
113 170
114 114
114 117
114 121
114 158
114 159
115 144
115 167
115 168
115 115
115 119
115 153
116 134
116 172
116 147
116 116
116 118
116 148
117 139
117 169
117 117
117 121
118 134
118 172
118 147
118 118
118 120
118 155
118 126
119 168
119 119
119 144
119 121
119 155
120 133
120 166
120 135
120 136
120 171
120 172
120 176
120 120
120 122
120 126
120 127
121 153
121 121
122 133
122 135
122 136
122 171
122 146
122 145
122 122
122 126
123 128
123 173
123 176
123 123
123 132
124 129
124 130
124 167
124 168
124 142
124 175
124 174
124 124
124 125
125 129
125 130
125 167
125 142
125 175
125 174
125 125
126 134
126 136
126 140
126 135
126 172
126 141
126 178
126 126
127 163
127 133
127 135
127 170
127 136
127 127
128 128
128 131
128 132
128 161
128 173
128 176
129 129
129 130
129 174
129 175
129 142
130 130
130 174
130 175
130 180
130 142
131 131
131 132
131 165
131 166
131 176
131 177
131 164
131 155
132 162
132 173
132 176
132 177
132 155
132 132
133 136
133 163
133 133
133 170
133 135
134 134
134 172
134 147
134 148
134 154
135 136
135 135
135 166
136 136
136 170
136 180
137 137
137 172
137 162
137 151
137 158
137 159
138 160
138 156
138 138
138 157
139 161
139 162
139 176
139 139
140 169
140 171
140 140
140 141
140 143
140 151
141 171
141 166
141 169
141 141
141 143
141 151
142 142
142 175
143 161
143 171
143 158
143 169
143 143
143 151
143 159
144 144
144 167
144 168
144 174
145 145
145 146
145 180
145 150
146 165
146 146
147 172
147 147
147 148
148 168
148 167
148 172
148 152
148 148
149 169
149 171
149 149
149 150
149 180
150 171
150 164
150 166
150 150
150 165
151 151
151 158
151 159
152 160
152 152
153 179
153 167
153 153
154 154
155 165
155 177
155 163
155 164
155 155
156 157
156 156
157 157
158 158
158 159
159 159
160 160
161 161
162 162
163 163
163 170
164 164
164 165
164 166
164 177
165 165
165 166
165 177
166 166
166 177
167 167
167 174
167 168
167 175
168 174
168 168
169 171
169 169
169 180
170 170
171 171
171 180
172 172
173 173
173 176
173 178
174 175
174 174
175 175
176 177
176 176
177 177
178 178
179 179
180 180
