1 128
1 1
1 132
1 131
1 4
1 97
1 107
1 173
1 177
1 178
1 123
1 39
1 103
2 2
2 37
2 137
2 42
2 23
2 110
2 47
2 112
2 20
2 151
2 56
2 143
2 158
2 159
3 129
3 130
3 3
3 36
3 37
3 38
3 169
3 171
3 43
3 142
3 35
3 117
3 119
3 24
3 153
4 178
4 67
4 4
4 97
4 103
4 73
4 147
4 107
4 12
4 173
5 22
5 83
5 84
5 5
5 6
5 7
5 105
5 154
5 70
5 62
5 73
6 6
6 7
6 105
6 138
6 11
6 80
6 22
6 56
6 89
6 154
6 157
7 22
7 83
7 7
7 73
7 154
7 11
7 29
7 62
7 89
8 96
8 33
8 106
8 54
8 167
8 8
8 168
8 10
8 55
8 26
8 174
9 101
9 41
9 74
9 60
9 45
9 174
9 13
9 16
9 81
9 51
9 52
9 46
9 9
9 152
9 57
9 21
9 62
9 53
10 96
10 104
10 155
10 54
10 55
10 168
10 10
10 119
10 26
10 144
11 11
11 78
11 79
11 80
11 157
11 20
11 110
11 56
11 89
11 29
12 97
12 98
12 67
12 103
12 73
12 12
12 178
12 84
12 118
12 24
12 68
13 179
13 41
13 45
13 46
13 13
13 16
13 152
13 51
13 52
13 85
13 24
13 58
13 59
13 60
13 53
14 32
14 96
14 34
14 52
14 117
14 121
14 57
14 14
14 44
14 98
14 169
15 162
15 35
15 36
15 37
15 38
15 39
15 137
15 42
15 139
15 15
15 49
15 17
15 27
15 29
15 30
16 104
16 46
16 45
16 16
16 51
16 180
16 149
16 150
16 152
16 52
17 17
17 137
17 42
17 49
17 147
17 148
17 89
17 105
17 116
17 27
17 29
17 30
18 160
18 65
18 163
18 72
18 64
18 138
18 61
18 81
18 18
18 179
18 85
18 22
18 87
18 127
18 156
18 170
18 21
19 34
19 145
19 50
19 19
19 100
19 102
19 161
19 25
19 122
19 28
19 146
20 144
20 167
20 168
20 137
20 162
20 110
20 79
20 80
20 82
20 115
20 20
20 56
20 47
20 157
21 160
21 65
21 99
21 64
21 72
21 138
21 78
21 61
21 81
21 85
21 22
21 59
21 156
21 170
21 21
22 160
22 65
22 83
22 138
22 71
22 51
22 22
22 154
22 86
22 62
22 85
23 134
23 137
23 151
23 108
23 109
23 110
23 143
23 112
23 23
23 158
23 159
24 128
24 97
24 67
24 68
24 103
24 105
24 107
24 142
24 173
24 176
24 178
24 24
24 132
24 123
24 125
25 129
25 130
25 102
25 104
25 146
25 145
25 50
25 40
25 25
25 26
25 155
25 28
26 129
26 149
26 54
26 40
26 43
26 28
26 26
26 104
27 30
27 161
27 49
27 105
27 42
27 139
27 109
27 147
27 116
27 94
27 27
27 29
27 158
28 129
28 130
28 43
28 165
28 161
28 40
28 139
28 49
28 50
28 28
28 93
28 30
29 101
29 49
29 168
29 105
29 42
29 45
29 80
29 82
29 51
29 116
29 53
29 152
29 148
29 29
30 161
30 35
30 37
30 49
30 42
30 43
30 91
30 139
30 92
30 30
30 63
31 32
31 33
31 131
31 164
31 134
31 167
31 41
31 138
31 172
31 109
31 177
31 108
31 179
31 155
31 118
31 57
31 58
31 59
31 60
31 126
31 31
32 32
32 34
32 41
32 145
32 179
32 180
32 57
32 153
32 52
32 58
32 59
32 60
32 120
33 33
33 130
33 134
33 172
33 34
33 177
33 147
33 118
33 151
33 120
33 155
33 124
33 126
34 34
34 180
34 169
34 50
34 52
34 57
34 41
34 153
34 121
34 122
34 60
35 162
35 36
35 37
35 38
35 39
35 137
35 42
35 139
35 66
35 142
35 43
35 35
35 94
35 106
36 162
36 36
36 37
36 38
36 39
36 40
36 139
36 142
36 43
36 88
36 91
36 166
37 37
37 38
37 39
37 40
37 137
37 43
37 162
37 77
37 139
37 119
38 162
38 38
38 39
38 42
38 43
38 77
38 142
38 139
39 162
39 133
39 39
39 144
39 51
39 58
39 59
40 139
40 129
40 130
40 164
40 40
40 43
41 160
41 163
41 132
41 41
41 59
41 179
41 52
41 153
41 57
41 58
41 127
41 60
42 161
42 49
42 105
42 42
42 139
42 147
42 116
43 130
43 139
43 142
43 43
43 165
44 96
44 169
44 75
44 172
44 109
44 111
44 112
44 108
44 114
44 117
44 55
44 121
44 44
45 83
45 101
45 105
45 45
45 46
45 51
45 148
45 53
45 152
46 101
46 46
46 51
46 52
46 149
46 152
46 61
46 53
47 105
47 167
47 168
47 137
47 106
47 162
47 110
47 47
47 144
47 82
47 115
47 119
48 48
48 99
48 167
48 168
48 74
48 78
48 79
48 144
48 81
48 82
48 51
48 174
48 115
48 157
48 95
49 96
49 161
49 49
49 139
49 114
49 147
49 116
49 90
50 145
50 100
50 102
50 161
50 122
50 50
50 146
51 123
51 99
51 51
51 178
51 179
51 148
51 53
51 73
51 152
51 58
51 59
52 129
52 57
52 98
52 179
52 52
52 180
52 60
52 126
52 149
53 68
53 101
53 78
53 79
53 148
53 152
53 154
53 124
53 53
54 96
54 167
54 168
54 106
54 174
54 144
54 148
54 54
54 55
55 96
55 167
55 168
55 105
55 109
55 144
55 55
55 106
56 137
56 162
56 110
56 77
56 80
56 56
56 89
56 157
57 64
57 102
57 72
57 170
57 104
57 179
57 57
57 153
57 58
57 59
57 60
57 61
58 162
58 59
58 179
58 85
58 153
58 58
58 95
58 60
59 162
59 179
59 59
59 60
59 154
60 128
60 67
60 69
60 70
60 71
60 86
60 87
60 153
60 97
60 103
60 107
60 173
60 175
60 176
60 179
60 123
60 60
61 160
61 64
61 163
61 136
61 170
61 72
61 127
61 61
61 85
62 160
62 69
62 70
62 71
62 73
62 83
62 87
62 154
62 86
62 62
63 171
63 140
63 75
63 108
63 141
63 143
63 76
63 114
63 117
63 169
63 111
63 158
63 63
64 64
64 160
64 163
64 72
64 170
64 127
64 85
65 65
65 99
65 138
65 78
65 156
65 157
65 85
65 101
66 66
66 166
66 172
66 77
66 110
66 143
66 118
66 151
66 88
66 89
66 90
66 91
66 92
66 94
67 128
67 97
67 98
67 67
67 103
67 107
67 173
67 176
67 178
67 84
67 68
67 123
68 97
68 98
68 68
68 70
68 103
68 73
68 178
68 84
68 125
69 160
69 69
69 70
69 71
69 138
69 83
69 86
69 87
69 152
69 154
70 70
70 71
70 73
70 175
70 83
70 84
70 86
70 87
70 154
71 160
71 86
71 71
71 83
71 84
71 87
71 154
72 160
72 163
72 72
72 170
72 87
72 85
72 127
73 83
73 73
73 175
73 84
73 154
73 124
73 125
74 144
74 99
74 102
74 113
74 74
74 78
74 79
74 81
74 156
74 157
74 95
75 171
75 169
75 75
75 108
75 141
75 111
75 76
75 114
75 172
75 180
75 149
75 150
75 140
75 117
76 149
76 161
76 171
76 169
76 140
76 141
76 142
76 111
76 76
76 180
76 117
76 150
76 143
77 77
77 110
77 151
77 88
77 89
77 90
77 91
77 92
77 94
77 166
78 99
78 80
78 78
78 79
78 81
78 157
78 95
78 156
78 138
78 85
79 80
79 99
79 79
79 81
79 82
79 115
79 157
79 156
79 138
80 99
80 110
80 80
80 157
80 89
81 99
81 113
81 81
81 163
81 127
81 156
81 85
81 95
82 144
82 168
82 137
82 157
82 82
82 115
82 119
83 160
83 83
83 138
83 175
83 179
83 87
83 86
83 154
83 124
84 97
84 98
84 178
84 84
84 148
84 124
84 125
85 99
85 113
85 138
85 160
85 163
85 170
85 127
85 156
85 85
86 160
86 86
86 87
86 154
86 101
87 160
87 138
87 87
88 164
88 165
88 166
88 88
88 90
88 91
88 92
88 93
88 94
89 110
89 89
89 90
89 94
90 165
90 166
90 151
90 90
90 91
90 92
90 93
90 94
91 165
91 166
91 139
91 140
91 141
91 94
91 164
91 91
91 92
91 93
92 164
92 165
92 166
92 140
92 141
92 94
92 92
92 93
93 131
93 164
93 165
93 166
93 135
93 136
93 177
93 150
93 93
94 166
94 110
94 143
94 94
94 151
94 158
94 159
95 99
95 102
95 113
95 145
95 174
95 146
95 104
95 95
96 96
96 134
96 119
96 109
96 114
96 117
96 121
96 106
97 128
97 98
97 97
97 103
97 173
97 176
97 178
97 107
97 123
97 132
98 98
98 103
98 107
98 173
98 153
98 123
99 99
99 113
99 156
99 157
100 161
100 100
100 134
100 135
100 136
100 172
100 146
100 180
100 147
100 120
100 122
101 101
101 134
101 148
101 105
101 152
101 116
101 156
101 125
102 136
102 113
102 102
102 135
102 104
102 146
102 145
102 122
102 127
103 128
103 107
103 173
103 176
103 178
103 123
103 103
103 132
104 129
104 104
104 174
104 175
104 145
104 146
104 124
105 168
105 105
105 147
105 116
105 148
105 134
106 144
106 167
106 168
106 106
106 119
106 108
106 109
106 112
106 114
106 115
107 128
107 107
107 173
107 176
107 178
107 123
107 116
107 132
108 119
108 108
108 109
108 111
108 112
108 114
108 117
108 159
108 158
109 134
109 119
109 109
109 111
109 112
109 114
109 117
109 159
109 158
110 116
110 112
110 167
110 137
110 110
110 158
110 151
110 159
111 171
111 140
111 169
111 141
111 111
111 114
111 172
111 117
111 121
112 168
112 137
112 151
112 143
112 112
112 114
112 147
112 158
112 159
113 133
113 113
113 145
113 146
113 163
113 179
113 127
113 156
113 170
114 169
114 114
114 117
114 121
114 159
114 158
115 144
115 167
115 168
115 115
115 119
115 148
116 134
116 172
116 147
116 116
116 148
117 171
117 117
117 169
117 121
118 172
118 134
118 135
118 140
118 141
118 147
118 180
118 118
118 120
118 155
118 126
119 168
119 144
119 119
119 121
120 133
120 135
120 136
120 170
120 172
120 142
120 120
120 122
120 127
120 126
120 165
121 121
121 172
121 169
122 133
122 135
122 136
122 170
122 146
122 145
122 122
122 126
122 127
123 123
123 132
123 128
123 173
123 176
123 178
123 131
124 130
124 129
124 174
124 175
124 178
124 154
124 124
124 125
125 129
125 130
125 174
125 175
125 178
125 125
126 128
126 133
126 134
126 135
126 136
126 172
126 126
127 163
127 133
127 170
127 135
127 136
127 127
128 128
128 132
128 173
128 142
128 176
128 131
129 129
129 130
129 174
129 175
130 130
130 142
130 175
130 149
131 131
131 132
131 165
131 139
131 176
131 177
131 155
131 164
132 132
132 173
132 176
132 177
132 155
133 163
133 133
133 136
133 170
133 135
133 152
133 153
134 155
134 134
134 172
134 147
134 159
135 163
135 135
135 136
135 170
135 172
136 163
136 136
136 170
137 137
137 151
137 158
137 159
138 160
138 138
138 154
138 156
138 157
139 161
139 143
139 139
140 171
140 150
140 169
140 140
140 141
140 159
140 143
140 158
141 171
141 150
141 169
141 141
141 159
141 143
141 158
142 142
142 176
142 150
143 151
143 158
143 143
143 172
143 171
143 159
144 144
144 168
144 174
144 167
145 145
145 146
145 174
146 164
146 177
146 146
147 148
147 172
147 147
147 159
148 148
148 157
148 152
148 154
149 169
149 171
149 180
149 149
149 150
150 171
150 164
150 165
150 169
150 180
150 150
151 151
151 158
151 159
152 152
153 164
153 179
153 153
154 154
155 162
155 172
155 164
155 177
155 155
156 157
156 156
157 157
158 159
158 158
159 159
160 160
161 161
162 162
162 179
163 163
163 170
164 164
164 165
164 166
164 177
165 165
165 166
165 177
166 166
167 167
167 168
167 174
167 175
168 168
169 171
169 180
169 169
170 170
171 171
171 180
172 172
173 173
173 176
173 178
174 174
174 175
175 175
176 176
176 177
177 177
178 178
179 179
180 180
