1 128
1 1
1 132
1 131
1 4
1 103
1 42
1 107
1 173
1 15
1 176
1 178
1 88
1 39
1 90
1 123
2 2
2 15
2 137
2 151
2 110
2 47
2 112
2 20
2 118
2 23
2 153
2 143
2 158
2 159
3 129
3 130
3 3
3 134
3 103
3 169
3 107
3 173
3 142
3 117
3 150
3 24
3 123
3 125
4 123
4 178
4 67
4 4
4 97
4 103
4 17
4 107
4 12
4 173
5 83
5 68
5 179
5 6
5 7
5 73
5 12
5 51
5 84
5 53
5 22
5 89
5 154
5 134
5 5
6 33
6 6
6 7
6 11
6 80
6 83
6 148
6 22
6 56
6 89
6 154
6 124
6 157
7 68
7 83
7 84
7 7
7 73
7 58
7 12
7 154
7 89
8 96
8 17
8 106
8 54
8 55
8 8
8 121
8 10
8 168
8 44
8 26
9 41
9 13
9 46
9 45
9 16
9 51
9 52
9 53
9 9
9 152
9 57
9 58
9 79
9 60
10 96
10 10
10 101
10 54
10 55
10 121
10 26
10 119
10 44
10 106
11 33
11 105
11 11
11 110
11 79
11 80
11 20
11 137
11 56
11 89
11 157
12 68
12 97
12 98
12 67
12 73
12 103
12 12
12 178
12 84
12 53
12 24
12 57
13 58
13 101
13 78
13 45
13 46
13 13
13 16
13 29
13 51
13 52
13 53
13 152
13 179
13 59
13 124
13 154
14 96
14 32
14 34
14 121
14 41
14 87
14 44
14 14
14 52
14 153
14 57
14 60
15 35
15 17
15 37
15 38
15 39
15 42
15 139
15 162
15 15
15 49
15 27
15 29
15 30
16 69
16 104
16 46
16 45
16 16
16 18
16 51
16 180
16 149
16 150
16 152
16 52
16 86
16 53
17 161
17 17
17 105
17 42
17 39
17 110
17 49
17 147
17 116
17 89
17 137
17 148
17 27
17 29
17 30
18 160
18 65
18 163
18 69
18 72
18 64
18 138
18 61
18 18
18 85
18 22
18 87
18 156
18 170
18 21
19 161
19 131
19 100
19 102
19 50
19 145
19 146
19 19
19 25
19 122
19 28
19 30
20 48
20 167
20 137
20 144
20 78
20 79
20 80
20 82
20 115
20 148
20 56
20 20
20 47
20 157
21 32
21 65
21 163
21 72
21 64
21 138
21 160
21 61
21 81
21 99
21 85
21 22
21 87
21 127
21 156
21 170
21 21
22 160
22 65
22 86
22 71
22 138
22 62
22 101
22 83
22 85
22 22
22 152
22 154
22 60
22 69
23 35
23 137
23 42
23 151
23 108
23 109
23 110
23 143
23 112
23 140
23 23
23 159
23 158
23 63
24 32
24 97
24 67
24 68
24 103
24 128
24 107
24 173
24 142
24 176
24 178
24 147
24 24
24 132
24 123
24 125
25 129
25 130
25 164
25 102
25 104
25 43
25 146
25 145
25 50
25 149
25 40
25 25
25 26
25 28
26 104
26 179
26 40
26 54
26 55
26 43
26 26
26 174
27 161
27 35
27 132
27 49
27 105
27 42
27 139
27 109
27 77
27 112
27 147
27 148
27 30
27 27
27 29
27 158
28 161
28 130
28 43
28 36
28 165
28 40
28 139
28 146
28 50
28 28
28 30
29 45
29 147
29 101
29 49
29 105
29 42
29 103
29 51
29 116
29 148
29 39
29 152
29 29
29 30
30 161
30 35
30 37
30 38
30 49
30 42
30 139
30 143
30 90
30 30
30 63
31 160
31 33
31 131
31 164
31 134
31 138
31 172
31 177
31 118
31 87
31 155
31 126
31 31
32 32
32 65
32 34
32 102
32 97
32 41
32 103
32 145
32 179
32 52
32 57
32 153
32 58
32 59
32 60
32 85
33 33
33 130
33 134
33 137
33 172
33 44
33 177
33 147
33 108
33 56
33 120
33 155
33 118
33 126
34 96
34 34
34 163
34 121
34 70
34 71
34 41
34 44
34 52
34 153
34 57
34 60
34 127
35 162
35 35
35 36
35 37
35 38
35 39
35 42
35 151
35 66
35 131
35 94
36 162
36 36
36 37
36 38
36 39
36 40
36 43
36 140
36 141
36 111
36 139
36 117
36 166
37 162
37 37
37 38
37 39
37 43
37 108
37 114
37 139
37 90
38 162
38 38
38 39
38 43
38 139
38 90
38 155
39 162
39 39
39 42
39 59
40 129
40 130
40 139
40 153
40 40
40 43
40 104
41 133
41 104
41 60
41 176
41 81
41 179
41 52
41 57
41 73
41 41
41 153
41 154
41 59
41 156
41 58
42 162
42 49
42 161
42 105
42 42
42 77
42 147
42 116
42 159
43 129
43 130
43 139
43 43
43 177
43 93
44 96
44 44
44 108
44 109
44 111
44 114
44 117
44 54
44 55
44 121
44 106
45 68
45 101
45 105
45 45
45 46
45 51
45 148
45 53
45 152
45 154
46 65
46 101
46 70
46 46
46 51
46 52
46 149
46 152
46 95
46 62
46 53
47 144
47 167
47 168
47 137
47 106
47 47
47 48
47 82
47 115
47 148
47 119
48 144
48 99
48 167
48 168
48 74
48 78
48 48
48 104
48 82
48 115
48 174
48 152
48 175
48 95
49 96
49 161
49 100
49 49
49 139
49 114
50 145
50 50
50 100
50 165
50 102
50 161
50 122
50 146
51 58
51 51
51 53
51 152
51 179
51 59
52 129
52 57
52 179
52 52
52 86
52 180
52 60
52 53
52 149
53 97
53 67
53 174
53 152
53 53
53 101
54 96
54 167
54 106
54 119
54 109
54 168
54 148
54 54
54 55
54 121
55 96
55 167
55 105
55 106
55 119
55 109
55 168
55 55
55 121
56 137
56 77
56 110
56 79
56 80
56 56
56 89
56 157
57 59
57 179
57 138
57 107
57 173
57 113
57 83
57 180
57 57
57 153
57 58
57 123
57 60
58 162
58 179
58 78
58 79
58 58
58 59
58 60
59 162
59 79
59 179
59 59
59 60
60 128
60 176
60 179
60 153
60 60
61 64
61 65
61 163
61 164
61 136
61 170
61 72
61 87
61 61
61 127
62 160
62 86
62 70
62 71
62 138
62 83
62 87
62 154
62 62
62 69
63 112
63 159
63 75
63 158
63 151
63 143
63 140
63 141
63 63
64 64
64 65
64 163
64 164
64 136
64 170
64 72
64 87
64 127
65 163
65 65
65 72
65 138
65 160
65 170
65 87
65 156
65 85
66 66
66 166
66 77
66 110
66 151
66 88
66 89
66 90
66 91
66 92
66 94
67 84
67 97
67 98
67 67
67 103
67 73
67 128
67 107
67 173
67 178
67 116
67 68
67 123
68 97
68 98
68 68
68 73
68 103
68 178
68 84
69 160
69 69
69 87
69 138
69 71
69 70
69 86
70 160
70 70
70 71
70 98
70 83
70 84
70 86
70 87
70 154
71 160
71 86
71 71
71 98
71 83
71 87
71 154
72 163
72 87
72 72
72 170
72 155
72 127
73 73
73 178
73 83
73 84
73 118
73 154
73 124
73 125
74 99
74 102
74 113
74 74
74 78
74 79
74 145
74 95
74 155
74 156
74 157
74 81
75 139
75 169
75 171
75 75
75 76
75 109
75 143
75 141
75 108
75 114
75 180
75 117
75 111
75 140
76 171
76 169
76 76
76 141
76 143
76 114
76 180
76 117
76 150
76 111
76 140
76 126
76 149
77 91
77 166
77 77
77 110
77 151
77 88
77 89
77 90
77 92
77 94
78 80
78 99
78 78
78 79
78 81
78 85
78 156
78 157
79 99
79 79
79 80
79 81
79 82
79 85
79 156
79 157
80 80
80 99
80 137
80 148
80 157
81 99
81 102
81 113
81 127
81 81
81 85
81 95
81 156
81 157
82 144
82 168
82 137
82 82
82 115
82 119
82 153
82 157
83 160
83 138
83 86
83 175
83 124
83 83
83 154
83 125
84 97
84 98
84 178
84 84
84 118
84 148
84 134
85 99
85 138
85 160
85 163
85 127
85 156
85 85
86 160
86 138
86 87
86 86
87 138
87 160
87 87
88 131
88 164
88 165
88 166
88 177
88 120
88 88
88 90
88 91
88 92
88 93
88 94
89 89
89 90
89 94
90 92
90 94
90 90
90 91
90 165
90 166
91 100
91 165
91 166
91 141
91 120
91 91
91 92
91 93
91 94
92 164
92 165
92 166
92 141
92 120
92 92
92 93
92 94
93 131
93 164
93 165
93 166
93 177
93 146
93 155
93 150
93 93
94 166
94 110
94 143
94 151
94 94
95 144
95 99
95 102
95 113
95 145
95 174
95 146
95 115
95 104
95 95
96 96
96 119
96 109
96 117
96 153
96 121
97 97
97 98
97 103
97 128
97 107
97 173
97 176
97 178
97 123
98 98
98 134
98 103
98 173
98 119
98 153
99 99
99 113
99 179
99 156
99 157
100 161
100 100
100 135
100 136
100 172
100 147
100 120
100 121
100 122
100 126
101 147
101 101
101 134
101 105
101 144
101 157
101 115
101 148
101 152
101 116
101 175
102 102
102 113
102 145
102 146
102 104
103 107
103 128
103 103
103 173
103 142
103 176
103 178
103 123
103 132
104 130
104 145
104 129
104 104
104 174
104 175
104 146
104 124
105 134
105 105
105 172
105 147
105 116
105 148
106 144
106 162
106 167
106 106
106 119
106 108
106 109
106 112
106 168
106 114
106 115
107 123
107 132
107 128
107 107
107 173
107 142
107 176
107 178
108 108
108 109
108 111
108 112
108 114
108 117
108 169
108 158
108 159
109 168
109 109
109 111
109 112
109 114
109 117
110 137
110 172
110 162
110 110
110 112
110 158
110 151
110 159
111 171
111 169
111 112
111 114
111 117
111 111
112 167
112 168
112 151
112 112
112 114
112 117
112 159
112 158
113 163
113 133
113 113
113 145
113 177
113 146
113 127
113 156
114 169
114 114
114 117
115 144
115 167
115 168
115 115
115 119
116 134
116 172
116 147
116 148
116 118
116 116
117 171
117 117
117 169
117 121
118 134
118 135
118 172
118 147
118 118
118 120
118 155
118 125
118 126
119 168
119 119
119 144
120 133
120 134
120 135
120 136
120 171
120 172
120 176
120 120
120 180
120 122
120 126
121 121
121 153
121 170
122 163
122 133
122 135
122 136
122 170
122 180
122 122
122 127
123 123
123 132
123 128
123 173
123 142
123 176
123 178
124 129
124 130
124 167
124 174
124 175
124 124
124 125
125 129
125 130
125 174
125 175
125 178
125 125
126 133
126 134
126 135
126 136
126 172
126 178
126 126
127 163
127 133
127 170
127 135
127 136
127 127
128 128
128 132
128 173
128 142
128 176
128 131
129 129
129 130
129 174
129 175
130 130
130 142
130 175
130 149
131 131
131 132
131 165
131 176
131 177
131 164
131 155
132 132
132 173
132 177
132 178
132 155
132 176
133 163
133 133
133 135
133 136
133 170
133 165
134 134
134 148
134 172
134 147
135 163
135 135
135 136
135 170
135 180
136 163
136 136
136 170
136 180
137 137
137 151
137 158
137 159
138 160
138 156
138 138
138 154
139 161
139 140
139 139
140 171
140 169
140 140
140 141
140 143
140 150
140 159
140 151
140 158
141 161
141 171
141 169
141 141
141 143
141 150
141 151
141 159
141 158
142 176
142 169
142 173
142 142
143 171
143 143
143 159
143 151
143 158
144 144
144 167
144 168
144 174
145 145
145 146
146 146
147 172
147 178
147 147
147 148
148 148
148 167
148 168
148 152
149 169
149 171
149 180
149 149
149 150
149 152
150 164
150 165
150 169
150 171
150 180
150 150
151 151
151 158
151 159
152 152
153 153
154 154
155 165
155 177
155 164
155 155
156 157
156 156
157 157
158 159
158 158
159 159
160 160
161 161
162 162
163 170
163 163
164 164
164 165
164 166
164 177
165 166
165 177
165 165
166 166
166 177
167 167
167 168
167 174
167 175
168 174
168 168
169 171
169 180
169 169
170 170
171 171
171 180
172 172
173 173
173 176
173 178
174 174
174 175
175 175
176 176
177 177
178 178
179 179
180 180
