1 128
1 1
1 131
1 132
1 100
1 40
1 107
1 173
1 176
1 88
1 4
1 90
1 123
1 126
2 2
2 137
2 23
2 108
2 110
2 47
2 112
2 20
2 158
2 151
2 159
2 30
2 63
3 96
3 129
3 130
3 3
3 123
3 24
3 128
3 107
3 125
3 142
3 173
4 128
4 132
4 4
4 103
4 161
4 107
4 12
4 173
4 178
4 89
4 123
5 67
5 68
5 5
5 6
5 7
5 73
5 11
5 12
5 15
5 35
5 84
5 154
6 6
6 7
6 11
6 79
6 80
6 83
6 22
6 56
6 154
6 38
6 124
6 157
6 37
7 68
7 7
7 73
7 11
7 12
7 15
7 84
7 56
7 36
7 154
8 96
8 168
8 121
8 106
8 54
8 55
8 8
8 105
8 10
8 44
8 26
9 32
9 83
9 179
9 41
9 13
9 46
9 16
9 51
9 52
9 53
9 9
9 152
9 57
9 60
10 96
10 10
10 55
10 44
10 45
10 177
10 54
10 119
10 153
10 121
10 26
10 104
11 80
11 20
11 56
11 137
11 11
11 36
11 157
11 89
12 84
12 97
12 98
12 67
12 73
12 103
12 12
12 15
12 178
12 116
12 24
12 68
13 162
13 101
13 39
13 83
13 13
13 45
13 46
13 175
13 16
13 51
13 53
13 22
13 152
13 58
13 59
13 29
14 96
14 32
14 34
14 169
14 14
14 44
14 142
14 50
14 52
14 57
14 153
14 121
14 60
14 127
15 139
15 15
15 17
15 148
15 24
15 27
15 29
15 30
15 97
15 162
15 35
15 36
15 37
15 38
15 39
15 105
15 42
15 55
15 20
16 164
16 179
16 104
16 41
16 46
16 45
16 16
16 51
16 52
16 149
16 150
16 152
16 58
16 59
16 69
17 161
17 35
17 134
17 17
17 105
17 42
17 139
17 49
17 178
17 147
17 116
17 148
17 27
17 29
17 30
18 160
18 65
18 163
18 69
18 71
18 72
18 41
18 138
18 86
18 81
18 18
18 83
18 85
18 22
18 87
18 156
18 61
18 21
19 161
19 100
19 102
19 145
19 40
19 169
19 171
19 50
19 49
19 146
19 19
19 25
19 122
19 28
20 167
20 137
20 47
20 80
20 82
20 115
20 20
20 105
20 56
20 157
21 160
21 65
21 163
21 69
21 133
21 72
21 64
21 138
21 21
21 46
21 61
21 81
21 179
21 85
21 22
21 87
21 156
21 170
21 127
22 160
22 65
22 99
22 70
22 138
22 78
22 83
22 22
22 154
22 156
22 157
22 62
22 85
23 33
23 137
23 23
23 108
23 110
23 143
23 112
23 151
23 159
23 158
23 63
24 128
24 97
24 67
24 132
24 103
24 107
24 173
24 142
24 176
24 27
24 178
24 118
24 24
24 123
25 129
25 130
25 131
25 102
25 104
25 43
25 146
25 145
25 50
25 40
25 153
25 25
25 26
25 28
26 128
26 132
26 166
26 104
26 43
26 176
26 40
26 54
26 55
26 26
26 28
27 161
27 35
27 37
27 38
27 49
27 105
27 42
27 139
27 147
27 116
27 148
27 27
27 29
27 30
28 161
28 75
28 132
28 40
28 43
28 143
28 49
28 50
28 139
28 28
28 30
29 162
29 35
29 101
29 38
29 39
29 105
29 45
29 82
29 51
29 116
29 152
29 148
29 154
29 29
29 37
30 161
30 107
30 36
30 49
30 40
30 105
30 42
30 139
30 173
30 110
30 147
30 43
30 30
31 84
31 33
31 147
31 116
31 118
31 134
31 105
31 155
31 172
31 126
31 31
32 32
32 129
32 34
32 102
32 41
32 179
32 52
32 86
32 57
32 58
32 59
32 60
33 33
33 155
33 100
33 134
33 161
33 172
33 109
33 112
33 147
33 116
33 126
33 118
33 158
33 159
34 96
34 34
34 163
34 41
34 44
34 130
34 146
34 52
34 57
34 87
34 153
34 121
34 60
34 169
35 162
35 35
35 36
35 38
35 39
35 115
35 119
35 37
36 162
36 36
36 37
36 38
36 40
36 106
36 39
36 43
36 178
36 139
37 162
37 37
37 39
37 43
37 139
37 38
38 162
38 39
38 43
38 82
38 139
38 38
39 162
39 39
39 45
39 144
39 84
39 152
39 79
39 124
40 43
40 161
40 40
40 139
40 140
40 141
41 41
41 179
41 52
41 53
41 57
41 58
41 59
41 60
41 62
42 161
42 123
42 134
42 49
42 137
42 42
42 172
42 147
42 116
42 105
43 161
43 66
43 43
43 139
43 94
43 132
44 96
44 100
44 108
44 44
44 109
44 111
44 114
44 117
44 54
44 55
44 121
44 106
45 162
45 99
45 164
45 101
45 83
45 125
45 45
45 46
45 51
45 148
45 152
46 51
46 164
46 101
46 74
46 46
46 81
46 179
46 150
46 152
46 58
46 59
46 53
46 149
47 48
47 105
47 167
47 168
47 137
47 106
47 47
47 144
47 82
47 115
47 119
47 124
48 48
48 99
48 167
48 104
48 74
48 175
48 174
48 79
48 144
48 82
48 115
48 155
48 78
48 119
48 124
48 95
49 161
49 100
49 49
49 172
49 77
49 109
49 176
49 116
49 147
49 151
49 63
50 130
50 100
50 102
50 113
50 136
50 146
50 145
50 50
50 122
51 162
51 101
51 78
51 174
51 51
51 152
51 59
51 125
51 53
52 129
52 87
52 98
52 179
52 52
52 149
52 150
52 57
52 58
52 59
52 60
52 53
53 101
53 53
53 152
53 153
53 60
53 157
54 96
54 134
54 167
54 168
54 106
54 55
54 54
54 119
54 121
55 96
55 167
55 106
55 119
55 168
55 147
55 55
55 121
56 80
56 56
56 116
56 137
56 157
56 110
56 89
57 179
57 86
57 57
57 58
57 59
57 60
58 160
58 179
58 85
58 58
58 59
58 60
58 62
59 65
59 179
59 160
59 81
59 59
59 60
59 95
60 133
60 71
60 113
60 179
60 60
61 64
61 163
61 133
61 135
61 136
61 170
61 72
61 87
61 121
61 127
61 61
61 69
62 160
62 65
62 98
62 69
62 70
62 71
62 138
62 83
62 87
62 86
62 62
63 77
63 151
63 66
63 110
63 143
63 94
63 89
63 63
63 158
63 159
64 64
64 163
64 69
64 135
64 136
64 170
64 72
64 87
64 121
64 127
65 160
65 65
65 86
65 138
65 69
65 85
65 87
66 66
66 166
66 77
66 110
66 143
66 88
66 89
66 90
66 91
66 92
66 94
67 97
67 98
67 67
67 68
67 103
67 73
67 107
67 173
67 178
67 116
67 84
68 97
68 98
68 68
68 70
68 73
68 162
68 84
68 154
69 69
69 70
69 71
69 72
69 160
69 86
69 87
69 153
70 160
70 98
70 70
70 71
70 83
70 179
70 84
70 87
70 86
71 160
71 83
71 71
71 138
71 98
71 179
71 86
71 87
72 163
72 87
72 72
72 170
72 127
72 93
73 97
73 73
73 178
73 84
73 105
73 154
73 125
74 99
74 133
74 102
74 113
74 74
74 78
74 79
74 145
74 95
74 156
74 157
74 81
75 171
75 143
75 169
75 75
75 76
75 141
75 142
75 111
75 108
75 114
75 180
75 117
75 140
75 109
76 171
76 169
76 76
76 141
76 143
76 114
76 180
76 117
76 150
76 120
76 111
76 140
76 149
77 161
77 137
77 77
77 110
77 158
77 151
77 88
77 89
77 90
77 94
78 80
78 99
78 157
78 78
78 79
78 81
78 82
78 156
78 138
79 80
79 99
79 79
79 81
79 82
79 157
79 156
79 138
80 80
80 82
80 99
80 105
80 157
81 95
81 99
81 133
81 102
81 113
81 81
81 163
81 156
81 85
82 167
82 168
82 144
82 157
82 82
82 115
82 119
83 160
83 138
83 83
83 85
83 154
83 155
83 125
84 97
84 98
84 84
84 148
84 154
85 160
85 163
85 138
85 99
85 87
85 156
85 85
86 98
86 138
86 160
86 86
86 87
87 170
87 160
87 87
87 153
88 131
88 165
88 166
88 135
88 93
88 177
88 88
88 90
88 91
88 92
88 122
88 94
89 110
89 89
89 90
89 172
89 94
90 126
90 166
90 90
90 91
90 92
90 94
91 165
91 166
91 140
91 141
91 143
91 153
91 91
91 92
91 93
91 94
92 165
92 166
92 140
92 141
92 143
92 153
92 92
92 93
92 94
93 131
93 164
93 165
93 166
93 177
93 155
93 149
93 150
93 93
93 133
94 140
94 141
94 110
94 158
94 151
94 143
94 94
95 129
95 99
95 102
95 113
95 145
95 174
95 175
95 146
95 144
95 104
95 95
96 96
96 109
96 142
96 120
96 153
96 121
96 106
97 97
97 98
97 134
97 103
97 107
97 173
97 178
97 123
98 98
98 153
98 152
99 99
99 157
99 113
99 156
99 138
100 172
100 100
100 134
100 136
100 161
100 135
100 146
100 111
100 118
100 120
100 132
100 122
100 126
101 164
101 101
101 105
101 144
101 177
101 148
101 152
101 116
101 155
102 102
102 113
102 145
102 146
102 104
103 128
103 103
103 107
103 173
103 176
103 178
103 139
103 132
103 123
104 144
104 130
104 164
104 129
104 104
104 174
104 175
104 145
104 179
104 153
105 148
105 134
105 167
105 147
105 142
105 105
105 116
106 167
106 106
106 119
106 108
106 109
106 112
106 168
106 114
106 115
106 117
107 123
107 128
107 107
107 173
107 142
107 176
107 178
107 132
108 161
108 108
108 109
108 111
108 112
108 114
108 117
108 151
108 158
108 159
109 168
109 109
109 111
109 112
109 114
109 117
109 151
109 121
109 158
110 139
110 158
110 137
110 151
110 172
110 110
110 112
110 159
111 171
111 169
111 111
111 112
111 114
111 117
111 141
111 140
112 168
112 137
112 151
112 112
112 114
112 117
112 158
112 159
113 133
113 113
113 145
113 156
113 146
113 163
113 127
114 161
114 171
114 114
114 117
114 169
114 121
114 151
115 144
115 167
115 168
115 174
115 115
115 119
116 147
116 134
116 168
116 172
116 116
116 118
116 148
117 169
117 142
117 117
117 158
118 134
118 135
118 172
118 120
118 147
118 118
118 155
118 126
119 144
119 167
119 168
119 119
119 155
120 135
120 136
120 170
120 172
120 180
120 120
120 122
120 126
120 127
121 136
121 170
121 153
121 121
122 135
122 136
122 170
122 146
122 180
122 122
122 126
122 127
123 128
123 173
123 142
123 176
123 178
123 123
123 132
124 129
124 130
124 144
124 167
124 174
124 175
124 124
124 125
125 129
125 130
125 167
125 174
125 175
125 178
125 125
126 134
126 136
126 135
126 172
126 126
127 163
127 133
127 135
127 170
127 136
127 127
128 128
128 173
128 142
128 176
128 178
128 131
128 132
129 129
129 130
129 164
129 174
129 175
129 145
130 130
130 142
130 175
130 145
130 146
130 149
131 131
131 132
131 165
131 166
131 177
131 176
132 132
132 173
132 142
132 176
133 163
133 133
133 156
133 170
134 134
134 172
134 147
134 155
135 135
135 136
135 170
135 171
136 136
136 170
137 139
137 137
137 153
137 151
137 158
137 159
138 160
138 138
138 152
138 154
138 156
138 157
139 161
139 139
140 171
140 166
140 169
140 140
140 141
140 180
140 158
140 143
141 171
141 166
141 169
141 141
141 180
141 158
141 143
142 142
142 173
142 176
142 148
143 171
143 143
143 180
143 158
143 151
143 169
143 159
144 144
144 162
144 167
144 174
144 168
144 175
145 145
145 146
145 149
146 146
147 172
147 161
147 147
147 148
148 148
148 154
149 169
149 170
149 171
149 149
149 150
149 180
150 164
150 165
150 166
150 170
150 171
150 177
150 150
150 180
151 151
151 158
151 159
152 164
152 152
152 156
153 166
153 153
154 154
155 164
155 172
155 177
155 155
156 157
156 156
157 162
157 157
158 158
158 159
159 159
160 160
161 161
162 162
163 163
163 170
164 164
164 177
164 165
165 177
165 165
165 170
165 166
166 166
166 177
167 167
167 168
167 174
167 175
168 174
168 168
169 171
169 180
169 169
170 170
171 171
171 180
172 172
173 173
173 176
173 178
174 174
174 175
175 175
176 176
176 178
177 177
178 178
179 179
180 180
