1 128
1 1
1 131
1 132
1 166
1 176
1 91
1 88
1 4
1 90
1 123
1 92
1 126
1 100
2 2
2 137
2 151
2 108
2 110
2 47
2 112
2 23
2 56
2 153
2 158
2 159
3 129
3 130
3 3
3 46
3 175
3 178
3 84
3 142
3 24
3 57
3 124
3 125
4 128
4 67
4 4
4 97
4 103
4 173
4 176
4 43
4 178
4 107
4 89
4 88
4 132
4 90
4 123
5 68
5 5
5 6
5 7
5 73
5 11
5 12
5 84
5 89
5 56
5 36
5 154
6 6
6 7
6 73
6 11
6 15
6 80
6 83
6 116
6 22
6 56
6 20
6 154
6 38
6 37
7 68
7 7
7 73
7 42
7 11
7 12
7 84
7 89
7 56
7 36
7 154
8 96
8 118
8 8
8 10
8 55
8 44
8 168
8 116
8 54
8 119
8 153
8 121
8 26
8 106
9 179
9 41
9 74
9 13
9 46
9 16
9 81
9 51
9 53
9 9
9 152
9 57
9 58
9 59
9 60
9 95
10 96
10 164
10 40
10 10
10 55
10 46
10 25
10 54
10 119
10 153
10 121
10 26
11 137
11 11
11 110
11 80
11 17
11 20
11 56
11 89
11 154
12 97
12 98
12 67
12 68
12 73
12 139
12 12
12 178
12 84
12 118
12 24
12 103
13 101
13 13
13 46
13 45
13 16
13 81
13 51
13 53
13 152
13 58
13 59
14 96
14 32
14 34
14 135
14 136
14 169
14 44
14 14
14 111
14 121
14 117
14 153
14 57
14 122
15 96
15 162
15 35
15 36
15 37
15 39
15 105
15 42
15 29
15 15
15 27
15 49
15 147
15 116
15 17
15 148
15 38
15 106
15 30
16 51
16 130
16 164
16 133
16 46
16 45
16 16
16 177
16 179
16 52
16 149
16 150
16 152
16 59
16 93
16 127
17 84
17 33
17 162
17 35
17 49
17 134
17 161
17 105
17 42
17 172
17 17
17 147
17 116
17 148
17 27
17 29
17 30
18 160
18 65
18 99
18 69
18 51
18 72
18 64
18 138
18 61
18 18
18 163
18 85
18 86
18 87
18 156
18 170
18 21
19 161
19 34
19 100
19 102
19 135
19 40
19 50
19 145
19 146
19 19
19 120
19 25
19 122
19 28
19 126
20 35
20 137
20 125
20 79
20 80
20 82
20 115
20 20
20 56
20 47
20 124
20 157
21 160
21 65
21 99
21 101
21 51
21 64
21 72
21 156
21 138
21 78
21 61
21 81
21 163
21 85
21 87
21 21
21 170
21 69
22 160
22 70
22 71
22 105
22 138
22 83
22 22
22 154
22 86
22 157
22 62
23 36
23 137
23 23
23 108
23 109
23 110
23 143
23 112
23 151
23 158
23 159
24 128
24 97
24 67
24 103
24 107
24 173
24 142
24 176
24 178
24 24
24 123
24 30
25 131
25 102
25 40
25 43
25 50
25 145
25 146
25 25
25 57
25 104
25 26
25 28
26 128
26 36
26 166
26 40
26 43
26 176
26 54
26 55
26 153
26 26
26 28
27 134
27 33
27 73
27 139
27 147
27 148
27 27
27 29
27 30
27 31
27 161
27 162
27 35
27 37
27 38
27 105
27 42
27 49
27 116
27 84
28 161
28 34
28 171
28 36
28 40
28 43
28 50
28 139
28 90
28 28
28 30
29 162
29 35
29 101
29 39
29 105
29 42
29 45
29 142
29 82
29 83
29 116
29 55
29 152
29 148
29 124
29 29
29 62
30 161
30 67
30 36
30 37
30 38
30 49
30 42
30 43
30 114
30 158
30 178
30 147
30 116
30 97
30 139
30 30
31 33
31 147
31 148
31 155
31 134
31 105
31 116
31 172
31 62
31 31
32 32
32 34
32 41
32 170
32 179
32 52
32 153
32 57
32 58
32 59
32 60
33 33
33 155
33 134
33 137
33 172
33 109
33 147
33 116
33 118
33 105
34 34
34 121
34 169
34 44
34 60
34 52
34 41
34 153
34 57
35 162
35 35
35 36
35 37
35 38
35 39
35 42
35 80
36 162
36 36
36 38
36 40
36 137
36 139
36 108
36 151
36 43
36 114
36 68
36 159
36 37
37 162
37 37
37 39
37 43
37 139
37 154
37 38
38 162
38 39
38 43
38 139
38 38
39 160
39 162
39 39
39 105
39 45
39 78
39 115
39 148
39 86
39 79
39 124
39 69
40 98
40 139
40 40
40 43
40 104
40 132
40 91
40 92
40 88
41 64
41 133
41 41
41 179
41 52
41 53
41 57
41 58
41 59
41 60
41 61
42 96
42 161
42 98
42 134
42 49
42 105
42 42
42 172
42 147
42 116
42 118
43 161
43 98
43 107
43 169
43 139
43 140
43 141
43 173
43 76
43 43
43 123
44 96
44 44
44 106
44 108
44 109
44 111
44 49
44 114
44 117
44 54
44 55
44 121
45 101
45 105
45 45
45 174
45 51
45 148
45 46
45 152
45 85
45 53
46 129
46 164
46 101
46 51
46 46
46 177
46 163
46 149
46 152
46 59
47 48
47 167
47 168
47 105
47 106
47 47
47 144
47 82
47 115
47 124
47 125
48 129
48 99
48 101
48 104
48 144
48 125
48 175
48 78
48 48
48 113
48 82
48 115
48 174
48 119
48 153
48 168
48 124
48 74
48 95
49 161
49 100
49 49
49 172
49 139
49 114
49 147
49 118
49 121
50 100
50 102
50 135
50 136
50 50
50 145
50 146
50 180
50 120
50 122
50 126
51 179
51 51
51 87
51 152
51 58
51 59
51 101
51 53
51 85
52 145
52 179
52 52
52 149
52 150
52 57
52 180
52 58
52 60
53 99
53 101
53 71
53 53
53 152
53 179
53 155
53 156
53 58
54 96
54 106
54 119
54 174
54 168
54 148
54 54
54 55
54 121
55 96
55 167
55 168
55 106
55 55
55 148
55 119
55 121
56 137
56 110
56 80
56 147
56 56
56 89
57 170
57 145
57 179
57 57
57 58
57 59
57 60
58 104
58 142
58 179
58 58
58 59
58 60
59 179
59 142
59 59
59 60
60 64
60 102
60 179
60 60
61 64
61 65
61 163
61 133
61 72
61 170
61 87
61 61
61 127
62 160
62 98
62 69
62 70
62 71
62 105
62 138
62 83
62 87
62 154
62 86
62 62
63 161
63 75
63 169
63 171
63 140
63 141
63 143
63 76
63 94
63 111
63 159
63 158
63 63
64 64
64 65
64 163
64 133
64 72
64 170
64 87
64 127
65 65
65 69
65 72
65 138
65 160
65 170
65 86
65 87
65 155
65 156
65 85
66 161
66 66
66 166
66 140
66 141
66 77
66 143
66 88
66 89
66 90
66 91
66 92
66 94
67 97
67 98
67 67
67 103
67 73
67 107
67 173
67 178
67 84
67 68
68 97
68 98
68 73
68 178
68 84
68 68
68 154
69 160
69 69
69 70
69 138
69 71
69 86
69 87
70 160
70 98
70 70
70 71
70 105
70 83
70 84
70 87
70 154
70 86
71 160
71 98
71 71
71 138
71 162
71 83
71 87
71 86
72 163
72 133
72 72
72 170
72 179
72 87
72 127
73 73
73 178
73 84
73 89
73 154
74 99
74 102
74 113
74 74
74 78
74 79
74 145
74 85
74 95
74 156
74 81
75 161
75 171
75 108
75 75
75 76
75 141
75 143
75 114
75 117
75 169
75 111
75 140
76 100
76 169
76 171
76 76
76 141
76 111
76 140
76 180
76 117
76 143
77 141
77 161
77 158
77 89
77 90
77 159
77 140
77 77
77 94
77 143
78 80
78 99
78 78
78 79
78 81
78 82
78 83
78 157
78 156
78 138
78 85
79 99
79 79
79 80
79 81
79 82
79 83
79 85
79 157
79 156
79 138
80 137
80 80
80 116
80 154
80 157
81 99
81 133
81 113
81 81
81 163
81 152
81 127
81 156
81 85
81 95
82 144
82 99
82 167
82 168
82 157
82 82
82 115
82 153
83 160
83 162
83 138
83 125
83 157
83 83
83 154
84 97
84 98
84 84
84 147
84 154
84 134
85 160
85 99
85 163
85 138
85 87
85 127
85 156
85 85
86 160
86 138
86 87
86 86
87 138
87 160
87 87
88 131
88 165
88 166
88 141
88 88
88 90
88 91
88 92
88 94
89 118
89 94
89 89
90 166
90 92
90 90
90 91
90 94
91 165
91 166
91 171
91 140
91 141
91 150
91 91
91 92
91 94
92 131
92 165
92 166
92 140
92 141
92 150
92 92
92 93
92 94
93 177
93 131
93 164
93 165
93 166
93 145
93 93
93 150
93 149
94 161
94 140
94 141
94 158
94 151
94 143
94 94
95 129
95 130
95 145
95 102
95 104
95 174
95 113
95 144
95 153
95 95
96 96
96 106
96 172
96 109
96 121
96 153
97 97
97 98
97 103
97 107
97 173
97 178
97 123
98 98
98 153
98 103
99 99
99 113
99 157
99 138
99 156
100 100
100 161
100 136
100 135
100 172
100 146
100 176
100 118
100 120
100 122
100 126
101 144
101 101
101 105
101 177
101 116
101 119
101 152
101 148
101 155
102 130
102 102
102 145
102 104
102 146
102 113
103 128
103 103
103 161
103 107
103 173
103 176
103 178
103 132
103 123
104 129
104 130
104 145
104 144
104 174
104 175
104 104
104 146
105 148
105 168
105 167
105 147
105 105
105 134
105 116
106 144
106 134
106 167
106 108
106 106
106 119
106 109
106 112
106 168
106 114
106 115
106 121
107 128
107 107
107 173
107 142
107 176
107 178
107 132
107 123
108 108
108 109
108 111
108 112
108 114
108 117
108 151
108 158
108 159
109 168
109 151
109 109
109 111
109 112
109 114
109 117
109 121
109 159
110 137
110 172
110 110
110 112
110 151
110 153
110 158
110 159
111 161
111 171
111 169
111 111
111 112
111 114
111 117
111 143
112 151
112 112
112 114
112 117
112 118
112 158
112 159
113 133
113 113
113 145
113 146
113 163
113 179
113 127
114 158
114 114
114 117
114 151
114 159
115 144
115 168
115 167
115 174
115 115
115 119
115 175
115 124
115 125
116 155
116 172
116 147
116 116
116 118
116 134
116 148
117 139
117 169
117 117
117 158
118 134
118 172
118 147
118 118
118 126
119 144
119 167
119 168
119 119
119 174
119 155
120 120
120 180
120 133
120 135
120 136
120 122
120 170
120 126
121 153
121 121
122 136
122 126
122 135
122 122
122 146
122 127
123 128
123 173
123 142
123 176
123 178
123 123
123 132
124 129
124 130
124 168
124 167
124 125
124 174
124 175
124 124
125 129
125 130
125 167
125 174
125 142
125 148
125 175
125 125
126 135
126 136
126 171
126 172
126 126
127 163
127 133
127 170
127 135
127 136
127 127
128 128
128 173
128 142
128 176
128 132
129 129
129 130
129 174
129 175
129 145
129 179
130 130
130 142
130 175
130 145
130 174
131 131
131 132
131 165
131 166
131 136
131 176
131 177
131 146
131 164
132 173
132 142
132 176
132 132
133 163
133 164
133 133
133 170
133 135
133 136
134 155
134 134
134 172
134 147
135 135
135 136
135 180
136 136
136 170
137 137
137 151
137 158
137 159
138 160
138 156
138 138
138 148
138 157
139 161
139 139
140 166
140 169
140 141
140 140
140 180
140 171
140 143
141 166
141 141
141 180
141 171
141 169
141 143
142 142
142 176
143 161
143 171
143 158
143 169
143 143
143 151
143 159
144 144
144 167
144 168
144 174
144 175
145 145
145 146
145 153
146 165
146 146
146 149
146 150
147 148
147 172
147 147
148 162
148 155
148 157
148 152
148 148
149 165
149 180
149 149
149 150
149 164
149 166
150 164
150 165
150 166
150 177
150 150
150 180
151 151
151 158
151 159
152 164
152 152
153 175
153 153
154 154
155 164
155 177
155 155
156 160
156 157
156 156
157 157
158 158
158 159
159 159
160 160
161 161
161 173
162 162
163 163
163 170
164 164
164 177
164 165
165 165
165 166
165 177
166 166
166 180
167 167
167 168
167 174
167 175
168 174
168 168
168 175
169 171
169 180
169 169
170 177
170 170
171 180
171 171
172 172
173 173
173 176
173 178
174 174
174 175
175 175
176 176
177 177
178 178
179 179
180 180
