1 128
1 1
1 131
1 132
1 103
1 41
1 107
1 173
1 176
1 177
1 147
1 4
1 123
1 29
2 2
2 35
2 168
2 137
2 106
2 77
2 110
2 112
2 82
2 20
2 158
2 23
2 29
2 94
2 159
3 128
3 130
3 3
3 132
3 133
3 107
3 108
3 173
3 142
3 176
3 24
3 123
4 32
4 131
4 4
4 5
4 97
4 107
4 12
4 45
4 173
4 178
4 123
4 148
4 132
4 103
5 68
5 5
5 6
5 7
5 73
5 12
5 16
5 178
5 83
5 84
5 154
5 155
6 32
6 65
6 6
6 7
6 11
6 79
6 80
6 22
6 56
6 154
6 157
7 68
7 7
7 73
7 11
7 16
7 83
7 84
7 22
7 56
7 154
8 96
8 167
8 8
8 106
8 13
8 174
8 168
8 26
8 179
8 54
8 55
8 58
8 10
9 32
9 34
9 167
9 41
9 13
9 46
9 45
9 16
9 152
9 51
9 52
9 53
9 9
9 56
9 57
9 60
10 96
10 168
10 10
10 144
10 54
10 55
10 119
10 26
10 59
10 106
11 80
11 20
11 56
11 41
11 154
11 11
11 157
11 78
11 79
12 97
12 98
12 67
12 103
12 73
12 12
12 14
12 178
12 84
12 24
12 68
13 179
13 39
13 168
13 13
13 46
13 45
13 16
13 51
13 53
13 152
13 59
13 29
14 96
14 128
14 34
14 102
14 32
14 41
14 18
14 14
14 44
14 178
14 83
14 52
14 126
14 57
14 121
14 125
14 169
14 31
15 162
15 35
15 36
15 37
15 38
15 39
15 42
15 139
15 15
15 112
15 49
15 17
15 158
15 43
15 27
15 29
15 30
16 45
16 46
16 16
16 51
16 52
16 149
16 150
16 152
16 179
16 157
16 53
17 101
17 49
17 105
17 42
17 139
17 45
17 112
17 17
17 148
17 30
17 116
17 27
17 29
17 94
18 160
18 65
18 163
18 69
18 71
18 72
18 64
18 138
18 86
18 61
18 18
18 85
18 22
18 87
18 156
18 170
18 62
18 21
19 161
19 100
19 166
19 102
19 145
19 76
19 50
19 49
19 146
19 19
19 121
19 25
19 122
19 28
20 80
20 167
20 168
20 137
20 47
20 144
20 82
20 115
20 20
20 56
20 59
20 157
21 160
21 65
21 163
21 81
21 72
21 64
21 138
21 61
21 177
21 99
21 85
21 22
21 87
21 127
21 156
21 170
21 21
22 160
22 65
22 34
22 138
22 71
22 83
22 22
22 154
22 62
22 85
23 38
23 77
23 105
23 106
23 23
23 109
23 110
23 143
23 112
23 94
23 151
23 137
23 89
23 159
23 158
23 63
24 128
24 97
24 98
24 132
24 103
24 107
24 130
24 142
24 173
24 176
24 178
24 67
24 24
24 121
24 123
24 125
25 161
25 102
25 129
25 104
25 171
25 50
25 174
25 145
25 146
25 40
25 25
25 26
25 28
26 104
26 43
26 54
26 40
26 155
26 28
26 26
26 174
27 161
27 49
27 105
27 42
27 139
27 109
27 148
27 116
27 27
27 29
27 30
28 129
28 130
28 139
28 161
28 40
28 43
28 141
28 49
28 50
28 28
28 30
29 101
29 105
29 42
29 45
29 46
29 51
29 116
29 152
29 148
29 29
29 30
30 161
30 139
30 37
30 49
30 42
30 43
30 108
30 114
30 30
31 33
31 133
31 134
31 172
31 77
31 143
31 177
31 126
31 118
31 151
31 120
31 89
31 155
31 94
31 31
32 32
32 34
32 121
32 41
32 48
32 179
32 180
32 57
32 153
32 58
32 59
32 60
32 52
33 33
33 155
33 133
33 134
33 103
33 120
33 135
33 172
33 118
33 126
34 34
34 121
34 81
34 41
34 60
34 113
34 179
34 52
34 85
34 153
34 57
34 154
34 124
35 35
35 36
35 37
35 38
35 39
35 162
35 51
35 66
35 58
35 59
36 162
36 36
36 37
36 38
36 39
36 40
36 43
36 109
36 139
36 130
37 162
37 37
37 38
37 39
37 40
37 43
37 112
37 139
37 119
37 159
38 162
38 38
38 39
38 40
38 43
38 139
38 59
39 162
39 39
39 110
39 51
39 58
39 59
40 129
40 130
40 139
40 40
40 43
40 121
41 51
41 41
41 80
41 179
41 52
41 153
41 57
41 58
41 59
41 60
42 161
42 49
42 105
42 42
42 139
42 114
42 147
42 116
43 162
43 139
43 43
43 130
43 143
44 96
44 161
44 98
44 169
44 75
44 108
44 109
44 111
44 114
44 117
44 118
44 121
44 44
45 101
45 105
45 45
45 46
45 51
45 148
45 53
45 152
46 144
46 132
46 101
46 46
46 51
46 52
46 149
46 150
46 152
46 53
47 144
47 80
47 167
47 168
47 137
47 106
47 47
47 48
47 82
47 115
47 53
48 144
48 99
48 113
48 167
48 177
48 74
48 78
48 79
48 48
48 81
48 115
48 174
48 156
48 157
48 95
49 161
49 49
49 139
49 50
49 147
49 116
49 63
50 161
50 100
50 102
50 145
50 50
50 146
50 88
50 122
51 51
51 82
51 179
51 53
51 152
51 59
51 60
52 65
52 99
52 132
52 57
52 74
52 179
52 52
52 150
52 180
52 60
52 53
52 149
53 132
53 101
53 167
53 115
53 53
53 152
54 155
54 167
54 168
54 106
54 174
54 144
54 115
54 54
54 55
54 59
55 96
55 112
55 167
55 101
55 55
55 168
55 106
55 109
56 78
56 79
56 80
56 179
56 110
56 56
56 157
57 179
57 153
57 57
57 58
57 59
57 60
57 157
58 162
58 179
58 153
58 58
58 59
58 60
59 162
59 179
59 144
59 153
59 59
59 60
60 80
60 179
60 153
60 60
61 64
61 163
61 69
61 135
61 136
61 170
61 72
61 87
61 121
61 61
61 127
62 160
62 164
62 69
62 70
62 71
62 138
62 83
62 87
62 154
62 86
62 62
63 134
63 108
63 140
63 109
63 111
63 112
63 114
63 117
63 141
63 151
63 143
63 159
63 158
63 63
64 64
64 163
64 69
64 135
64 136
64 170
64 72
64 87
64 121
64 127
65 65
65 138
65 78
65 79
65 80
65 156
65 157
65 85
66 66
66 77
66 110
66 116
66 158
66 151
66 88
66 89
66 90
66 91
66 92
66 94
67 97
67 98
67 67
67 68
67 103
67 73
67 107
67 173
67 178
67 84
67 121
68 97
68 98
68 68
68 70
68 73
68 178
68 84
68 121
68 154
68 125
69 160
69 69
69 70
69 71
69 72
69 138
69 83
69 86
69 87
69 121
70 160
70 98
70 164
70 70
70 71
70 83
70 84
70 149
70 86
70 87
70 121
70 154
71 160
71 98
71 71
71 83
71 84
71 87
71 121
71 154
71 86
72 163
72 165
72 72
72 170
72 87
72 121
72 127
73 97
73 73
73 175
73 83
73 84
73 154
73 155
73 124
73 125
74 99
74 133
74 102
74 113
74 74
74 78
74 79
74 81
74 156
74 157
74 95
75 171
75 100
75 169
75 75
75 108
75 141
75 111
75 76
75 114
75 180
75 117
75 118
75 140
76 171
76 169
76 76
76 141
76 143
76 108
76 140
76 180
76 117
76 150
76 111
76 149
77 137
77 162
77 110
77 77
77 158
77 89
77 90
77 159
77 94
78 99
78 164
78 80
78 78
78 79
78 81
78 85
78 157
78 156
78 138
79 99
79 164
79 80
79 79
79 81
79 85
79 157
79 156
79 138
80 99
80 80
80 82
80 157
81 99
81 133
81 102
81 113
81 81
81 163
81 127
81 156
81 85
81 95
82 144
82 115
82 167
82 168
82 137
82 106
82 142
82 82
83 160
83 138
83 86
83 175
83 83
83 154
83 124
84 97
84 98
84 175
84 84
84 154
84 155
84 124
84 125
85 160
85 163
85 138
85 99
85 156
85 85
86 160
86 121
86 138
86 87
86 86
87 160
87 170
87 87
87 121
88 131
88 164
88 165
88 166
88 135
88 140
88 141
88 93
88 177
88 120
88 88
88 122
88 91
88 92
88 90
89 158
89 137
89 89
89 90
89 159
89 94
89 110
90 161
90 165
90 166
90 151
90 90
90 91
90 92
90 93
90 94
91 100
91 165
91 166
91 140
91 141
91 151
91 91
91 92
91 93
91 94
92 100
92 165
92 166
92 140
92 141
92 151
92 92
92 93
92 94
93 177
93 164
93 165
93 166
93 93
93 150
93 95
94 151
94 159
94 110
94 116
94 94
94 158
95 99
95 165
95 102
95 113
95 104
95 145
95 174
95 146
95 95
96 96
96 139
96 119
96 109
96 111
96 114
96 117
96 121
96 155
97 128
97 97
97 98
97 103
97 107
97 173
97 176
97 178
97 121
97 123
98 98
98 103
98 150
98 153
98 155
99 99
99 113
99 157
99 156
99 138
100 161
100 100
100 134
100 135
100 136
100 172
100 146
100 147
100 118
100 120
100 122
101 164
101 101
101 134
101 105
101 106
101 176
101 147
101 148
101 152
101 116
102 102
102 113
102 145
102 146
102 104
103 128
103 107
103 173
103 176
103 178
103 123
103 121
103 132
103 103
104 129
104 165
104 104
104 174
104 175
104 145
104 146
104 124
105 134
105 105
105 147
105 116
105 148
105 159
106 144
106 167
106 106
106 109
106 112
106 168
106 115
106 119
107 123
107 128
107 107
107 173
107 142
107 176
107 178
107 121
107 132
108 112
108 169
108 108
108 109
108 158
108 143
108 141
108 114
108 117
108 119
108 111
108 140
109 119
109 109
109 111
109 112
109 114
109 116
109 117
109 159
109 158
110 137
110 110
110 112
110 148
110 158
110 155
110 159
111 171
111 114
111 143
111 172
111 141
111 111
111 180
111 117
111 169
111 121
111 140
112 168
112 137
112 112
112 114
112 159
112 151
112 158
113 133
113 113
113 145
113 163
113 127
113 156
114 155
114 169
114 158
114 114
114 117
114 119
114 143
115 144
115 167
115 168
115 137
115 115
115 119
116 134
116 172
116 147
116 116
116 148
117 161
117 171
117 180
117 117
117 169
117 121
117 119
118 134
118 135
118 136
118 172
118 141
118 176
118 140
118 118
118 120
118 122
118 155
118 126
119 168
119 144
119 119
119 121
120 155
120 133
120 135
120 136
120 170
120 172
120 120
120 122
120 126
120 127
121 129
121 132
121 135
121 169
121 170
121 173
121 136
121 121
121 123
122 136
122 135
122 145
122 169
122 170
122 171
122 172
122 146
122 122
122 126
122 127
123 128
123 132
123 173
123 142
123 176
123 178
123 123
124 129
124 130
124 174
124 175
124 178
124 155
124 124
124 125
125 129
125 130
125 174
125 175
125 178
125 125
126 155
126 133
126 135
126 136
126 172
126 126
126 127
127 163
127 133
127 170
127 135
127 136
127 150
127 127
128 128
128 132
128 173
128 176
128 178
128 131
128 142
129 130
129 174
129 129
129 175
130 130
130 142
130 175
130 171
131 131
131 165
131 166
131 177
131 132
131 136
131 176
132 132
132 142
132 173
132 176
133 133
133 136
133 135
133 163
134 155
134 134
134 135
134 172
134 176
134 147
135 163
135 135
135 136
135 170
135 172
135 180
136 136
136 170
136 172
136 163
137 162
137 137
137 148
137 158
137 159
138 160
138 164
138 138
138 156
139 139
140 151
140 171
140 166
140 140
140 141
140 169
140 143
141 151
141 171
141 166
141 141
141 142
141 169
141 143
142 173
142 142
142 176
143 171
143 172
143 143
143 151
143 159
143 158
144 144
144 167
144 168
144 157
145 180
145 145
145 146
146 180
146 146
147 161
147 172
147 147
147 148
148 148
148 152
148 164
149 160
149 164
149 169
149 171
149 174
149 180
149 150
149 152
149 149
150 163
150 164
150 165
150 169
150 171
150 150
151 166
151 151
151 158
151 159
152 168
152 152
153 179
153 153
153 158
154 154
155 164
155 172
155 177
155 155
156 177
156 157
156 156
157 157
158 158
158 159
159 159
160 160
161 161
162 162
162 179
163 163
163 170
164 165
164 164
164 175
164 177
164 166
165 165
165 166
165 177
166 166
166 177
167 167
167 174
167 168
168 168
169 171
169 180
169 169
170 170
171 171
171 180
172 172
173 173
173 176
173 178
174 174
174 175
175 175
176 176
176 178
177 177
178 178
179 179
180 180
