1 128
1 1
1 131
1 4
1 166
1 103
1 107
1 13
1 173
1 176
1 88
1 178
1 152
1 132
1 90
1 123
2 144
2 2
2 77
2 167
2 168
2 137
2 13
2 110
2 47
2 112
2 82
2 115
2 20
2 94
2 23
2 143
2 158
2 159
3 176
3 33
3 130
3 3
3 132
3 123
3 24
3 128
3 107
3 173
3 142
4 128
4 34
4 67
4 4
4 97
4 103
4 173
4 46
4 176
4 178
4 107
4 132
4 123
5 97
5 67
5 68
5 5
5 6
5 7
5 73
5 12
5 14
5 84
5 89
5 154
6 65
6 6
6 7
6 11
6 80
6 83
6 52
6 22
6 56
6 154
6 124
6 157
7 65
7 68
7 7
7 73
7 11
7 14
7 83
7 84
7 56
7 89
7 154
7 62
8 96
8 8
8 106
8 55
8 44
8 109
8 45
8 54
8 119
8 121
8 26
8 10
9 32
9 34
9 179
9 41
9 23
9 13
9 46
9 45
9 16
9 51
9 52
9 53
9 9
9 152
9 57
9 58
9 60
9 158
9 159
10 96
10 10
10 51
10 54
10 55
10 121
10 26
10 119
10 44
10 106
11 65
11 11
11 77
11 78
11 79
11 80
11 20
11 56
11 89
11 157
11 16
12 97
12 98
12 67
12 68
12 103
12 73
12 12
12 178
12 84
12 24
12 121
13 179
13 45
13 66
13 46
13 13
13 16
13 17
13 82
13 51
13 52
13 149
13 152
13 58
13 59
13 53
14 65
14 132
14 96
14 14
14 79
14 145
14 78
14 121
14 153
14 156
14 32
14 34
14 99
14 41
14 44
14 113
14 178
14 52
14 57
14 60
14 85
15 162
15 35
15 37
15 38
15 17
15 42
15 39
15 44
15 15
15 49
15 139
15 88
15 27
15 29
15 30
15 63
16 107
16 164
16 103
16 45
16 46
16 16
16 173
16 178
16 51
16 180
16 149
16 56
16 52
16 152
16 60
17 27
17 101
17 49
17 105
17 42
17 39
17 140
17 45
17 46
17 141
17 17
17 51
17 116
17 53
17 151
17 152
17 148
17 90
17 29
18 160
18 64
18 163
18 164
18 69
18 72
18 138
18 61
18 18
18 85
18 22
18 87
18 121
18 127
18 156
18 170
18 21
19 161
19 100
19 102
19 146
19 145
19 50
19 19
19 25
19 122
19 28
19 93
19 30
20 32
20 80
20 167
20 137
20 110
20 47
20 48
20 82
20 115
20 20
20 56
20 157
21 160
21 64
21 99
21 164
21 72
21 138
21 61
21 81
21 163
21 85
21 22
21 87
21 127
21 156
21 170
21 21
22 160
22 65
22 86
22 71
22 138
22 62
22 83
22 22
22 121
22 154
22 70
22 85
22 69
23 23
23 140
23 141
23 110
23 47
23 112
23 82
23 158
23 137
23 143
23 151
23 94
23 159
24 128
24 97
24 130
24 132
24 103
24 107
24 173
24 142
24 176
24 178
24 67
24 180
24 24
24 121
24 123
24 125
25 129
25 102
25 145
25 40
25 43
25 174
25 177
25 146
25 25
25 26
25 28
25 104
25 95
26 168
26 41
26 174
26 40
26 53
26 54
26 55
26 26
26 104
27 161
27 131
27 49
27 42
27 139
27 76
27 50
27 147
27 88
27 27
27 29
27 30
28 129
28 43
28 36
28 161
28 40
28 139
28 104
28 50
28 150
28 28
28 30
29 101
29 49
29 105
29 42
29 39
29 45
29 111
29 147
29 116
29 152
29 148
29 29
29 30
30 161
30 171
30 37
30 38
30 139
30 49
30 50
30 43
30 30
31 33
31 68
31 101
31 134
31 75
31 172
31 77
31 143
31 177
31 126
31 118
31 89
31 164
31 155
31 94
31 31
32 32
32 34
32 121
32 41
32 179
32 180
32 89
32 57
32 153
32 58
32 60
32 52
33 33
33 155
33 134
33 171
33 172
33 147
33 116
33 118
33 120
33 123
33 126
34 34
34 121
34 104
34 41
34 74
34 60
34 175
34 80
34 40
34 52
34 53
34 153
34 57
34 124
34 157
34 95
35 162
35 35
35 36
35 37
35 38
35 39
35 42
35 111
35 49
35 59
35 58
36 162
36 36
36 37
36 38
36 39
36 40
36 171
36 43
36 139
36 121
36 93
37 162
37 37
37 38
37 39
37 40
37 43
37 76
37 139
37 117
38 43
38 162
38 38
38 39
38 139
38 75
39 162
39 39
39 42
39 59
39 166
40 129
40 139
40 40
40 43
40 104
41 51
41 179
41 58
41 41
41 57
41 115
41 52
41 53
41 137
41 153
41 180
41 59
41 60
42 162
42 49
42 105
42 42
42 45
42 51
42 116
42 111
42 148
43 162
43 43
43 139
43 177
43 165
44 96
44 169
44 75
44 44
44 111
44 114
44 147
44 121
44 117
44 119
44 55
44 63
45 101
45 49
45 109
45 45
45 46
45 51
45 148
45 53
45 105
45 152
46 144
46 101
46 168
46 46
46 51
46 180
46 53
46 152
46 52
46 149
47 144
47 167
47 168
47 137
47 106
47 174
47 47
47 48
47 82
47 115
47 57
48 99
48 104
48 74
48 78
48 79
48 48
48 113
48 115
48 52
48 174
48 175
48 157
48 95
49 166
49 49
49 105
49 111
49 147
49 116
50 161
50 100
50 102
50 50
50 145
50 146
50 121
50 122
51 112
51 51
51 179
51 53
51 152
51 58
51 59
51 60
52 80
52 57
52 174
52 52
52 180
52 60
52 149
53 53
53 152
53 153
53 60
54 96
54 168
54 58
54 54
54 119
54 55
54 106
54 109
55 96
55 106
55 55
55 109
55 114
55 119
55 155
56 65
56 80
56 77
56 78
56 79
56 56
56 89
56 157
57 167
57 57
57 66
57 110
57 179
57 180
57 153
57 58
57 59
57 60
58 131
58 179
58 60
58 91
58 58
58 59
58 92
59 162
59 131
59 179
59 112
59 59
59 60
60 180
60 179
60 94
60 153
60 60
60 137
61 160
61 64
61 163
61 135
61 136
61 177
61 170
61 72
61 87
61 61
61 127
62 65
62 69
62 70
62 71
62 138
62 83
62 87
62 121
62 154
62 86
62 62
63 75
63 169
63 171
63 108
63 141
63 76
63 114
63 117
63 111
63 63
64 160
64 64
64 163
64 135
64 136
64 177
64 170
64 72
64 87
64 127
65 65
65 138
65 80
65 83
65 85
65 154
66 66
66 137
66 110
66 77
66 158
66 89
66 90
66 91
66 92
66 94
66 159
67 97
67 98
67 67
67 103
67 73
67 107
67 173
67 178
67 84
67 68
67 155
67 123
68 97
68 98
68 68
68 70
68 73
68 130
68 178
68 84
69 160
69 69
69 70
69 71
69 138
69 83
69 180
69 87
69 86
70 160
70 98
70 70
70 71
70 83
70 84
70 87
70 180
70 154
70 86
71 160
71 98
71 86
71 71
71 83
71 180
71 87
71 154
72 177
72 163
72 87
72 72
72 170
72 160
72 127
73 97
73 130
73 73
73 83
73 84
73 121
73 154
73 124
73 125
74 99
74 164
74 102
74 113
74 74
74 78
74 79
74 145
74 95
74 156
74 157
74 81
75 171
75 134
75 108
75 75
75 76
75 141
75 111
75 114
75 117
75 150
75 169
76 171
76 169
76 76
76 141
76 111
76 108
76 114
76 117
76 150
77 137
77 110
77 77
77 94
77 89
77 90
77 91
77 92
77 158
78 80
78 99
78 78
78 79
78 81
78 157
78 156
78 138
78 85
79 80
79 99
79 79
79 81
79 157
79 156
79 138
79 85
80 99
80 80
80 157
81 163
81 102
81 113
81 177
81 127
81 145
81 146
81 99
81 95
81 156
81 85
81 81
82 144
82 168
82 137
82 109
82 112
82 82
82 115
82 158
82 159
83 160
83 130
83 129
83 138
83 86
83 175
83 83
83 121
83 154
83 124
83 125
84 97
84 98
84 130
84 84
84 180
84 154
85 99
85 138
85 85
85 156
85 157
86 160
86 98
86 86
86 180
86 87
86 154
87 160
87 138
87 180
87 87
87 170
88 131
88 164
88 165
88 166
88 177
88 91
88 150
88 88
88 90
88 92
88 93
89 137
89 110
89 89
89 90
89 91
89 92
89 94
90 131
90 165
90 166
90 179
90 90
90 91
90 92
90 93
90 94
91 166
91 151
91 91
91 92
91 94
92 166
92 93
92 151
92 92
92 94
93 131
93 133
93 166
93 136
93 177
93 150
93 164
93 93
93 165
94 101
94 151
94 140
94 110
94 141
94 152
94 159
94 94
94 137
94 143
94 158
95 99
95 145
95 102
95 113
95 104
95 177
95 174
95 146
95 95
96 96
96 134
96 119
96 116
96 117
96 121
97 97
97 98
97 103
97 107
97 173
97 178
97 155
97 123
98 98
98 103
98 149
98 153
99 99
99 113
99 157
99 156
99 138
100 161
100 131
100 147
100 134
100 135
100 136
100 172
100 118
100 120
100 100
100 122
100 126
101 164
101 101
101 134
101 105
101 109
101 176
101 147
101 148
101 152
101 116
101 155
102 165
102 102
102 113
102 145
102 146
102 122
102 104
103 128
103 107
103 173
103 142
103 178
103 123
103 176
103 103
103 132
104 129
104 145
104 174
104 175
104 104
104 146
104 149
105 134
105 105
105 147
105 148
105 151
105 116
106 144
106 115
106 167
106 168
106 106
106 119
106 108
106 109
106 112
106 114
106 179
107 123
107 132
107 128
107 107
107 173
107 142
107 178
107 176
108 169
108 140
108 141
108 111
108 112
108 114
108 148
108 117
108 108
108 119
108 143
108 109
109 112
109 168
109 119
109 114
109 144
109 111
109 109
109 158
110 158
110 167
110 137
110 110
110 159
111 162
111 114
111 171
111 117
111 169
111 111
112 144
112 114
112 168
112 151
112 140
112 143
112 112
112 141
112 158
112 159
113 133
113 113
113 145
113 146
113 163
113 127
113 156
114 114
114 148
114 117
114 169
114 119
114 143
115 144
115 115
115 167
115 168
116 134
116 172
116 147
116 116
116 118
116 148
117 171
117 134
117 169
117 117
117 121
118 134
118 135
118 172
118 142
118 147
118 118
118 120
118 155
118 126
119 119
119 144
119 152
119 121
120 133
120 135
120 136
120 170
120 172
120 120
120 121
120 122
120 126
120 127
121 128
121 130
121 132
121 139
121 154
121 161
121 163
121 121
121 138
121 127
122 161
122 163
122 133
122 135
122 136
122 170
122 172
122 150
122 122
122 126
122 127
123 123
123 128
123 173
123 142
123 176
123 178
123 132
124 129
124 167
124 175
124 124
124 130
124 174
124 125
125 129
125 130
125 180
125 175
125 178
125 174
125 125
126 133
126 134
126 135
126 136
126 172
126 180
126 150
126 155
126 126
127 163
127 133
127 170
127 135
127 136
127 127
128 128
128 132
128 173
128 142
128 176
129 129
129 130
129 174
129 175
129 149
130 130
130 175
131 131
131 165
131 166
131 176
131 177
131 179
131 164
131 132
132 132
132 173
132 176
132 142
133 136
133 163
133 133
133 170
133 135
134 134
134 172
134 147
134 148
134 155
135 163
135 135
135 136
135 170
135 172
135 150
136 163
136 136
136 170
137 158
137 137
137 159
138 160
138 138
138 154
138 156
139 161
139 162
139 139
140 166
140 171
140 140
140 141
140 143
140 158
140 151
140 159
141 171
141 166
141 141
141 143
141 158
141 159
141 151
142 173
142 142
142 176
142 149
143 151
143 143
143 148
143 158
143 155
143 159
144 144
144 167
144 168
145 145
145 146
146 161
146 165
146 146
147 172
147 147
147 148
147 166
148 152
148 148
149 164
149 165
149 171
149 180
149 150
149 152
149 149
150 171
150 164
150 165
150 166
150 169
150 177
150 150
151 166
151 151
151 158
151 159
152 158
152 152
153 179
153 153
153 165
154 154
155 164
155 172
155 177
155 178
155 155
156 157
156 156
157 157
158 158
158 159
159 159
160 160
160 163
160 180
160 170
161 161
162 162
163 170
163 163
164 165
164 164
164 177
165 165
165 177
165 166
166 166
166 172
166 177
167 167
167 168
167 174
167 175
168 168
169 171
169 172
169 169
170 170
170 180
171 171
172 172
173 173
173 178
173 176
174 174
174 175
175 175
176 176
177 177
178 178
179 179
179 180
180 180
