1 128
1 1
1 131
1 4
1 166
1 103
1 107
1 173
1 176
1 91
1 88
1 132
1 90
1 123
1 92
1 30
2 2
2 137
2 151
2 110
2 15
2 112
2 17
2 20
2 23
2 56
2 155
2 158
2 159
3 128
3 129
3 130
3 3
3 107
3 173
3 142
3 176
3 118
3 24
3 153
3 123
4 128
4 67
4 4
4 97
4 103
4 173
4 176
4 178
4 107
4 139
4 132
4 123
5 67
5 68
5 5
5 6
5 7
5 73
5 12
5 178
5 84
5 105
5 89
5 154
5 29
6 162
6 6
6 7
6 11
6 80
6 83
6 22
6 56
6 154
6 124
6 157
7 68
7 7
7 73
7 11
7 12
7 84
7 56
7 89
7 154
7 155
7 29
8 96
8 101
8 167
8 8
8 10
8 44
8 174
8 168
8 54
8 55
8 26
8 155
8 106
9 179
9 71
9 9
9 74
9 13
9 60
9 16
9 18
9 174
9 152
9 160
9 98
9 41
9 45
9 46
9 51
9 53
9 57
9 58
9 59
9 21
9 85
10 96
10 104
10 10
10 55
10 46
10 121
10 142
10 54
10 119
10 25
10 26
11 80
11 148
11 110
11 56
11 20
11 154
11 11
11 157
11 137
12 97
12 98
12 67
12 68
12 73
12 103
12 12
12 178
12 84
12 24
12 29
13 162
13 101
13 70
13 71
13 39
13 13
13 46
13 45
13 16
13 51
13 53
13 152
13 58
13 59
13 156
13 125
14 96
14 32
14 34
14 100
14 169
14 57
14 44
14 14
14 60
14 117
14 153
14 121
14 28
14 31
15 35
15 36
15 37
15 38
15 39
15 105
15 42
15 139
15 162
15 15
15 27
15 49
15 107
15 148
15 17
15 123
15 29
15 30
16 64
16 164
16 179
16 104
16 46
16 45
16 16
16 51
16 52
16 149
16 150
16 152
16 127
16 53
17 37
17 38
17 49
17 137
17 42
17 110
17 17
17 178
17 147
17 116
17 105
17 148
17 27
17 29
17 30
17 101
18 160
18 65
18 163
18 69
18 72
18 138
18 64
18 61
18 18
18 85
18 22
18 87
18 156
18 170
18 21
19 161
19 34
19 100
19 102
19 40
19 146
19 145
19 50
19 19
19 25
19 122
19 28
20 144
20 167
20 168
20 137
20 79
20 80
20 82
20 115
20 20
20 56
20 153
20 47
20 157
21 160
21 65
21 99
21 64
21 72
21 138
21 61
21 78
21 79
21 81
21 163
21 85
21 22
21 87
21 127
21 156
21 170
21 21
22 160
22 65
22 70
22 71
22 138
22 45
22 80
22 83
22 22
22 154
22 86
22 157
22 62
22 85
23 36
23 77
23 137
23 151
23 108
23 109
23 110
23 143
23 112
23 114
23 23
23 158
23 159
24 128
24 97
24 98
24 132
24 103
24 107
24 162
24 142
24 173
24 176
24 178
24 67
24 24
24 123
25 129
25 130
25 102
25 104
25 146
25 145
25 50
25 150
25 40
25 25
25 26
25 28
26 104
26 139
26 180
26 54
26 40
26 43
26 28
26 26
27 161
27 139
27 36
27 49
27 105
27 42
27 43
27 108
27 77
27 114
27 147
27 116
27 151
27 148
27 27
27 29
27 30
28 161
28 139
28 40
28 43
28 49
28 50
28 28
28 30
29 35
29 38
29 37
29 105
29 42
29 45
29 29
29 148
29 152
29 116
29 106
29 101
30 139
30 132
30 40
30 161
30 42
30 43
30 143
30 49
30 147
30 30
30 63
31 33
31 134
31 105
31 75
31 172
31 147
31 116
31 118
31 89
31 155
31 126
31 31
32 32
32 34
32 41
32 179
32 52
32 153
32 57
32 58
32 59
32 60
32 126
33 33
33 147
33 100
33 155
33 118
33 134
33 120
33 171
33 172
33 126
34 34
34 40
34 169
34 44
34 50
34 52
34 41
34 57
34 153
34 121
34 60
35 162
35 35
35 36
35 37
35 38
35 39
35 42
35 51
35 119
35 123
36 128
36 162
36 36
36 37
36 38
36 39
36 40
36 43
36 176
36 139
36 158
36 159
37 162
37 37
37 38
37 39
37 139
37 173
37 107
37 43
38 162
38 38
38 39
38 139
38 173
38 43
39 51
39 162
39 39
39 167
39 45
39 144
39 115
39 55
39 152
39 68
39 154
40 161
40 43
40 166
40 40
40 139
41 72
41 41
41 179
41 52
41 53
41 153
41 57
41 58
41 59
41 60
41 61
42 123
42 49
42 105
42 42
42 139
42 109
42 112
42 147
42 116
42 148
42 159
43 161
43 139
43 43
43 90
44 96
44 44
44 106
44 108
44 109
44 111
44 112
44 49
44 114
44 117
44 55
44 121
45 65
45 162
45 101
45 45
45 46
45 51
45 148
45 53
45 152
45 62
46 164
46 133
46 46
46 81
46 51
46 52
46 149
46 152
46 59
46 53
47 144
47 80
47 101
47 167
47 168
47 106
47 47
47 48
47 82
47 115
47 119
48 79
48 48
48 99
48 113
48 168
48 74
48 167
48 174
48 175
48 144
48 81
48 115
48 78
48 152
48 157
48 95
49 161
49 134
49 49
49 139
49 176
49 147
49 116
50 145
50 100
50 102
50 161
50 122
50 50
50 146
51 79
51 65
51 162
51 101
51 51
51 138
51 83
51 99
51 78
51 152
51 98
51 59
51 124
51 53
52 145
52 179
52 52
52 149
52 150
52 57
52 180
52 58
52 59
52 60
53 101
53 157
53 53
53 152
53 125
54 96
54 101
54 167
54 168
54 106
54 55
54 174
54 144
54 54
54 119
54 121
55 96
55 168
55 106
55 119
55 144
55 167
55 55
55 121
56 137
56 110
56 80
56 89
56 56
56 148
56 157
57 129
57 145
57 179
57 180
57 57
57 153
57 58
57 59
57 60
58 98
58 113
58 179
58 58
58 59
58 60
59 98
59 87
59 175
59 179
59 59
59 60
59 95
60 102
60 170
60 179
60 149
60 153
60 60
61 64
61 163
61 72
61 170
61 177
61 87
61 61
61 85
61 127
62 160
62 65
62 69
62 70
62 71
62 138
62 83
62 87
62 154
62 86
62 62
63 171
63 134
63 169
63 75
63 76
63 141
63 143
63 108
63 140
63 180
63 117
63 151
63 111
63 63
64 64
64 163
64 72
64 170
64 177
64 87
64 85
64 127
65 160
65 65
65 69
65 138
65 156
65 85
66 66
66 134
66 77
66 140
66 141
66 110
66 143
66 151
66 89
66 90
66 91
66 92
66 94
67 97
67 98
67 67
67 103
67 73
67 107
67 162
67 173
67 178
67 84
67 68
68 97
68 98
68 68
68 73
68 178
68 84
68 148
68 154
69 160
69 69
69 70
69 71
69 138
69 83
69 86
69 87
69 152
70 160
70 70
70 71
70 83
70 84
70 87
70 154
70 86
70 125
71 160
71 71
71 83
71 86
71 87
71 154
72 163
72 87
72 72
72 170
72 127
72 85
73 97
73 73
73 178
73 84
73 148
73 154
73 124
73 125
74 99
74 133
74 113
74 74
74 78
74 79
74 81
74 163
74 174
74 95
74 156
74 127
75 171
75 169
75 75
75 76
75 141
75 143
75 108
75 114
75 180
75 117
75 111
75 140
76 171
76 169
76 140
76 141
76 142
76 143
76 76
76 180
76 117
76 111
77 77
77 110
77 143
77 94
77 151
77 89
77 90
77 158
77 159
78 80
78 99
78 78
78 79
78 81
78 85
78 157
78 156
78 138
79 144
79 80
79 99
79 79
79 81
79 82
79 157
79 156
79 138
79 85
80 162
80 80
80 82
80 124
80 157
81 99
81 133
81 113
81 81
81 163
81 127
81 156
81 170
81 85
81 95
82 144
82 101
82 167
82 168
82 137
82 106
82 82
82 115
82 119
82 157
83 160
83 138
83 86
83 175
83 83
83 154
83 124
83 125
84 97
84 98
84 84
84 154
84 155
84 125
85 99
85 138
85 160
85 157
85 87
85 156
85 85
86 160
86 152
86 138
86 87
86 86
87 160
87 138
87 87
88 131
88 100
88 165
88 166
88 177
88 150
88 88
88 90
88 91
88 92
88 93
89 137
89 110
89 116
89 151
89 89
89 94
90 166
90 161
90 141
90 90
90 91
90 92
90 94
91 166
91 161
91 140
91 91
91 92
91 141
91 94
92 165
92 166
92 161
92 140
92 141
92 150
92 92
92 93
92 94
93 131
93 164
93 165
93 166
93 177
93 145
93 102
93 149
93 150
93 93
94 140
94 110
94 143
94 141
94 147
94 158
94 151
94 94
94 159
95 129
95 99
95 102
95 113
95 104
95 145
95 177
95 175
95 174
95 95
96 96
96 105
96 119
96 109
96 121
96 106
97 97
97 98
97 103
97 107
97 162
97 173
97 178
97 123
98 98
98 103
98 107
98 173
98 153
98 148
99 99
99 113
99 156
99 157
100 100
100 166
100 134
100 161
100 136
100 135
100 172
100 146
100 120
100 180
100 118
100 122
100 126
101 155
101 164
101 101
101 177
101 105
101 116
101 152
101 148
101 168
102 136
102 113
102 102
102 135
102 104
102 146
102 145
102 120
102 122
102 126
103 128
103 107
103 173
103 176
103 178
103 123
103 116
103 132
103 103
104 129
104 130
104 113
104 104
104 174
104 175
104 145
104 146
105 134
105 105
105 147
105 116
105 148
106 144
106 167
106 108
106 106
106 119
106 109
106 112
106 168
106 115
106 148
107 123
107 128
107 107
107 173
107 142
107 176
107 178
107 132
108 108
108 109
108 111
108 112
108 114
108 116
108 117
108 159
108 158
109 168
109 109
109 111
109 112
109 114
109 117
109 158
109 159
110 137
110 110
110 112
110 153
110 158
110 151
110 159
111 171
111 134
111 169
111 142
111 143
111 114
111 117
111 111
112 137
112 151
112 112
112 114
112 117
112 158
112 159
113 133
113 113
113 145
113 146
113 163
113 127
113 170
114 114
114 117
114 121
114 158
114 159
115 144
115 162
115 168
115 167
115 115
115 119
115 157
116 148
116 155
116 147
116 134
116 142
116 172
116 116
116 118
117 139
117 169
117 171
117 117
117 121
118 128
118 134
118 135
118 169
118 172
118 147
118 118
118 120
118 155
118 126
119 168
119 119
119 144
119 121
120 133
120 135
120 136
120 170
120 172
120 149
120 120
120 122
120 126
120 127
121 147
121 153
121 121
122 131
122 135
122 136
122 146
122 145
122 150
122 122
122 126
123 123
123 128
123 173
123 142
123 176
123 178
123 147
123 132
124 129
124 130
124 167
124 174
124 175
124 154
124 124
124 125
125 129
125 130
125 174
125 175
125 154
125 125
126 133
126 135
126 136
126 172
126 126
126 150
127 163
127 133
127 135
127 170
127 136
127 127
128 128
128 132
128 172
128 173
128 142
128 176
128 131
129 129
129 130
129 174
129 175
129 145
130 130
130 164
130 142
130 175
130 145
130 146
130 174
131 131
131 132
131 165
131 166
131 135
131 176
131 177
131 164
132 173
132 142
132 176
132 132
133 163
133 133
133 136
133 135
133 170
134 155
134 134
134 161
134 172
134 147
135 135
135 136
135 170
135 142
135 146
136 136
136 170
136 142
136 146
136 149
137 137
137 151
137 158
137 159
138 160
138 156
138 138
138 157
139 161
139 139
139 176
140 171
140 169
140 140
140 141
140 143
140 172
140 151
141 171
141 166
141 169
141 141
141 143
141 172
141 151
142 173
142 142
142 176
142 147
142 171
143 171
143 158
143 169
143 143
143 151
143 159
144 144
144 168
144 174
144 167
145 165
145 145
145 146
146 146
146 149
147 161
147 155
147 172
147 147
148 148
149 165
149 171
149 149
149 150
149 180
150 180
150 164
150 165
150 166
150 171
150 177
150 150
151 151
151 159
151 158
152 164
152 152
152 156
153 165
153 153
154 154
155 172
155 177
155 155
156 157
156 156
157 157
158 158
158 159
159 159
160 160
161 161
161 172
161 169
162 162
163 163
163 164
163 177
163 179
163 170
164 164
164 177
164 165
165 165
165 166
165 177
166 166
166 177
167 167
167 174
167 168
167 175
168 168
169 171
169 180
169 169
170 170
171 171
171 180
172 172
173 173
173 176
173 178
174 174
174 175
175 175
176 176
177 177
178 178
179 179
180 180
