1 128
1 1
1 131
1 4
1 103
1 42
1 107
1 173
1 176
1 49
1 88
1 132
1 90
1 123
2 2
2 37
2 38
2 137
2 151
2 110
2 112
2 116
2 94
2 23
2 20
2 158
2 159
3 96
3 128
3 130
3 3
3 103
3 107
3 173
3 142
3 24
3 153
3 123
3 125
4 128
4 107
4 4
4 97
4 103
4 12
4 173
4 15
4 176
4 27
4 178
4 89
4 132
4 123
5 178
5 84
5 5
5 6
5 7
5 68
5 154
5 11
5 12
5 53
5 73
6 6
6 7
6 9
6 11
6 80
6 83
6 20
6 22
6 56
6 154
6 124
6 157
7 84
7 7
7 56
7 68
7 154
7 11
7 12
7 45
7 73
8 96
8 8
8 10
8 174
8 54
8 55
8 168
8 106
8 167
8 26
8 46
9 32
9 16
9 67
9 41
9 45
9 46
9 13
9 80
9 51
9 52
9 53
9 9
9 152
9 57
9 60
10 96
10 104
10 144
10 53
10 54
10 55
10 25
10 10
10 119
10 26
11 101
11 137
11 11
11 45
11 110
11 13
11 80
11 20
11 56
11 154
11 59
11 157
12 97
12 98
12 67
12 73
12 103
12 12
12 45
12 178
12 84
12 57
12 24
12 68
13 101
13 39
13 168
13 29
13 45
13 46
13 13
13 16
13 51
13 20
13 53
13 152
13 179
13 59
13 58
14 96
14 129
14 34
14 69
14 102
14 32
14 41
14 57
14 44
14 14
14 52
14 117
14 86
14 87
14 153
14 121
14 169
15 162
15 35
15 36
15 37
15 38
15 39
15 105
15 42
15 139
15 15
15 17
15 43
15 27
15 29
15 30
16 164
16 101
16 45
16 46
16 16
16 51
16 52
16 149
16 150
16 152
16 157
16 53
17 128
17 161
17 134
17 17
17 105
17 42
17 139
17 172
17 49
17 147
17 116
17 148
17 27
17 29
17 30
18 160
18 65
18 34
18 99
18 69
18 72
18 64
18 138
18 83
18 61
18 78
18 79
18 18
18 163
18 85
18 22
18 87
18 86
18 156
18 170
18 21
19 161
19 100
19 102
19 135
19 40
19 145
19 75
19 140
19 141
19 49
19 50
19 19
19 25
19 90
19 28
19 122
19 146
20 144
20 167
20 168
20 137
20 47
20 80
20 56
20 82
20 115
20 20
20 152
20 157
21 160
21 65
21 34
21 99
21 164
21 72
21 64
21 138
21 61
21 78
21 79
21 81
21 163
21 85
21 87
21 127
21 156
21 170
21 21
22 160
22 65
22 70
22 71
22 138
22 79
22 80
22 83
22 85
22 22
22 154
22 155
22 157
22 62
23 134
23 137
23 151
23 108
23 109
23 110
23 77
23 112
23 147
23 158
23 23
23 94
23 159
24 32
24 97
24 98
24 132
24 103
24 128
24 107
24 45
24 142
24 173
24 176
24 178
24 67
24 148
24 24
24 123
25 161
25 102
25 129
25 40
25 145
25 76
25 50
25 104
25 146
25 25
25 26
25 28
26 171
26 104
26 43
26 174
26 40
26 54
26 90
26 28
26 26
27 161
27 37
27 38
27 49
27 105
27 42
27 139
27 109
27 112
27 176
27 147
27 116
27 148
27 27
27 29
27 30
27 159
28 161
28 139
28 40
28 43
28 111
28 49
28 50
28 121
28 143
28 28
28 30
28 63
29 147
29 101
29 39
29 105
29 45
29 46
29 51
29 148
29 173
29 152
29 116
29 29
29 30
30 161
30 139
30 49
30 40
30 42
30 43
30 30
30 94
31 172
31 33
31 134
31 105
31 44
31 112
31 177
31 114
31 147
31 118
31 155
31 126
31 31
32 32
32 34
32 180
32 41
32 57
32 78
32 79
32 48
32 179
32 52
32 73
32 153
32 154
32 59
32 60
32 58
33 33
33 98
33 134
33 172
33 147
33 116
33 117
33 118
33 120
33 153
33 155
33 126
34 160
34 34
34 133
34 70
34 104
34 169
34 57
34 44
34 81
34 52
34 41
34 153
34 121
34 60
34 125
34 62
35 162
35 35
35 36
35 37
35 38
35 39
35 137
35 110
35 51
35 58
35 59
36 162
36 36
36 37
36 38
36 39
36 40
36 43
36 109
36 77
36 139
36 158
37 37
37 38
37 39
37 40
37 43
37 162
37 139
38 43
38 38
38 39
38 139
38 162
39 162
39 39
39 106
39 176
39 51
39 59
40 161
40 43
40 40
40 139
40 90
41 179
41 103
41 41
41 178
41 51
41 52
41 53
41 153
41 57
41 58
41 59
41 60
42 66
42 43
42 100
42 161
42 42
42 139
42 49
42 147
42 94
43 139
43 43
43 151
44 96
44 108
44 75
44 44
44 109
44 111
44 114
44 117
44 121
45 97
45 67
45 101
45 46
45 45
45 152
45 51
45 105
45 53
45 119
45 148
45 56
45 55
46 148
46 68
46 101
46 46
46 53
46 51
46 84
46 149
46 152
46 164
46 154
46 52
47 144
47 80
47 82
47 115
47 167
47 168
47 106
47 59
47 157
47 47
48 48
48 99
48 164
48 167
48 104
48 74
48 174
48 78
48 79
48 144
48 81
48 115
48 52
48 113
48 175
48 156
48 95
49 100
49 161
49 139
49 108
49 49
49 50
49 151
50 161
50 100
50 102
50 145
50 136
50 135
50 50
50 146
50 122
50 91
51 162
51 179
51 103
51 51
51 53
51 152
51 58
51 59
51 60
52 65
52 138
52 60
52 83
52 149
52 150
52 156
52 52
52 99
52 179
52 180
52 53
52 57
52 124
53 144
53 67
53 53
53 152
54 96
54 167
54 168
54 106
54 119
54 144
54 115
54 54
54 55
54 58
55 96
55 167
55 168
55 106
55 119
55 109
55 144
55 55
55 121
56 80
56 56
56 137
56 154
56 110
56 157
57 179
57 153
57 57
57 58
57 59
57 60
57 157
58 128
58 162
58 179
58 58
58 59
58 60
59 128
59 162
59 179
59 115
59 59
59 60
60 103
60 179
60 153
60 60
61 64
61 163
61 165
61 72
61 170
61 85
61 87
61 127
61 61
61 133
62 160
62 69
62 70
62 71
62 138
62 83
62 87
62 154
62 86
62 62
63 171
63 108
63 75
63 76
63 141
63 111
63 140
63 180
63 151
63 143
63 158
63 63
64 64
64 163
64 165
64 87
64 72
64 170
64 127
64 85
65 160
65 65
65 87
65 138
65 156
65 69
65 85
66 66
66 77
66 110
66 143
66 151
66 88
66 89
66 90
66 91
66 92
66 94
67 97
67 98
67 67
67 68
67 103
67 73
67 107
67 173
67 178
67 84
67 123
68 97
68 98
68 68
68 73
68 178
68 84
68 154
69 160
69 69
69 70
69 71
69 138
69 83
69 86
69 87
70 160
70 70
70 71
70 98
70 83
70 84
70 87
70 154
70 86
70 125
71 160
71 87
71 83
71 71
71 138
71 155
71 86
72 163
72 72
72 170
72 93
72 150
72 87
72 127
72 85
73 97
73 73
73 178
73 84
73 154
73 125
74 99
74 133
74 102
74 113
74 74
74 78
74 79
74 81
74 163
74 174
74 95
74 156
74 149
75 171
75 169
75 75
75 108
75 141
75 143
75 76
75 114
75 180
75 117
75 111
75 140
76 171
76 136
76 169
76 140
76 141
76 111
76 76
76 180
76 117
76 150
76 143
77 158
77 151
77 89
77 90
77 94
77 77
77 110
77 159
78 80
78 99
78 124
78 78
78 79
78 81
78 157
78 156
78 138
78 85
79 80
79 99
79 124
79 79
79 157
79 156
79 138
79 85
80 80
80 82
80 179
80 154
80 157
81 99
81 133
81 113
81 93
81 81
81 163
81 127
81 156
81 170
81 95
82 144
82 167
82 168
82 106
82 82
82 115
82 119
82 152
82 155
82 157
83 160
83 130
83 138
83 86
83 175
83 83
83 154
83 124
83 125
84 97
84 98
84 84
84 154
84 125
85 99
85 164
85 138
85 160
85 157
85 87
85 156
85 85
86 160
86 130
86 138
86 86
86 87
87 138
87 160
87 87
88 131
88 165
88 166
88 136
88 177
88 146
88 88
88 90
88 91
88 92
88 93
89 137
89 139
89 172
89 110
89 158
89 118
89 151
89 89
89 90
89 94
90 131
90 166
90 90
90 91
90 92
90 94
91 131
91 165
91 166
91 135
91 140
91 141
91 143
91 120
91 91
91 92
91 93
91 94
92 131
92 165
92 166
92 135
92 140
92 141
92 93
92 143
92 177
92 92
92 122
92 94
93 129
93 155
93 164
93 165
93 166
93 177
93 149
93 150
93 93
94 158
94 151
94 143
94 110
94 94
94 159
95 129
95 165
95 102
95 113
95 145
95 174
95 146
95 104
95 95
96 96
96 119
96 109
96 142
96 114
96 121
96 117
97 128
97 97
97 98
97 103
97 107
97 173
97 178
97 123
98 98
98 103
98 173
98 153
99 99
99 175
99 156
99 157
100 161
100 100
100 135
100 136
100 172
100 146
100 111
100 118
100 120
100 122
100 126
101 164
101 101
101 134
101 105
101 147
101 148
101 152
101 116
102 131
102 102
102 145
102 104
102 146
102 113
103 107
103 128
103 103
103 173
103 142
103 176
103 178
103 118
103 132
103 123
104 129
104 113
104 104
104 130
104 174
104 175
104 145
104 146
104 180
105 134
105 105
105 172
105 147
105 116
105 137
105 148
106 144
106 168
106 106
106 119
106 109
106 112
106 115
106 167
107 123
107 128
107 107
107 172
107 173
107 142
107 176
107 178
107 132
108 108
108 109
108 111
108 112
108 114
108 117
108 169
108 159
108 158
109 119
109 109
109 111
109 112
109 114
109 117
109 158
109 159
110 137
110 110
110 112
110 116
110 158
110 159
111 171
111 114
111 143
111 169
111 141
111 111
111 117
111 121
111 140
112 137
112 112
112 114
112 117
112 159
112 158
113 165
113 163
113 133
113 113
113 145
113 146
113 127
114 114
114 117
114 121
114 159
114 158
115 144
115 167
115 168
115 115
115 119
115 157
116 134
116 172
116 173
116 147
116 116
116 118
116 148
117 117
117 169
117 121
118 134
118 135
118 172
118 147
118 118
118 120
118 155
118 126
119 168
119 119
119 144
119 177
119 121
120 133
120 135
120 136
120 172
120 120
120 122
120 126
120 127
121 135
121 136
121 153
121 121
122 135
122 136
122 146
122 145
122 122
122 126
122 127
123 123
123 179
123 128
123 173
123 142
123 176
123 178
123 147
123 132
124 129
124 130
124 167
124 174
124 175
124 124
124 125
125 129
125 130
125 174
125 175
125 125
126 133
126 135
126 136
126 172
126 141
126 176
126 126
127 163
127 133
127 170
127 135
127 136
127 127
127 165
128 128
128 173
128 142
128 176
128 132
129 129
129 130
129 174
129 175
129 145
130 130
130 155
130 174
130 175
131 131
131 132
131 165
131 177
131 145
131 155
131 166
132 162
132 173
132 142
132 176
132 139
132 132
133 163
133 133
133 136
133 170
134 134
134 172
134 147
134 148
134 155
135 135
135 136
135 146
136 136
136 145
136 170
136 146
137 158
137 137
137 159
138 160
138 156
138 138
138 157
139 161
139 139
140 171
140 166
140 169
140 140
140 141
140 151
140 143
141 171
141 166
141 169
141 141
141 151
141 143
142 172
142 173
142 142
142 176
142 149
143 171
143 158
143 169
143 151
143 143
144 144
144 167
144 168
144 174
145 145
145 146
146 166
146 171
146 146
146 169
147 172
147 159
147 147
147 148
148 172
148 178
148 148
148 152
149 164
149 169
149 171
149 174
149 180
149 150
149 152
149 149
150 164
150 165
150 169
150 171
150 180
150 150
151 161
151 158
151 153
151 151
151 159
152 152
153 165
153 153
153 155
154 154
155 164
155 175
155 177
155 155
155 165
156 157
156 156
157 157
158 158
158 159
159 159
160 160
161 161
161 172
162 162
163 165
163 163
163 170
164 164
164 166
164 177
164 165
165 165
165 166
165 177
165 170
166 166
166 177
167 179
167 167
167 174
167 168
168 168
169 171
169 180
169 169
170 170
171 171
171 180
172 172
172 173
173 173
173 176
173 178
174 174
174 175
175 175
176 176
177 177
178 178
179 179
180 180
