1 128
1 1
1 131
1 4
1 107
1 173
1 176
1 88
1 132
1 90
1 123
1 122
2 2
2 28
2 167
2 168
2 137
2 106
2 151
2 77
2 110
2 112
2 158
2 23
2 135
2 94
2 159
3 96
3 129
3 130
3 3
3 70
3 98
3 142
3 175
3 119
3 24
3 153
3 124
3 125
4 132
4 123
4 4
4 97
4 42
4 107
4 12
4 173
4 178
4 7
4 100
4 103
5 68
5 5
5 6
5 7
5 73
5 11
5 12
5 80
5 84
5 22
5 89
5 154
5 30
6 6
6 7
6 73
6 11
6 80
6 20
6 22
6 56
6 89
6 154
6 157
6 126
7 161
7 139
7 68
7 7
7 73
7 11
7 12
7 80
7 84
7 89
7 56
7 154
8 96
8 167
8 8
8 10
8 44
8 174
8 168
8 54
8 55
8 26
8 106
8 30
9 32
9 34
9 69
9 104
9 9
9 46
9 13
9 14
9 45
9 16
9 51
9 52
9 53
9 152
9 57
9 21
10 96
10 104
10 10
10 119
10 174
10 144
10 147
10 148
10 54
10 55
10 26
11 161
11 36
11 137
11 11
11 80
11 20
11 56
11 89
11 154
12 97
12 98
12 67
12 73
12 103
12 12
12 173
12 17
12 178
12 84
12 24
12 68
13 179
13 71
13 41
13 29
13 45
13 46
13 13
13 16
13 51
13 148
13 53
13 152
13 52
13 125
13 101
14 96
14 65
14 34
14 32
14 44
14 14
14 113
14 52
14 53
14 57
14 121
14 60
15 161
15 162
15 35
15 36
15 37
15 38
15 39
15 105
15 139
15 15
15 17
15 84
15 154
15 27
15 29
15 30
16 65
16 101
16 104
16 46
16 45
16 16
16 81
16 51
16 52
16 53
16 152
16 29
16 95
17 161
17 35
17 100
17 49
17 167
17 105
17 42
17 139
17 80
17 17
17 24
17 27
17 29
17 30
18 160
18 65
18 101
18 33
18 72
18 156
18 138
18 64
18 61
18 81
18 18
18 85
18 86
18 87
18 152
18 21
18 74
18 69
19 161
19 50
19 100
19 135
19 40
19 145
19 42
19 43
19 77
19 112
19 49
19 146
19 19
19 136
19 25
19 122
19 28
20 36
20 167
20 168
20 137
20 110
20 47
20 80
20 115
20 20
20 151
20 56
20 126
21 160
21 65
21 99
21 69
21 74
21 81
21 85
21 86
21 87
21 156
21 138
21 21
22 147
22 71
22 138
22 78
22 79
22 83
22 22
22 154
22 70
22 157
22 62
23 137
23 23
23 108
23 77
23 110
23 143
23 112
23 158
23 151
23 153
23 122
23 159
23 94
23 63
24 128
24 97
24 162
24 68
24 103
24 107
24 173
24 142
24 176
24 178
24 67
24 24
24 123
24 30
25 129
25 130
25 50
25 102
25 40
25 43
25 76
25 141
25 111
25 145
25 146
25 25
25 26
25 28
26 129
26 174
26 40
26 43
26 28
26 26
26 104
26 93
27 161
27 35
27 37
27 38
27 39
27 105
27 42
27 147
27 116
27 148
27 154
27 27
27 29
27 30
28 161
28 139
28 36
28 40
28 42
28 43
28 49
28 146
28 28
29 45
29 99
29 147
29 101
29 134
29 105
29 138
29 83
29 172
29 46
29 51
29 116
29 152
29 148
29 70
29 29
30 161
30 35
30 36
30 38
30 39
30 105
30 42
30 139
30 67
30 119
30 30
30 37
31 33
31 131
31 164
31 134
31 72
31 95
31 177
31 118
31 155
31 93
31 126
31 31
32 32
32 34
32 121
32 71
32 41
32 179
32 52
32 57
32 153
32 58
32 59
32 60
33 33
33 164
33 101
33 134
33 172
33 144
33 177
33 118
33 153
33 155
33 126
34 34
34 133
34 41
34 87
34 98
34 52
34 53
34 57
34 121
34 60
35 107
35 162
35 35
35 36
35 37
35 38
35 39
35 103
35 139
35 173
35 178
35 115
35 153
36 128
36 162
36 36
36 37
36 38
36 39
36 40
36 43
36 139
36 47
37 162
37 37
37 38
37 39
37 40
37 139
37 43
37 178
38 162
38 38
38 39
38 43
38 139
38 103
39 162
39 39
39 59
39 82
39 84
39 68
39 58
40 130
40 131
40 40
40 43
40 108
40 114
40 49
40 146
40 139
40 117
40 88
40 155
40 63
41 179
41 41
41 138
41 162
41 51
41 153
41 57
41 58
41 59
41 60
42 128
42 161
42 139
42 49
42 42
42 135
42 176
42 89
42 55
42 100
42 122
43 130
43 139
43 43
43 66
43 109
43 49
43 90
43 158
44 96
44 169
44 75
44 76
44 114
44 109
44 108
44 146
44 117
44 55
44 121
44 111
44 44
45 160
45 51
45 101
45 134
45 105
45 45
45 46
45 175
45 147
45 116
45 53
45 86
45 152
45 148
45 69
46 101
46 46
46 81
46 51
46 52
46 53
46 152
47 167
47 168
47 137
47 110
47 47
47 80
47 82
47 115
47 54
47 151
47 56
48 48
48 99
48 104
48 124
48 174
48 175
48 144
48 82
48 115
48 116
48 78
48 79
48 156
48 157
48 95
49 161
49 50
49 100
49 49
49 145
49 135
49 77
49 146
49 136
49 122
50 129
50 130
50 163
50 165
50 102
50 145
50 171
50 76
50 50
50 113
50 146
50 122
50 155
50 127
51 179
51 70
51 51
51 148
51 53
51 152
51 52
51 58
51 59
51 60
52 65
52 180
52 149
52 74
52 52
52 121
52 152
52 57
52 60
52 53
53 160
53 101
53 53
53 152
53 121
54 96
54 167
54 168
54 55
54 115
54 54
54 119
54 120
54 106
55 96
55 167
55 106
55 119
55 109
55 112
55 168
55 55
56 161
56 137
56 110
56 80
56 151
56 56
56 89
57 121
57 175
57 179
57 153
57 57
57 58
57 59
57 60
57 125
58 162
58 179
58 138
58 174
58 58
58 59
58 60
59 59
59 162
59 179
59 124
59 60
60 121
60 179
60 70
60 153
60 60
61 64
61 65
61 163
61 164
61 133
61 72
61 170
61 113
61 85
61 150
61 61
61 127
62 160
62 98
62 69
62 70
62 71
62 138
62 83
62 116
62 87
62 154
62 86
62 62
63 112
63 75
63 63
63 108
63 143
63 140
63 141
63 158
63 159
64 64
64 65
64 163
64 133
64 72
64 170
64 113
64 85
64 150
64 127
65 65
65 163
65 133
65 72
65 170
65 160
65 81
65 87
65 127
65 85
66 66
66 91
66 158
66 166
66 88
66 90
66 92
66 77
66 94
66 159
67 97
67 98
67 67
67 68
67 103
67 73
67 107
67 173
67 142
67 120
67 178
67 84
67 123
68 97
68 98
68 68
68 73
68 84
68 154
69 160
69 69
69 70
69 71
69 138
69 83
69 85
69 86
69 87
70 160
70 98
70 70
70 71
70 138
70 83
70 172
70 86
70 125
70 84
70 154
71 160
71 98
71 71
71 138
71 83
71 87
71 86
72 163
72 85
72 87
72 72
72 170
72 127
73 97
73 162
73 73
73 178
73 84
73 154
73 124
73 125
74 163
74 133
74 102
74 113
74 104
74 74
74 81
74 127
74 156
74 85
74 95
75 171
75 114
75 140
75 169
75 75
75 76
75 109
75 112
75 141
75 146
75 180
75 117
75 108
75 111
75 143
76 171
76 143
76 169
76 76
76 114
76 111
76 141
76 180
76 149
76 150
76 140
76 117
77 166
77 137
77 151
77 110
77 77
77 94
77 88
77 89
77 122
77 90
77 158
77 159
78 144
78 83
78 99
78 105
78 138
78 78
78 79
78 124
78 82
78 115
78 156
78 157
79 144
79 83
79 99
79 147
79 124
79 138
79 172
79 79
79 82
79 115
79 156
79 157
80 80
80 89
80 154
80 157
81 99
81 133
81 102
81 81
81 113
81 163
81 95
81 156
81 85
82 144
82 99
82 105
82 82
82 115
82 118
82 119
82 156
82 157
83 160
83 83
83 99
83 138
83 125
83 86
83 157
83 179
83 116
83 154
83 175
83 124
84 97
84 98
84 84
84 154
84 125
85 101
85 160
85 170
85 138
85 87
85 95
85 156
85 85
86 160
86 138
86 86
86 87
87 160
87 138
87 87
87 152
88 131
88 165
88 166
88 88
88 90
88 91
88 92
88 94
89 90
89 89
89 137
90 166
90 136
90 90
90 91
90 92
90 94
91 131
91 164
91 165
91 166
91 91
91 140
91 141
91 177
91 146
91 155
91 92
91 93
91 94
92 131
92 164
92 165
92 166
92 140
92 141
92 177
92 146
92 155
92 92
92 93
92 94
93 131
93 164
93 165
93 166
93 170
93 141
93 177
93 102
93 155
93 150
93 93
94 166
94 136
94 151
94 110
94 94
94 158
94 159
95 102
95 129
95 145
95 174
95 175
95 113
95 144
95 104
95 95
96 96
96 119
96 109
96 111
96 114
96 117
96 121
96 170
97 128
97 97
97 98
97 103
97 107
97 173
97 142
97 176
97 120
97 178
97 161
97 123
98 103
98 98
98 142
98 153
99 144
99 99
99 134
99 138
99 157
99 156
100 161
100 136
100 137
100 135
100 110
100 146
100 151
100 120
100 100
100 122
100 123
100 106
100 126
101 101
101 134
101 142
101 105
101 172
101 147
101 116
101 118
101 152
101 148
102 129
102 163
102 113
102 102
102 145
102 146
102 149
102 127
103 128
103 103
103 107
103 173
103 176
103 178
103 132
103 123
104 129
104 104
104 125
104 174
104 175
104 144
104 124
105 134
105 105
105 172
105 147
105 116
105 118
105 148
105 124
106 167
106 106
106 119
106 108
106 109
106 112
106 168
106 114
106 117
106 151
107 123
107 128
107 107
107 173
107 176
107 178
107 132
108 108
108 109
108 111
108 112
108 114
108 117
108 159
108 158
109 109
109 111
109 112
109 114
109 117
109 158
109 159
110 167
110 168
110 137
110 151
110 110
110 112
110 158
110 159
111 171
111 114
111 169
111 141
111 111
111 180
111 149
111 140
111 117
112 143
112 112
112 114
112 117
112 159
112 151
112 158
113 163
113 133
113 113
113 145
113 170
113 127
114 171
114 169
114 114
114 117
114 143
115 144
115 167
115 168
115 174
115 115
115 119
116 147
116 134
116 172
116 116
116 118
116 148
117 117
118 134
118 138
118 172
118 147
118 118
118 120
118 126
119 168
119 119
119 172
119 144
120 134
120 135
120 136
120 172
120 147
120 120
120 122
120 126
121 121
121 129
121 153
122 135
122 136
122 146
122 132
122 122
122 159
123 128
123 132
123 173
123 176
123 178
123 123
124 167
124 175
124 174
124 124
124 125
125 129
125 130
125 172
125 174
125 175
125 142
125 125
126 134
126 135
126 136
126 172
126 147
126 126
127 163
127 133
127 145
127 177
127 149
127 170
127 136
127 127
128 128
128 173
128 176
128 178
128 132
128 135
129 129
129 130
129 142
129 175
129 145
129 180
129 149
130 130
130 142
130 175
130 150
130 153
131 131
131 132
131 165
131 166
131 177
131 146
131 155
131 164
132 136
132 173
132 176
132 178
132 155
132 132
133 163
133 164
133 133
133 177
133 170
134 134
134 172
134 147
134 148
135 135
135 136
135 146
136 136
136 170
136 146
137 167
137 137
137 151
137 158
137 159
138 138
138 156
138 160
138 157
139 161
139 178
139 139
139 168
140 171
140 166
140 169
140 140
140 141
140 146
140 149
140 150
140 143
141 171
141 165
141 169
141 141
141 143
141 180
141 149
141 150
142 142
142 175
143 171
143 146
143 143
143 158
143 159
144 144
144 174
144 175
145 165
145 145
145 146
146 166
146 146
147 172
147 147
147 148
148 172
148 152
148 148
149 169
149 171
149 180
149 149
149 150
150 164
150 165
150 169
150 171
150 180
150 150
151 167
151 168
151 151
151 158
151 159
152 152
153 165
153 153
154 154
155 165
155 166
155 177
155 155
155 164
156 160
156 179
156 157
156 156
157 172
157 157
158 158
158 159
159 159
160 160
161 161
162 162
162 179
163 163
163 164
163 170
164 164
164 165
164 166
164 177
165 165
165 166
165 177
166 166
166 177
167 167
167 174
167 168
168 168
169 171
169 169
169 170
169 180
170 170
171 171
171 180
172 172
173 173
173 176
173 178
174 174
174 175
175 175
176 176
176 178
177 177
178 178
179 179
180 180
