1 128
1 1
1 132
1 131
1 36
1 166
1 103
1 107
1 173
1 176
1 88
1 178
1 120
1 4
1 90
1 123
1 100
2 2
2 37
2 137
2 151
2 110
2 47
2 112
2 82
2 20
2 23
2 159
2 158
2 63
3 128
3 129
3 130
3 3
3 108
3 107
3 44
3 142
3 176
3 114
3 24
3 123
3 125
4 123
4 178
4 67
4 4
4 97
4 103
4 42
4 107
4 12
4 173
5 68
5 5
5 6
5 7
5 73
5 12
5 83
5 84
5 53
5 89
5 148
5 154
5 70
6 80
6 22
6 83
6 6
6 7
6 56
6 154
6 11
6 157
6 101
7 68
7 7
7 73
7 11
7 83
7 84
7 22
7 89
7 148
7 154
7 31
8 96
8 168
8 148
8 106
8 54
8 55
8 8
8 121
8 10
8 44
8 26
9 16
9 41
9 46
9 45
9 174
9 13
9 48
9 51
9 52
9 53
9 9
9 152
9 57
9 60
9 157
10 96
10 97
10 106
10 55
10 44
10 54
10 119
10 153
10 121
10 26
10 10
11 162
11 137
11 11
11 79
11 80
11 20
11 56
11 89
11 154
11 157
12 97
12 98
12 67
12 134
12 103
12 73
12 12
12 178
12 51
12 84
12 24
12 68
12 58
12 125
13 179
13 73
13 13
13 46
13 45
13 16
13 51
13 149
13 152
13 58
13 59
13 154
13 53
14 96
14 33
14 34
14 32
14 72
14 169
14 57
14 44
14 14
14 111
14 117
14 153
14 121
15 162
15 35
15 17
15 37
15 38
15 39
15 137
15 42
15 139
15 15
15 176
15 49
15 27
15 29
15 30
16 160
16 179
16 70
16 74
16 46
16 45
16 16
16 18
16 51
16 52
16 85
16 150
16 152
16 58
16 59
16 53
16 62
16 149
17 161
17 35
17 101
17 17
17 105
17 42
17 107
17 45
17 173
17 27
17 49
17 147
17 116
17 148
17 29
17 30
18 160
18 65
18 163
18 69
18 72
18 156
18 138
18 86
18 64
18 18
18 85
18 22
18 87
18 60
18 61
18 21
19 34
19 145
19 50
19 19
19 100
19 102
19 161
19 25
19 28
19 146
19 30
20 80
20 48
20 101
20 39
20 137
20 47
20 144
20 82
20 115
20 20
20 56
20 155
20 157
21 160
21 65
21 163
21 72
21 156
21 138
21 64
21 61
21 81
21 99
21 85
21 22
21 87
21 127
21 60
21 170
21 21
22 160
22 65
22 69
22 138
22 71
22 80
22 83
22 22
22 154
22 59
22 86
22 62
22 85
23 137
23 23
23 108
23 109
23 142
23 143
23 112
23 110
23 151
23 159
23 158
23 63
24 128
24 97
24 67
24 132
24 103
24 41
24 107
24 173
24 142
24 176
24 178
24 147
24 24
24 123
24 125
24 126
25 32
25 129
25 145
25 40
25 43
25 50
25 174
25 104
25 146
25 25
25 26
25 28
26 96
26 131
26 104
26 43
26 40
26 54
26 55
26 88
26 26
26 93
27 161
27 35
27 49
27 105
27 42
27 139
27 147
27 148
27 30
27 27
27 29
27 158
28 129
28 34
28 171
28 36
28 161
28 40
28 28
28 139
28 43
28 50
28 153
28 92
28 30
29 162
29 35
29 101
29 49
29 105
29 42
29 39
29 29
29 45
29 178
29 51
29 116
29 152
29 148
29 106
29 30
30 161
30 66
30 43
30 37
30 38
30 49
30 105
30 42
30 139
30 50
30 117
30 30
31 33
31 134
31 31
31 172
31 177
31 147
31 118
31 120
31 155
31 126
31 63
32 32
32 34
32 41
32 145
32 179
32 52
32 153
32 57
32 58
32 59
32 60
32 62
33 33
33 68
33 134
33 135
33 172
33 143
33 177
33 147
33 180
33 118
33 120
33 89
33 155
33 126
34 96
34 34
34 69
34 41
34 44
34 130
34 52
34 86
34 57
34 153
34 121
34 60
34 169
34 127
35 162
35 35
35 36
35 37
35 38
35 39
35 106
36 162
36 36
36 37
36 38
36 39
36 40
36 43
36 77
36 139
36 94
37 37
37 38
37 39
37 40
37 137
37 43
37 109
37 162
37 112
37 139
37 121
38 162
38 38
38 39
38 139
38 43
38 110
39 162
39 39
39 45
39 82
39 152
40 129
40 130
40 139
40 40
40 43
40 104
40 88
41 97
41 67
41 41
41 113
41 179
41 52
41 57
41 58
41 59
41 60
41 153
42 161
42 49
42 105
42 42
42 109
42 147
42 116
42 158
42 89
42 148
43 161
43 130
43 139
43 169
43 43
43 76
44 96
44 108
44 44
44 109
44 111
44 114
44 117
44 54
44 55
44 121
44 106
45 51
45 162
45 101
45 119
45 45
45 46
45 115
45 148
45 53
45 73
45 105
45 152
46 65
46 101
46 51
46 46
46 175
46 83
46 149
46 150
46 152
46 58
46 59
46 125
46 53
47 144
47 167
47 168
47 137
47 106
47 47
47 48
47 82
47 115
47 119
47 155
48 144
48 99
48 167
48 168
48 74
48 174
48 48
48 104
48 82
48 115
48 78
48 119
48 175
48 95
49 161
49 66
49 100
49 49
49 50
49 147
49 116
49 151
49 63
50 161
50 100
50 166
50 102
50 145
50 50
50 146
50 88
51 97
51 51
51 53
51 152
51 58
51 59
52 86
52 57
52 179
52 52
52 149
52 150
52 180
52 58
52 59
52 60
52 53
53 80
53 53
53 152
53 101
54 96
54 98
54 101
54 167
54 106
54 168
54 54
54 55
54 121
55 96
55 98
55 167
55 106
55 119
55 168
55 55
55 121
56 162
56 137
56 78
56 79
56 80
56 110
56 56
56 89
56 157
57 160
57 68
57 179
57 57
57 153
57 84
57 58
57 59
57 60
58 65
58 123
58 179
58 74
58 107
58 174
58 58
58 59
58 60
59 65
59 162
59 179
59 128
59 60
59 178
59 73
59 59
59 156
60 179
60 60
61 64
61 163
61 165
61 135
61 136
61 170
61 72
61 87
61 127
61 61
61 133
62 160
62 69
62 70
62 71
62 138
62 83
62 87
62 154
62 86
62 62
63 66
63 63
63 137
63 140
63 141
63 110
63 77
63 94
63 151
63 143
63 159
63 158
64 64
64 163
64 133
64 136
64 170
64 72
64 149
64 87
64 122
64 127
65 160
65 65
65 69
65 138
65 177
65 87
65 156
65 85
66 66
66 166
66 139
66 77
66 110
66 94
66 151
66 88
66 89
66 90
66 91
66 92
67 97
67 98
67 67
67 103
67 73
67 107
67 173
67 178
67 84
67 68
68 98
68 68
68 70
68 97
68 73
68 178
68 84
69 160
69 69
69 70
69 71
69 72
69 138
69 87
69 86
70 160
70 98
70 70
70 71
70 83
70 84
70 86
70 87
70 154
71 160
71 98
71 86
71 71
71 83
71 87
71 154
71 155
72 163
72 87
72 72
72 170
72 127
73 97
73 98
73 73
73 83
73 84
73 154
73 124
73 125
74 99
74 102
74 145
74 74
74 78
74 79
74 113
74 95
74 156
74 157
74 81
75 161
75 171
75 169
75 75
75 76
75 141
75 111
75 108
75 114
75 180
75 117
75 140
75 143
76 171
76 100
76 169
76 76
76 141
76 111
76 108
76 180
76 117
76 150
76 140
76 143
77 172
77 77
77 110
77 143
77 94
77 151
77 89
77 90
77 91
77 92
77 158
78 80
78 99
78 81
78 78
78 79
78 177
78 85
78 157
78 156
78 138
79 99
79 81
79 79
79 80
79 177
79 85
79 157
79 156
79 138
80 99
80 80
80 82
80 157
81 163
81 179
81 102
81 113
81 81
81 99
81 127
81 156
81 157
81 85
81 95
82 168
82 137
82 144
82 162
82 82
82 115
82 119
82 157
83 160
83 138
83 86
83 124
83 83
83 154
84 97
84 98
84 84
84 152
84 154
84 101
85 160
85 99
85 138
85 163
85 156
85 157
85 85
86 160
86 87
86 86
87 164
87 138
87 160
87 170
87 87
88 164
88 165
88 166
88 93
88 88
88 90
88 91
88 92
88 94
89 110
89 89
89 90
89 94
90 126
90 166
90 90
90 91
90 92
90 94
91 165
91 166
91 140
91 141
91 120
91 91
91 92
91 93
91 94
92 165
92 166
92 92
92 140
92 141
92 120
92 93
92 94
93 163
93 164
93 165
93 166
93 177
93 131
93 155
93 150
93 93
94 140
94 110
94 143
94 151
94 94
95 144
95 102
95 113
95 145
95 174
95 175
95 146
95 115
95 153
95 104
95 95
96 96
96 118
96 105
96 106
96 147
96 153
96 121
97 128
97 97
97 98
97 103
97 107
97 173
97 178
97 123
98 98
98 103
98 153
99 99
99 177
99 113
99 156
99 157
100 100
100 134
100 161
100 136
100 135
100 172
100 147
100 120
100 122
101 116
101 164
101 134
101 167
101 168
101 105
101 147
101 148
101 152
101 101
102 150
102 102
102 113
102 145
102 104
102 146
103 123
103 128
103 107
103 173
103 176
103 178
103 179
103 132
103 103
104 129
104 130
104 145
104 174
104 175
104 104
104 146
104 155
104 124
105 105
105 147
105 116
105 148
106 144
106 167
106 108
106 119
106 109
106 112
106 168
106 114
106 115
106 148
106 106
107 123
107 128
107 107
107 173
107 142
107 176
107 178
107 131
107 132
108 134
108 108
108 109
108 111
108 112
108 114
108 117
108 158
108 159
109 167
109 168
109 119
109 109
109 111
109 112
109 114
109 117
109 121
110 137
110 151
110 110
110 112
110 153
110 158
110 159
111 139
111 169
111 171
111 112
111 114
111 117
111 111
112 167
112 168
112 151
112 112
112 114
112 117
112 158
112 159
113 163
113 165
113 113
113 145
113 146
113 127
113 156
114 169
114 114
114 117
114 158
115 144
115 167
115 168
115 115
115 119
116 134
116 172
116 178
116 147
116 116
116 148
117 171
117 169
117 117
118 134
118 135
118 136
118 172
118 118
118 120
118 122
118 155
118 126
119 144
119 168
119 119
120 133
120 134
120 136
120 135
120 172
120 120
120 127
120 122
120 126
121 121
121 153
122 163
122 135
122 136
122 170
122 172
122 132
122 122
122 126
122 127
123 128
123 173
123 142
123 176
123 178
123 123
123 131
123 132
124 129
124 130
124 179
124 167
124 124
124 125
124 174
124 175
125 129
125 130
125 174
125 175
125 178
125 125
126 133
126 134
126 135
126 136
126 172
126 126
127 163
127 133
127 170
127 135
127 136
127 131
127 127
128 128
128 132
128 173
128 142
128 176
128 178
128 131
129 129
129 130
129 174
129 175
129 149
130 130
130 174
130 175
130 142
131 131
131 132
131 165
131 170
131 176
131 177
131 146
131 155
131 164
132 132
132 173
132 142
132 176
132 177
132 139
133 176
133 163
133 133
133 136
133 135
133 170
134 134
134 172
134 147
134 155
135 135
135 136
135 170
135 172
135 176
136 163
136 166
136 136
136 170
137 137
137 159
137 151
137 158
138 160
138 138
138 179
138 156
138 157
139 161
139 139
140 171
140 169
140 140
140 141
140 142
140 143
140 180
140 158
140 151
141 171
141 169
141 141
141 142
141 143
141 180
141 151
141 158
142 170
142 142
142 173
142 176
142 143
142 159
143 171
143 169
143 158
143 143
143 151
143 159
144 144
144 167
144 168
144 174
144 177
145 145
145 146
146 146
146 161
147 172
147 147
147 148
148 164
148 152
148 148
149 170
149 171
149 179
149 149
149 150
149 152
149 180
150 164
150 166
150 170
150 171
150 150
150 180
150 165
151 171
151 151
151 158
151 159
152 152
153 164
153 153
154 154
155 164
155 172
155 177
155 155
156 157
156 156
157 157
158 159
158 158
159 159
160 160
161 161
161 176
162 162
163 170
163 163
164 164
164 166
164 177
164 165
165 165
165 166
165 177
166 166
167 167
167 168
167 174
167 175
168 174
168 168
169 171
169 180
169 169
170 170
171 171
171 180
172 172
173 173
173 176
173 178
173 179
174 174
174 175
175 175
176 176
176 177
176 178
177 177
178 178
179 179
180 180
