1 128
1 1
1 66
1 131
1 4
1 107
1 176
1 88
1 132
1 26
1 123
1 90
2 33
2 2
2 37
2 137
2 151
2 159
2 110
2 112
2 158
2 23
2 27
2 94
2 63
3 129
3 130
3 3
3 103
3 34
3 142
3 173
3 178
3 149
3 24
3 124
3 125
4 128
4 132
4 36
4 103
4 107
4 173
4 176
4 178
4 30
4 89
4 123
4 4
5 67
5 68
5 5
5 6
5 7
5 73
5 11
5 12
5 84
5 53
5 56
5 154
6 6
6 7
6 73
6 11
6 80
6 20
6 22
6 56
6 154
6 157
6 101
7 68
7 7
7 56
7 84
7 154
7 11
7 12
7 53
7 73
8 96
8 98
8 8
8 172
8 10
8 55
8 44
8 54
8 119
8 121
8 26
8 106
9 32
9 179
9 41
9 13
9 46
9 16
9 51
9 52
9 53
9 73
9 9
9 57
9 58
9 59
9 60
10 96
10 131
10 165
10 168
10 10
10 55
10 93
10 40
10 54
10 119
10 121
10 26
10 58
11 137
11 11
11 80
11 20
11 56
11 89
11 154
11 157
11 31
12 97
12 98
12 67
12 68
12 73
12 103
12 12
12 178
12 84
12 53
12 24
12 148
13 16
13 115
13 101
13 167
13 45
13 46
13 13
13 80
13 82
13 51
13 53
13 119
13 152
13 179
13 59
13 58
14 96
14 32
14 34
14 133
14 71
14 41
14 44
14 14
14 111
14 145
14 146
14 121
14 86
14 57
14 153
14 169
15 128
15 161
15 162
15 35
15 36
15 37
15 38
15 39
15 105
15 42
15 139
15 110
15 15
15 49
15 17
15 137
15 27
15 29
15 30
16 22
16 164
16 179
16 60
16 46
16 45
16 16
16 51
16 52
16 149
16 150
16 152
16 58
16 59
16 124
17 161
17 162
17 35
17 17
17 134
17 39
17 105
17 42
17 172
17 49
17 147
17 116
17 137
17 148
17 27
17 29
17 30
18 160
18 65
18 34
18 99
18 164
18 69
18 72
18 64
18 138
18 83
18 86
18 78
18 18
18 163
18 85
18 22
18 87
18 156
18 61
18 21
19 161
19 100
19 102
19 145
19 140
19 50
19 141
19 49
19 146
19 19
19 25
19 90
19 28
19 30
20 80
20 82
20 115
20 20
20 101
20 56
20 137
20 157
20 47
21 160
21 65
21 163
21 164
21 69
21 72
21 64
21 138
21 61
21 81
21 85
21 87
21 156
21 170
21 21
22 32
22 65
22 70
22 71
22 138
22 160
22 78
22 79
22 83
22 85
22 22
22 154
22 155
22 157
22 62
23 137
23 151
23 108
23 109
23 110
23 112
23 23
23 153
23 159
23 158
23 63
24 128
24 97
24 67
24 132
24 134
24 103
24 105
24 107
24 173
24 142
24 176
24 178
24 24
24 123
25 129
25 34
25 131
25 102
25 145
25 40
25 43
25 146
25 104
25 50
25 25
25 26
25 28
26 96
26 40
26 92
26 43
26 104
26 52
26 53
26 54
26 55
26 90
26 60
26 26
27 161
27 35
27 139
27 49
27 105
27 42
27 39
27 162
27 147
27 116
27 148
27 27
27 29
27 30
28 161
28 139
28 36
28 40
28 43
28 50
28 143
28 146
28 28
28 30
29 162
29 35
29 101
29 39
29 105
29 106
29 45
29 147
29 116
29 152
29 148
29 29
29 30
30 161
30 35
30 37
30 38
30 49
30 105
30 42
30 139
30 43
30 89
30 36
30 30
31 33
31 134
31 105
31 172
31 147
31 148
31 118
31 56
31 121
31 155
31 126
31 31
32 32
32 34
32 179
32 41
32 83
32 52
32 53
32 57
32 58
32 60
33 33
33 155
33 134
33 105
33 172
33 147
33 148
33 118
33 121
33 126
33 116
34 65
34 34
34 121
34 70
34 40
34 41
34 160
34 44
34 130
34 113
34 52
34 57
34 169
34 153
34 60
34 62
35 176
35 162
35 35
35 37
35 38
35 39
36 162
36 139
36 37
36 38
36 39
36 40
36 43
36 108
36 36
37 128
37 37
37 38
37 39
37 40
37 43
37 109
37 162
37 112
37 139
38 128
38 162
38 38
38 39
38 40
38 139
38 43
39 162
39 39
39 103
39 45
40 139
40 104
40 169
40 43
40 76
40 40
41 41
41 48
41 179
41 52
41 53
41 57
41 58
41 59
41 60
41 125
42 96
42 161
42 100
42 49
42 42
42 77
42 147
42 116
42 132
43 161
43 43
43 139
43 111
44 96
44 161
44 100
44 135
44 108
44 44
44 109
44 111
44 114
44 117
44 55
44 121
45 162
45 101
45 168
45 105
45 45
45 46
45 47
45 51
45 148
45 152
46 144
46 164
46 179
46 46
46 51
46 149
46 152
46 58
46 59
46 101
47 144
47 167
47 168
47 80
47 106
47 47
47 48
47 82
47 115
47 119
47 124
48 144
48 99
48 167
48 104
48 74
48 174
48 48
48 82
48 115
48 78
48 175
48 124
48 95
49 161
49 66
49 100
49 49
49 50
49 151
49 122
49 63
50 161
50 100
50 102
50 145
50 135
50 146
50 50
50 122
50 91
51 67
51 101
51 51
51 53
51 119
51 152
51 179
51 59
51 58
52 138
52 142
52 60
52 179
52 52
52 149
52 150
52 57
52 156
52 58
52 53
53 97
53 179
53 80
53 53
53 57
53 60
54 96
54 167
54 168
54 106
54 55
54 144
54 54
54 119
54 152
54 121
55 96
55 118
55 167
55 168
55 106
55 55
55 119
55 121
56 137
56 80
56 56
56 89
56 154
56 157
57 99
57 68
57 57
57 175
57 179
57 84
57 58
57 59
57 60
58 179
58 73
58 58
58 59
58 60
59 67
59 144
59 179
59 152
59 59
59 60
60 68
60 174
60 78
60 79
60 125
60 179
60 60
61 64
61 163
61 165
61 136
61 170
61 72
61 87
61 127
61 61
61 69
61 133
62 160
62 65
62 69
62 70
62 71
62 138
62 98
62 83
62 87
62 154
62 155
62 86
62 62
63 66
63 77
63 140
63 141
63 110
63 143
63 94
63 151
63 63
63 158
63 159
64 64
64 163
64 133
64 136
64 170
64 72
64 87
64 127
64 69
64 165
65 160
65 65
65 86
65 138
65 69
65 85
65 87
66 66
66 77
66 143
66 151
66 88
66 89
66 90
66 91
66 92
66 94
67 97
67 98
67 67
67 68
67 103
67 73
67 107
67 173
67 178
67 84
68 97
68 98
68 68
68 70
68 73
68 84
68 154
69 164
69 69
69 70
69 71
69 72
69 138
69 160
69 86
69 87
69 153
70 160
70 70
70 71
70 138
70 98
70 83
70 84
70 87
70 86
71 160
71 98
71 71
71 138
71 83
71 87
71 153
71 86
72 163
72 165
72 72
72 170
72 87
72 127
72 133
73 97
73 125
73 178
73 84
73 73
73 154
73 101
74 99
74 102
74 113
74 177
74 74
74 78
74 79
74 145
74 85
74 95
74 156
74 81
75 171
75 169
75 75
75 108
75 141
75 143
75 76
75 114
75 180
75 117
75 111
75 122
75 140
76 171
76 169
76 76
76 141
76 143
76 140
76 180
76 117
76 151
76 111
77 77
77 158
77 151
77 89
77 94
77 90
77 110
77 159
78 80
78 99
78 157
78 82
78 78
78 79
78 81
78 85
78 156
78 138
79 99
79 156
79 157
79 79
79 80
79 81
79 82
79 85
79 138
80 80
80 82
80 154
80 157
81 149
81 99
81 133
81 113
81 177
81 81
81 163
81 127
81 156
81 85
81 95
82 167
82 168
82 144
82 82
82 115
82 119
82 157
83 160
83 130
83 138
83 83
83 85
83 154
83 125
84 97
84 98
84 84
84 154
85 160
85 163
85 164
85 157
85 99
85 156
85 138
85 85
86 160
86 98
86 138
86 86
86 87
86 153
87 164
87 170
87 160
87 87
87 153
88 131
88 165
88 166
88 141
88 177
88 146
88 88
88 90
88 91
88 92
88 93
89 110
89 94
89 89
89 137
89 90
90 131
90 166
90 120
90 90
90 91
90 92
90 94
91 131
91 165
91 166
91 136
91 140
91 141
91 143
91 91
91 92
91 93
91 94
92 131
92 165
92 166
92 136
92 140
92 141
92 93
92 143
92 177
92 92
92 94
93 155
93 164
93 165
93 166
93 177
93 149
93 150
93 93
94 161
94 110
94 143
94 158
94 151
94 94
95 129
95 130
95 102
95 113
95 104
95 145
95 174
95 175
95 146
95 150
95 95
96 96
96 106
96 109
96 153
96 121
97 97
97 98
97 103
97 107
97 173
97 178
97 123
98 98
98 153
99 99
99 113
99 157
99 156
99 138
100 161
100 100
100 135
100 136
100 172
100 146
100 118
100 120
100 122
100 126
101 116
101 164
101 134
101 168
101 148
101 105
101 152
101 101
102 145
102 180
102 102
102 113
102 104
102 146
103 123
103 128
103 107
103 173
103 176
103 178
103 116
103 118
103 132
103 103
104 129
104 130
104 145
104 174
104 175
104 104
104 146
104 150
105 134
105 105
105 172
105 178
105 147
105 116
105 148
106 144
106 167
106 168
106 106
106 119
106 108
106 109
106 112
106 114
106 115
106 148
107 128
107 162
107 107
107 173
107 142
107 176
107 178
107 123
107 132
108 139
108 108
108 109
108 111
108 112
108 114
108 117
108 151
108 158
108 159
109 168
109 109
109 111
109 112
109 114
109 117
109 121
109 158
109 159
110 137
110 151
110 172
110 110
110 112
110 158
110 118
110 159
111 171
111 114
111 135
111 169
111 117
111 120
111 111
111 143
112 168
112 137
112 151
112 112
112 114
112 117
112 158
112 159
113 163
113 133
113 113
113 145
113 146
113 127
114 169
114 139
114 114
114 117
114 151
114 158
115 144
115 167
115 168
115 174
115 115
115 119
115 152
116 134
116 172
116 147
116 116
116 118
116 148
117 161
117 117
117 169
117 121
118 134
118 135
118 172
118 147
118 118
118 120
118 155
118 126
119 167
119 119
119 144
119 168
119 155
120 135
120 136
120 170
120 172
120 120
120 122
120 126
120 127
121 161
121 153
121 121
121 127
121 126
122 135
122 136
122 170
122 140
122 122
122 126
122 127
123 128
123 162
123 173
123 142
123 176
123 178
123 132
123 123
124 130
124 129
124 144
124 167
124 174
124 175
124 124
124 125
125 129
125 130
125 167
125 142
125 178
125 174
125 175
125 125
126 134
126 135
126 136
126 172
126 143
126 176
126 126
127 163
127 133
127 170
127 135
127 136
127 127
128 128
128 173
128 142
128 176
128 178
128 132
129 129
129 130
129 174
129 175
129 145
129 150
129 155
130 130
130 142
130 175
130 180
130 174
131 131
131 132
131 165
131 166
131 177
131 146
131 155
132 161
132 173
132 142
132 176
132 132
133 163
133 133
133 136
133 170
134 134
134 172
134 147
134 148
134 137
134 155
135 135
135 136
135 172
135 170
136 136
136 170
137 137
137 147
137 151
137 158
137 159
138 160
138 156
138 138
138 157
139 161
139 139
139 176
140 171
140 166
140 169
140 140
140 141
140 143
140 180
140 151
141 166
141 169
141 171
141 141
141 143
141 180
141 151
142 176
142 142
143 171
143 158
143 180
143 169
143 151
143 143
144 144
144 167
144 168
144 174
145 145
145 146
146 166
146 171
146 146
147 172
147 147
147 148
148 152
148 148
149 164
149 165
149 171
149 149
149 150
149 180
150 164
150 165
150 166
150 171
150 177
150 150
150 180
151 161
151 159
151 151
151 158
152 152
152 154
153 153
153 159
153 158
153 165
154 179
154 154
155 164
155 157
155 177
155 155
155 165
156 157
156 156
157 157
158 158
158 159
159 159
160 160
161 161
162 162
162 173
163 165
163 163
163 170
164 165
164 164
164 166
164 177
165 165
165 166
165 177
166 166
166 177
167 167
167 168
167 174
167 175
168 168
169 171
169 180
169 169
170 170
170 180
171 171
171 180
172 172
172 173
173 173
173 176
173 178
174 174
174 175
175 175
176 176
177 177
178 178
179 179
180 180
