1 1
1 66
1 131
1 4
1 166
1 77
1 177
1 146
1 88
1 90
1 91
1 92
2 2
2 137
2 151
2 108
2 110
2 112
2 49
2 23
2 56
2 159
2 158
2 63
3 128
3 129
3 130
3 3
3 134
3 44
3 107
3 108
3 142
3 176
3 114
3 117
3 24
3 123
3 125
4 66
4 131
4 4
4 5
4 7
4 10
4 12
4 77
4 88
4 89
4 90
5 68
5 5
5 6
5 7
5 73
5 11
5 12
5 22
5 89
5 56
5 154
5 118
6 33
6 6
6 7
6 40
6 11
6 80
6 20
6 22
6 56
6 154
6 157
7 7
7 73
7 11
7 80
7 22
7 56
7 89
7 154
7 118
8 96
8 98
8 167
8 104
8 10
8 55
8 174
8 8
8 54
8 153
8 121
8 26
8 168
9 32
9 179
9 41
9 13
9 16
9 51
9 52
9 53
9 9
9 57
9 60
9 133
10 96
10 97
10 166
10 103
10 10
10 55
10 174
10 104
10 149
10 54
10 119
10 88
10 25
10 58
10 26
10 153
11 80
11 20
11 56
11 89
11 42
11 11
11 110
11 137
12 97
12 98
12 67
12 68
12 103
12 73
12 12
12 173
12 178
12 84
12 24
12 28
13 162
13 35
13 101
13 39
13 13
13 46
13 45
13 16
13 51
13 53
13 152
13 58
13 59
13 29
13 133
14 96
14 32
14 34
14 169
14 44
14 146
14 14
14 111
14 114
14 57
14 25
14 153
14 121
15 160
15 162
15 35
15 36
15 37
15 38
15 39
15 105
15 139
15 70
15 15
15 17
15 83
15 148
15 27
15 156
15 29
15 30
16 164
16 179
16 41
16 45
16 46
16 16
16 51
16 52
16 53
16 150
16 152
16 58
16 59
16 60
16 93
16 95
17 161
17 27
17 68
17 139
17 134
17 17
17 105
17 42
17 43
17 172
17 49
17 147
17 116
17 47
17 28
17 30
18 64
18 65
18 69
18 71
18 138
18 86
18 78
18 81
18 18
18 83
18 148
18 85
18 22
18 87
18 156
18 160
18 35
18 163
18 170
18 99
18 61
18 21
19 161
19 100
19 145
19 42
19 146
19 49
19 50
19 19
19 23
19 25
19 26
19 28
19 159
20 161
20 167
20 168
20 137
20 110
20 79
20 80
20 82
20 115
20 20
20 56
20 153
20 47
20 157
21 160
21 65
21 163
21 69
21 35
21 138
21 78
21 81
21 99
21 85
21 87
21 156
21 21
22 160
22 138
22 78
22 79
22 83
22 62
22 22
22 154
22 156
22 157
22 30
23 137
23 75
23 108
23 109
23 110
23 143
23 112
23 114
23 117
23 23
23 159
23 151
23 94
23 158
23 63
24 128
24 97
24 67
24 132
24 103
24 40
24 107
24 173
24 142
24 176
24 178
24 24
24 123
25 129
25 130
25 50
25 145
25 40
25 42
25 43
25 77
25 111
25 176
25 49
25 146
25 25
25 26
25 75
25 28
26 139
26 36
26 40
26 43
26 108
26 110
26 86
26 151
26 26
26 28
26 138
27 161
27 37
27 38
27 105
27 42
27 139
27 82
27 147
27 116
27 55
27 148
27 27
27 29
27 30
28 161
28 67
28 49
28 40
28 42
28 43
28 80
28 178
28 139
28 28
28 30
29 162
29 35
29 147
29 69
29 38
29 39
29 105
29 29
29 45
29 51
29 116
29 152
29 148
29 37
29 101
30 161
30 43
30 36
30 40
30 105
30 42
30 139
30 168
30 147
30 148
30 116
30 30
31 33
31 134
31 71
31 106
31 172
31 177
31 147
31 116
31 126
31 118
31 155
31 62
31 31
32 32
32 34
32 102
32 41
32 170
32 179
32 52
32 53
32 57
32 58
32 59
32 60
33 33
33 147
33 116
33 118
33 134
33 100
33 155
33 172
33 126
34 96
34 34
34 41
34 44
34 111
34 145
34 52
34 121
34 153
34 57
34 60
34 169
35 162
35 35
35 36
35 37
35 38
35 39
35 71
35 51
35 54
36 65
36 162
36 36
36 37
36 38
36 39
36 40
36 139
36 71
36 43
36 119
37 162
37 37
37 38
37 39
37 40
37 139
37 43
37 86
37 69
38 162
38 38
38 39
38 43
38 48
38 139
38 69
39 162
39 39
39 45
39 144
39 152
39 124
39 133
40 161
40 43
40 40
40 139
40 178
40 154
41 41
41 179
41 52
41 53
41 57
41 58
41 59
41 60
41 127
42 161
42 100
42 134
42 49
42 42
42 172
42 146
42 147
42 106
43 161
43 139
43 68
43 106
43 43
43 84
43 153
44 96
44 108
44 106
44 44
44 109
44 111
44 112
44 114
44 117
44 55
44 121
45 162
45 164
45 101
45 45
45 46
45 51
45 148
45 152
45 133
46 163
46 164
46 101
46 72
46 46
46 51
46 52
46 150
46 152
46 179
46 59
46 58
47 167
47 168
47 106
47 151
47 110
47 47
47 80
47 82
47 115
47 119
48 48
48 99
48 167
48 168
48 74
48 174
48 79
48 144
48 81
48 82
48 115
48 78
48 119
48 175
48 124
48 95
49 128
49 161
49 50
49 100
49 49
49 145
49 109
49 112
49 146
49 89
50 129
50 130
50 171
50 100
50 102
50 104
50 169
50 135
50 50
50 145
50 146
50 120
50 136
50 122
50 126
51 101
51 81
51 51
51 53
51 87
51 152
51 59
52 170
52 179
52 52
52 149
52 150
52 57
52 58
52 59
52 60
52 53
53 81
53 53
53 86
53 153
53 57
53 60
53 85
54 96
54 167
54 168
54 55
54 174
54 144
54 54
54 119
54 121
55 96
55 134
55 167
55 106
55 119
55 168
55 121
55 55
55 153
56 137
56 110
56 80
56 118
56 151
56 56
56 89
57 170
57 179
57 57
57 58
57 59
57 60
58 72
58 179
58 58
58 59
58 60
59 179
59 72
59 175
59 59
59 60
60 64
60 104
60 179
60 60
60 61
61 64
61 65
61 163
61 133
61 72
61 170
61 179
61 85
61 87
61 61
61 127
62 160
62 69
62 70
62 71
62 138
62 83
62 84
62 87
62 154
62 86
62 62
63 100
63 137
63 66
63 110
63 77
63 158
63 151
63 89
63 90
63 63
63 94
63 159
64 64
64 65
64 163
64 133
64 72
64 170
64 85
64 87
64 127
65 65
65 69
65 133
65 72
65 138
65 160
65 170
65 87
65 156
65 85
66 66
66 166
66 140
66 77
66 143
66 180
66 94
66 88
66 89
66 90
66 91
66 92
66 126
67 97
67 98
67 67
67 68
67 103
67 73
67 107
67 173
67 178
67 84
67 123
68 97
68 98
68 68
68 70
68 73
68 178
68 172
68 84
68 154
69 160
69 71
69 72
69 83
69 148
69 86
69 87
69 85
69 70
69 69
70 160
70 98
70 70
70 71
70 83
70 84
70 86
70 87
70 125
71 160
71 71
71 105
71 138
71 83
71 86
71 87
72 163
72 72
72 170
72 85
72 87
72 127
73 97
73 178
73 73
73 84
73 154
73 161
74 144
74 163
74 133
74 102
74 113
74 74
74 142
74 81
74 99
74 85
74 152
74 95
74 156
74 127
75 75
75 169
75 171
75 76
75 141
75 143
75 108
75 114
75 180
75 117
75 111
75 140
75 109
75 158
75 159
76 171
76 135
76 169
76 140
76 141
76 143
76 76
76 180
76 149
76 120
76 111
77 77
77 143
77 158
77 88
77 89
77 90
77 159
77 94
78 99
78 138
78 82
78 78
78 79
78 81
78 116
78 156
78 157
79 80
79 99
79 138
79 79
79 82
79 115
79 116
79 156
79 157
80 137
80 172
80 110
80 80
80 89
80 157
81 99
81 133
81 113
81 127
81 81
81 163
81 95
81 156
81 85
82 144
82 99
82 167
82 168
82 82
82 115
82 119
82 156
82 157
83 160
83 138
83 86
83 83
83 154
83 124
83 125
84 97
84 98
84 178
84 84
84 154
85 163
85 160
85 113
85 170
85 138
85 87
85 127
85 155
85 156
85 85
86 160
86 138
86 86
86 87
87 170
87 160
87 87
88 165
88 166
88 135
88 88
88 90
88 91
88 92
88 122
88 94
89 137
89 89
89 90
89 94
90 165
90 166
90 146
90 90
90 91
90 92
90 94
91 165
91 166
91 177
91 140
91 141
91 145
91 91
91 92
91 93
91 94
92 165
92 166
92 177
92 136
92 140
92 141
92 145
92 150
92 153
92 92
92 93
92 94
93 131
93 164
93 165
93 166
93 104
93 177
93 155
93 149
93 150
93 93
94 166
94 140
94 141
94 159
94 153
94 158
94 143
94 94
95 102
95 145
95 144
95 174
95 175
95 113
95 153
95 104
95 124
95 95
96 96
96 168
96 106
96 98
96 153
96 121
97 128
97 97
97 98
97 103
97 107
97 173
97 176
97 178
97 123
98 98
98 103
98 172
98 107
98 173
98 153
99 99
99 105
99 138
99 157
99 156
100 100
100 145
100 136
100 135
100 172
100 146
100 126
100 118
100 120
100 121
100 122
100 158
101 164
101 101
101 105
101 144
101 116
101 152
101 148
101 125
102 131
102 113
102 102
102 135
102 104
102 146
102 174
102 145
102 136
102 122
103 128
103 132
103 103
103 107
103 173
103 176
103 178
103 123
104 129
104 130
104 125
104 146
104 174
104 175
104 144
104 145
104 104
104 124
105 160
105 161
105 134
105 105
105 139
105 147
105 116
105 148
106 167
106 168
106 108
106 106
106 119
106 109
106 112
106 114
106 115
106 117
106 118
106 121
107 128
107 132
107 107
107 173
107 142
107 176
107 178
107 123
107 126
108 108
108 109
108 111
108 112
108 114
108 117
108 151
108 158
108 159
109 168
109 109
109 142
109 111
109 112
109 114
109 117
109 121
109 151
110 112
110 137
110 110
110 159
110 151
110 158
111 171
111 114
111 117
111 169
111 111
111 143
112 151
112 112
112 114
112 117
112 158
112 159
113 163
113 133
113 113
113 136
113 142
113 179
113 127
113 170
114 114
114 117
114 121
114 158
114 159
115 144
115 167
115 168
115 142
115 115
115 119
116 134
116 138
116 172
116 147
116 116
116 148
117 117
117 158
117 159
118 134
118 135
118 172
118 120
118 147
118 118
118 155
118 126
119 144
119 167
119 168
119 119
120 135
120 136
120 170
120 120
120 132
120 122
120 126
120 127
121 153
121 121
122 136
122 135
122 145
122 140
122 146
122 141
122 180
122 122
122 126
123 128
123 132
123 173
123 142
123 176
123 178
123 123
123 126
124 144
124 130
124 167
124 174
124 175
124 124
124 125
125 129
125 130
125 167
125 174
125 175
125 125
126 135
126 136
126 172
126 173
126 143
126 180
126 126
127 163
127 164
127 133
127 177
127 179
127 170
127 136
127 127
128 128
128 132
128 173
128 142
128 176
128 178
128 131
129 129
129 130
129 165
129 146
129 174
129 175
129 145
130 130
130 171
130 146
130 142
130 175
131 131
131 165
131 176
131 177
131 132
131 155
131 166
132 132
132 173
132 142
132 176
132 178
133 162
133 163
133 133
133 170
134 134
134 161
134 168
134 167
134 172
134 147
134 155
135 135
135 136
135 145
135 146
136 166
136 136
136 169
136 170
137 137
137 142
137 159
137 151
137 158
138 160
138 138
138 157
138 156
138 154
139 161
139 139
139 168
139 157
140 171
140 166
140 169
140 140
140 141
140 143
140 180
140 149
141 171
141 166
141 169
141 141
141 142
141 143
141 180
141 149
142 142
142 176
142 155
142 150
142 170
142 158
142 159
143 171
143 159
143 169
143 158
143 146
143 180
143 143
143 149
144 144
144 167
144 174
144 175
144 168
144 155
145 145
145 146
146 146
147 161
147 172
147 157
147 147
147 148
148 152
148 148
149 165
149 169
149 171
149 180
149 149
149 150
150 164
150 165
150 166
150 171
150 150
151 151
151 159
151 158
152 162
152 164
152 174
152 152
153 165
153 153
154 154
155 164
155 172
155 177
155 155
156 157
156 156
157 157
158 158
158 159
159 159
160 160
161 161
161 172
162 162
163 163
163 170
164 164
164 165
164 177
165 165
165 166
165 177
166 166
166 177
167 167
167 174
167 168
167 175
168 168
169 171
169 180
169 169
170 170
171 171
171 180
172 172
173 173
173 176
173 178
174 174
174 175
175 175
176 176
176 178
177 177
178 178
179 179
180 180
