1 128
1 1
1 131
1 132
1 166
1 107
1 173
1 176
1 123
1 88
1 4
1 90
1 91
1 92
1 100
2 2
2 137
2 151
2 108
2 110
2 112
2 20
2 23
2 56
2 153
2 27
2 158
2 159
3 128
3 129
3 130
3 3
3 142
3 24
3 123
3 124
3 125
3 14
3 175
4 128
4 67
4 4
4 97
4 103
4 12
4 173
4 176
4 178
4 107
4 139
4 36
4 123
5 162
5 68
5 5
5 6
5 7
5 73
5 11
5 12
5 84
5 56
5 89
5 154
6 6
6 7
6 73
6 11
6 80
6 83
6 20
6 22
6 56
6 39
6 154
7 162
7 68
7 7
7 73
7 11
7 12
7 84
7 56
7 89
7 154
8 96
8 168
8 105
8 10
8 44
8 8
8 147
8 54
8 55
8 121
8 26
8 106
9 83
9 41
9 45
9 46
9 13
9 16
9 51
9 52
9 53
9 9
9 152
9 57
9 58
9 60
10 96
10 177
10 104
10 10
10 55
10 13
10 51
10 40
10 54
10 119
10 153
10 121
10 26
11 105
11 11
11 110
11 80
11 20
11 137
11 56
11 89
11 154
11 31
12 97
12 98
12 67
12 73
12 103
12 12
12 162
12 178
12 147
12 84
12 118
12 24
12 68
13 79
13 51
13 83
13 101
13 78
13 13
13 46
13 45
13 16
13 179
13 53
13 152
13 58
13 59
13 29
14 96
14 32
14 34
14 121
14 169
14 170
14 44
14 14
14 111
14 50
14 19
14 52
14 57
14 153
15 162
15 35
15 17
15 37
15 38
15 39
15 105
15 42
15 139
15 15
15 49
15 178
15 27
15 29
15 30
16 95
16 164
16 74
16 45
16 46
16 16
16 81
16 51
16 52
16 149
16 150
16 87
16 152
16 59
16 60
16 53
17 161
17 35
17 134
17 17
17 105
17 42
17 39
17 49
17 178
17 147
17 116
17 24
17 148
17 27
17 29
17 30
18 160
18 65
18 21
18 99
18 69
18 72
18 64
18 138
18 86
18 46
18 79
18 81
18 18
18 78
18 22
18 87
18 156
18 61
18 85
19 161
19 100
19 166
19 102
19 145
19 50
19 49
19 146
19 19
19 88
19 25
19 122
19 28
20 144
20 167
20 168
20 137
20 47
20 80
20 82
20 115
20 148
20 56
20 20
20 124
20 157
21 160
21 65
21 163
21 69
21 72
21 41
21 138
21 64
21 61
21 81
21 85
21 87
21 127
21 156
21 170
21 21
22 160
22 65
22 86
22 71
22 138
22 45
22 78
22 79
22 80
22 83
22 22
22 154
22 70
22 157
22 62
23 137
23 42
23 23
23 108
23 109
23 110
23 143
23 112
23 151
23 159
23 158
23 63
24 128
24 97
24 162
24 132
24 103
24 107
24 173
24 142
24 176
24 178
24 67
24 24
24 123
25 129
25 130
25 102
25 104
25 43
25 146
25 145
25 50
25 40
25 153
25 25
25 26
25 28
26 165
26 104
26 43
26 40
26 54
26 55
26 26
26 28
26 93
26 150
27 96
27 161
27 35
27 49
27 105
27 42
27 139
27 162
27 110
27 147
27 148
27 39
27 27
27 29
27 30
28 161
28 43
28 36
28 40
28 139
28 146
28 50
28 91
28 28
28 30
29 162
29 35
29 147
29 101
29 39
29 105
29 42
29 45
29 51
29 116
29 30
29 73
29 152
29 148
29 29
29 55
30 161
30 43
30 37
30 38
30 49
30 105
30 42
30 139
30 44
30 114
30 108
30 151
30 121
30 30
31 33
31 134
31 172
31 177
31 147
31 116
31 118
31 56
31 154
31 155
31 125
31 126
31 31
32 32
32 34
32 41
32 98
32 179
32 52
32 153
32 57
32 58
32 59
32 60
33 33
33 68
33 134
33 105
33 172
33 109
33 112
33 147
33 116
33 118
33 120
33 155
33 126
34 34
34 72
34 169
34 44
34 98
34 146
34 52
34 57
34 41
34 153
34 121
34 60
34 127
35 162
35 35
35 36
35 37
35 38
35 39
35 42
35 107
35 106
36 162
36 37
36 38
36 39
36 40
36 43
36 176
36 139
36 89
36 36
36 158
37 162
37 37
37 38
37 39
37 40
37 43
37 173
37 110
37 107
37 139
37 103
38 162
38 38
38 39
38 107
38 43
38 139
38 123
39 162
39 39
39 73
39 45
39 47
39 82
40 129
40 131
40 40
40 43
40 104
40 139
41 41
41 57
41 179
41 52
41 86
41 153
41 58
41 59
41 60
42 161
42 49
42 105
42 42
42 173
42 147
42 116
42 159
43 161
43 43
43 139
43 76
43 90
44 96
44 44
44 106
44 108
44 109
44 111
44 114
44 117
44 54
44 55
44 121
45 144
45 101
45 105
45 119
45 45
45 46
45 51
45 148
45 53
45 152
45 124
45 157
46 149
46 164
46 69
46 46
46 51
46 52
46 85
46 86
46 152
46 59
46 53
46 101
47 48
47 167
47 168
47 137
47 106
47 47
47 144
47 82
47 115
47 119
47 124
48 48
48 99
48 104
48 74
48 175
48 174
48 79
48 144
48 82
48 115
48 78
48 119
48 152
48 124
48 95
49 128
49 161
49 100
49 49
49 139
49 94
49 114
49 147
50 145
50 50
50 100
50 102
50 161
50 122
50 146
51 51
51 101
51 157
51 179
51 53
51 152
51 58
51 59
51 125
52 163
52 133
52 57
52 130
52 179
52 52
52 150
52 180
52 58
52 60
52 53
52 149
53 53
53 142
53 152
53 101
54 96
54 167
54 106
54 119
54 174
54 168
54 148
54 54
54 55
54 121
55 96
55 134
55 167
55 106
55 119
55 109
55 168
55 116
55 55
55 121
56 137
56 80
56 56
56 89
56 154
57 129
57 133
57 87
57 98
57 113
57 179
57 57
57 153
57 58
57 59
57 60
58 65
58 179
58 70
58 58
58 59
58 60
58 62
59 162
59 179
59 60
59 174
59 59
59 156
59 125
59 62
60 69
60 179
60 60
61 64
61 65
61 163
61 133
61 135
61 136
61 170
61 61
61 72
61 87
61 93
61 127
62 160
62 69
62 70
62 71
62 138
62 83
62 87
62 152
62 86
62 62
63 161
63 75
63 76
63 171
63 108
63 141
63 143
63 140
63 117
63 151
63 159
63 158
63 63
64 64
64 65
64 163
64 133
64 135
64 136
64 170
64 93
64 72
64 87
64 127
65 65
65 69
65 72
65 138
65 160
65 87
65 156
65 85
66 161
66 66
66 166
66 140
66 141
66 77
66 143
66 151
66 88
66 89
66 90
66 91
66 92
66 94
67 97
67 98
67 67
67 103
67 73
67 107
67 162
67 173
67 178
67 84
67 68
68 98
68 68
68 97
68 73
68 178
68 84
68 105
68 154
69 160
69 69
69 70
69 71
69 138
69 85
69 86
69 87
69 155
70 160
70 98
70 70
70 71
70 138
70 83
70 84
70 86
70 154
71 160
71 98
71 86
71 71
71 138
71 83
71 179
71 87
72 163
72 133
72 72
72 170
72 87
72 127
73 97
73 98
73 73
73 125
73 84
73 154
74 99
74 102
74 145
74 74
74 78
74 79
74 113
74 85
74 95
74 156
74 81
75 171
75 100
75 169
75 75
75 76
75 141
75 143
75 108
75 114
75 180
75 117
75 111
75 140
76 169
76 171
76 140
76 141
76 143
76 76
76 180
76 149
76 111
76 117
76 126
77 158
77 151
77 94
77 89
77 90
77 139
77 159
77 77
77 110
77 143
78 80
78 99
78 82
78 78
78 79
78 81
78 85
78 157
78 156
78 138
79 80
79 99
79 82
79 79
79 157
79 85
79 156
79 138
80 80
80 82
80 148
80 154
80 157
81 99
81 102
81 113
81 81
81 163
81 127
81 156
81 85
81 95
82 168
82 144
82 82
82 115
82 119
82 157
83 160
83 138
83 83
83 154
83 86
83 125
84 97
84 98
84 84
84 105
84 154
85 160
85 163
85 113
85 157
85 99
85 87
85 179
85 156
85 138
85 85
86 160
86 98
86 138
86 87
86 86
87 160
87 87
88 131
88 165
88 166
88 135
88 140
88 141
88 93
88 177
88 88
88 122
88 91
88 92
88 90
89 89
89 137
89 110
89 94
90 100
90 166
90 141
90 90
90 91
90 92
90 94
91 165
91 166
91 135
91 92
91 140
91 141
91 150
91 91
91 93
91 94
92 131
92 165
92 166
92 135
92 140
92 141
92 150
92 92
92 93
92 94
93 131
93 164
93 165
93 166
93 93
93 177
93 155
93 149
93 150
94 140
94 110
94 143
94 141
94 158
94 151
94 94
95 130
95 99
95 164
95 102
95 129
95 104
95 145
95 174
95 146
95 144
95 113
95 95
96 96
96 109
96 153
96 121
96 106
97 97
97 98
97 103
97 107
97 173
97 178
97 172
97 123
98 98
98 153
99 99
99 157
99 155
99 156
99 138
100 100
100 161
100 136
100 140
100 172
100 141
100 120
100 132
100 135
100 122
100 126
101 115
101 164
101 101
101 134
101 105
101 144
101 177
101 116
101 152
101 148
102 102
102 113
102 145
102 146
102 150
102 104
103 128
103 103
103 107
103 173
103 176
103 178
103 132
103 123
104 129
104 130
104 145
104 174
104 175
104 104
104 146
104 144
104 153
104 155
105 148
105 134
105 105
105 172
105 147
105 116
106 144
106 134
106 167
106 108
106 106
106 119
106 109
106 112
106 168
106 114
106 115
107 123
107 128
107 107
107 173
107 176
107 178
107 132
108 108
108 109
108 158
108 111
108 112
108 114
108 117
108 159
109 168
109 109
109 111
109 112
109 114
109 117
109 121
109 158
109 159
110 137
110 172
110 110
110 112
110 158
110 118
110 151
110 159
111 161
111 171
111 169
111 112
111 114
111 117
111 111
112 167
112 168
112 151
112 112
112 114
112 117
112 158
112 159
113 163
113 133
113 113
113 145
113 146
113 127
113 156
114 169
114 158
114 114
114 117
114 151
114 159
115 144
115 167
115 168
115 174
115 115
115 119
116 134
116 172
116 147
116 116
116 118
116 148
117 139
117 169
117 171
117 117
117 121
118 134
118 135
118 172
118 147
118 118
118 120
118 155
118 126
119 144
119 168
119 119
120 133
120 135
120 136
120 169
120 170
120 172
120 176
120 180
120 120
120 122
120 126
121 153
121 121
122 136
122 135
122 122
122 170
122 126
122 127
123 128
123 173
123 142
123 176
123 178
123 123
123 132
123 126
124 129
124 130
124 167
124 168
124 174
124 175
124 124
124 125
125 129
125 130
125 167
125 142
125 175
125 178
125 174
125 125
126 134
126 135
126 136
126 172
126 126
127 163
127 133
127 170
127 135
127 136
127 127
128 128
128 173
128 142
128 176
128 139
128 132
129 129
129 130
129 145
129 174
129 175
129 142
130 130
130 174
130 175
130 142
131 131
131 132
131 165
131 166
131 176
131 177
131 146
131 164
131 155
132 173
132 142
132 176
132 132
133 165
133 163
133 133
133 170
133 136
134 134
134 172
134 147
134 148
134 155
135 135
135 136
135 170
135 171
135 180
136 166
136 136
136 170
137 137
137 147
137 151
137 158
137 159
138 160
138 156
138 138
138 152
138 157
139 161
139 139
140 171
140 166
140 169
140 141
140 143
140 140
140 180
140 151
141 171
141 166
141 141
141 143
141 180
141 169
141 151
142 142
142 176
142 149
143 161
143 171
143 169
143 158
143 143
143 151
143 159
144 144
144 167
144 174
144 168
144 175
145 145
145 146
145 150
146 146
147 147
147 172
147 148
148 148
148 167
148 168
148 152
148 154
149 165
149 170
149 171
149 149
149 150
149 180
150 164
150 165
150 177
150 171
150 150
150 180
150 166
151 158
151 151
151 159
152 152
152 175
153 165
153 153
154 154
155 164
155 177
155 155
155 165
156 157
156 156
157 157
158 158
158 159
159 159
160 160
160 179
161 161
161 176
162 162
163 163
163 170
164 177
164 164
164 165
165 166
165 170
165 177
165 165
166 166
166 177
167 167
167 168
167 174
167 175
168 174
168 168
169 171
169 180
169 169
170 170
171 171
171 180
172 172
173 173
173 176
173 178
174 174
174 175
175 175
176 176
177 177
178 178
179 179
180 180
