1 128
1 1
1 131
1 4
1 161
1 176
1 123
1 88
1 132
1 90
1 91
1 92
2 2
2 137
2 151
2 110
2 47
2 112
2 82
2 20
2 23
2 153
2 158
2 159
3 128
3 129
3 130
3 3
3 173
3 24
3 107
3 123
3 34
3 142
3 125
4 128
4 36
4 103
4 107
4 173
4 176
4 178
4 118
4 89
4 132
4 123
4 4
5 67
5 68
5 5
5 6
5 7
5 73
5 11
5 12
5 178
5 84
5 56
5 89
5 154
5 29
6 6
6 7
6 11
6 125
6 79
6 80
6 83
6 53
6 22
6 56
6 154
6 157
7 162
7 68
7 7
7 73
7 11
7 12
7 84
7 22
7 56
7 89
7 154
7 29
8 96
8 8
8 105
8 10
8 55
8 44
8 14
8 17
8 54
8 153
8 121
8 26
8 106
9 68
9 179
9 41
9 57
9 13
9 46
9 79
9 16
9 51
9 52
9 53
9 9
9 152
9 84
9 58
9 59
9 60
10 96
10 10
10 55
10 44
10 177
10 40
10 54
10 119
10 152
10 121
10 26
10 153
11 162
11 137
11 11
11 80
11 20
11 56
11 89
11 154
11 157
12 97
12 98
12 67
12 68
12 73
12 103
12 12
12 178
12 84
12 24
12 39
12 33
13 16
13 45
13 101
13 79
13 78
13 13
13 46
13 175
13 48
13 125
13 51
13 53
13 22
13 152
13 179
13 59
13 58
14 96
14 32
14 34
14 36
14 72
14 169
14 44
14 14
14 57
14 41
14 153
14 121
14 60
14 61
15 128
15 162
15 35
15 17
15 37
15 38
15 39
15 105
15 42
15 139
15 15
15 49
15 27
15 29
15 30
16 51
16 164
16 104
16 142
16 45
16 16
16 81
16 179
16 52
16 46
16 150
16 87
16 152
16 26
16 59
16 58
16 149
17 162
17 35
17 17
17 134
17 39
17 105
17 42
17 107
17 173
17 27
17 49
17 147
17 116
17 137
17 148
17 123
17 29
17 30
18 160
18 65
18 163
18 69
18 72
18 41
18 138
18 64
18 61
18 18
18 83
18 85
18 86
18 87
18 22
18 127
18 156
18 170
18 21
19 161
19 34
19 131
19 100
19 102
19 40
19 146
19 145
19 50
19 19
19 25
19 28
19 30
20 48
20 39
20 137
20 110
20 47
20 80
20 82
20 115
20 20
20 56
20 124
20 157
21 160
21 65
21 163
21 69
21 72
21 41
21 138
21 64
21 61
21 81
21 85
21 22
21 87
21 127
21 156
21 170
21 21
22 160
22 65
22 70
22 138
22 71
22 83
22 22
22 154
22 157
22 62
22 85
23 137
23 42
23 151
23 110
23 143
23 112
23 147
23 23
23 159
23 158
23 63
24 123
24 97
24 67
24 132
24 39
24 128
24 107
24 173
24 142
24 176
24 178
24 24
24 103
24 29
25 129
25 165
25 102
25 40
25 41
25 43
25 28
25 145
25 146
25 25
25 104
25 26
25 60
26 96
26 131
26 165
26 40
26 43
26 121
26 149
26 54
26 55
26 153
26 26
27 128
27 161
27 162
27 35
27 37
27 38
27 49
27 105
27 42
27 139
27 147
27 116
27 121
27 148
27 27
27 29
27 30
28 161
28 139
28 36
28 166
28 40
28 43
28 50
28 146
28 88
28 28
29 97
29 162
29 35
29 147
29 105
29 42
29 39
29 45
29 67
29 116
29 148
29 152
29 29
29 101
30 161
30 35
30 36
30 37
30 38
30 49
30 42
30 139
30 143
30 50
30 147
30 43
30 111
30 30
31 33
31 134
31 105
31 172
31 177
31 147
31 148
31 118
31 56
31 116
31 155
31 31
32 32
32 34
32 69
32 41
32 130
32 142
32 179
32 52
32 86
32 57
32 153
32 58
32 59
32 60
33 172
33 33
33 134
33 105
33 44
33 114
33 147
33 116
33 117
33 118
33 155
33 126
34 96
34 34
34 133
34 41
34 44
34 52
34 57
34 153
34 121
34 163
34 60
34 169
34 127
35 162
35 35
35 36
35 37
35 38
35 39
35 42
35 176
36 162
36 37
36 38
36 40
36 139
36 66
36 43
36 132
36 36
36 63
37 162
37 37
37 38
37 39
37 43
37 108
37 114
37 139
37 158
38 128
38 162
38 38
38 39
38 43
38 139
38 158
39 162
39 39
39 45
39 80
39 148
40 139
40 104
40 43
40 40
40 146
40 52
41 160
41 70
41 57
41 179
41 52
41 41
41 58
41 59
41 60
41 53
42 161
42 134
42 49
42 105
42 42
42 176
42 172
42 112
42 147
42 116
42 89
42 159
43 161
43 43
43 139
43 92
43 90
44 96
44 44
44 109
44 111
44 114
44 117
44 54
44 55
44 121
44 106
45 144
45 162
45 101
45 105
45 45
45 46
45 51
45 148
45 119
45 152
45 124
46 164
46 101
46 46
46 51
46 149
46 86
46 152
46 58
46 59
46 85
47 48
47 167
47 168
47 137
47 106
47 47
47 144
47 82
47 115
47 119
47 153
47 124
48 48
48 99
48 167
48 104
48 74
48 174
48 144
48 82
48 115
48 119
48 175
48 124
48 125
48 95
49 96
49 161
49 66
49 100
49 134
49 49
49 172
49 147
49 116
50 145
50 50
50 100
50 131
50 102
50 161
50 122
50 146
51 58
51 68
51 101
51 157
51 51
51 53
51 152
51 179
51 59
51 124
51 154
52 57
52 130
52 179
52 52
52 149
52 180
52 58
52 59
52 60
53 97
53 101
53 174
53 53
53 152
53 179
53 59
53 58
54 96
54 98
54 168
54 106
54 119
54 54
54 55
54 121
55 96
55 134
55 167
55 106
55 109
55 168
55 55
55 121
56 162
56 137
56 110
56 80
56 56
56 89
56 157
57 179
57 86
57 57
57 58
57 59
57 60
58 65
58 179
58 58
58 59
58 60
59 65
59 83
59 179
59 138
59 60
59 59
59 156
60 71
60 113
60 179
60 60
61 64
61 163
61 133
61 72
61 170
61 177
61 87
61 127
61 61
61 69
62 160
62 65
62 98
62 69
62 70
62 71
62 138
62 83
62 179
62 84
62 87
62 154
62 86
62 62
63 171
63 140
63 141
63 110
63 143
63 158
63 151
63 159
63 94
63 63
64 64
64 163
64 133
64 72
64 170
64 177
64 87
64 69
64 127
65 160
65 65
65 69
65 138
65 85
65 87
65 86
66 66
66 166
66 77
66 110
66 143
66 151
66 88
66 89
66 90
66 91
66 92
66 94
67 97
67 98
67 67
67 68
67 103
67 73
67 107
67 173
67 178
67 84
68 97
68 98
68 68
68 70
68 84
68 73
68 148
68 154
69 69
69 70
69 72
69 138
69 71
69 86
69 87
69 160
70 160
70 98
70 70
70 71
70 83
70 179
70 84
70 87
70 86
71 160
71 98
71 86
71 71
71 138
71 83
71 87
72 163
72 164
72 72
72 170
72 87
72 127
72 133
73 84
73 97
73 178
73 73
73 148
73 154
74 99
74 102
74 113
74 74
74 78
74 79
74 145
74 179
74 95
74 156
74 157
74 81
75 139
75 169
75 171
75 75
75 76
75 141
75 143
75 108
75 114
75 180
75 117
75 111
75 140
75 109
76 171
76 100
76 169
76 140
76 141
76 143
76 76
76 114
76 180
76 117
76 111
77 137
77 172
77 77
77 110
77 143
77 94
77 151
77 89
77 90
77 91
77 92
77 158
78 99
78 138
78 78
78 79
78 80
78 81
78 85
78 157
78 152
78 156
79 99
79 79
79 80
79 81
79 85
79 156
79 157
80 99
80 80
80 82
80 154
80 157
81 99
81 102
81 113
81 81
81 163
81 127
81 156
81 157
81 85
81 95
82 167
82 137
82 144
82 82
82 115
82 119
82 155
82 157
83 160
83 138
83 83
83 85
83 152
83 154
83 125
84 97
84 98
84 84
84 154
85 160
85 163
85 138
85 99
85 127
85 156
85 85
86 98
86 138
86 160
86 86
86 87
87 170
87 160
87 87
88 131
88 165
88 166
88 92
88 177
88 150
88 88
88 90
88 91
88 93
88 126
89 90
89 89
89 94
90 166
90 161
90 90
90 91
90 92
90 94
91 131
91 100
91 166
91 140
91 141
91 91
91 92
91 94
92 131
92 100
92 165
92 166
92 140
92 141
92 94
92 92
92 93
92 126
93 177
93 166
93 131
93 164
93 165
93 150
93 145
93 93
93 149
94 158
94 140
94 141
94 143
94 110
94 118
94 151
94 94
95 129
95 130
95 102
95 113
95 104
95 145
95 174
95 175
95 146
95 179
95 95
96 96
96 106
96 153
96 121
97 128
97 97
97 98
97 103
97 107
97 173
97 178
97 123
98 98
98 152
98 153
98 155
99 99
99 113
99 157
99 152
99 156
99 138
100 172
100 161
100 100
100 135
100 136
100 169
100 118
100 120
100 122
100 126
101 164
101 101
101 105
101 115
101 116
101 152
101 148
101 155
101 124
102 102
102 113
102 145
102 146
102 149
102 104
103 128
103 134
103 103
103 107
103 173
103 176
103 178
103 116
103 132
103 123
104 130
104 129
104 145
104 174
104 175
104 104
104 146
105 134
105 105
105 147
105 116
105 106
105 148
106 144
106 162
106 167
106 106
106 119
106 109
106 112
106 108
106 114
106 115
106 168
107 128
107 107
107 173
107 142
107 176
107 178
107 132
107 123
108 108
108 172
108 109
108 111
108 112
108 114
108 117
108 151
108 158
108 159
109 168
109 109
109 111
109 112
109 114
109 172
109 117
109 118
109 121
110 134
110 137
110 151
110 110
110 112
110 158
110 159
111 171
111 169
111 112
111 114
111 117
111 111
112 167
112 168
112 151
112 112
112 114
112 117
112 158
112 159
113 113
113 145
113 177
113 127
113 146
113 163
113 156
114 169
114 114
114 117
114 151
115 144
115 167
115 168
115 174
115 115
115 119
115 124
116 155
116 134
116 172
116 147
116 116
116 118
116 137
116 148
117 171
117 169
117 117
118 134
118 135
118 172
118 147
118 126
118 118
118 151
118 120
118 155
119 144
119 167
119 168
119 174
119 119
120 120
120 180
120 133
120 135
120 136
120 122
120 170
120 126
120 127
121 153
121 121
122 163
122 135
122 136
122 170
122 131
122 180
122 122
122 126
122 127
123 123
123 128
123 173
123 142
123 176
123 178
123 147
123 132
124 130
124 129
124 167
124 174
124 175
124 124
124 125
125 129
125 130
125 167
125 142
125 175
125 174
125 125
126 133
126 135
126 136
126 171
126 172
126 142
126 126
127 163
127 133
127 170
127 135
127 136
127 127
128 128
128 132
128 173
128 142
128 178
128 176
129 129
129 130
129 174
129 175
129 145
129 155
130 130
130 174
130 175
130 145
130 146
130 142
131 131
131 132
131 165
131 166
131 136
131 177
132 132
132 173
132 142
132 176
132 139
133 163
133 133
133 135
133 170
133 136
134 134
134 172
134 147
134 155
135 163
135 135
135 136
135 170
135 180
136 163
136 136
136 170
137 137
137 151
137 158
137 159
138 160
138 156
138 138
138 154
139 161
139 143
139 139
139 153
140 161
140 171
140 166
140 169
140 140
140 141
140 143
140 180
140 158
140 151
141 161
141 171
141 166
141 169
141 141
141 143
141 180
141 151
142 142
142 176
143 171
143 158
143 169
143 143
143 151
143 159
144 144
144 168
144 167
144 174
145 145
145 146
145 149
146 165
146 146
146 150
147 172
147 147
147 148
148 168
148 167
148 152
148 148
149 164
149 165
149 171
149 180
149 149
149 150
150 164
150 165
150 166
150 171
150 177
150 180
150 150
151 159
151 151
151 158
152 164
152 152
153 153
154 154
155 164
155 172
155 177
155 155
156 157
156 156
157 157
158 158
158 159
159 159
160 160
161 161
162 162
162 178
163 170
163 163
164 164
164 177
164 165
165 165
165 166
165 177
166 166
166 177
167 167
167 168
167 175
167 174
168 168
168 174
169 171
169 180
169 169
170 177
170 170
171 171
171 180
172 172
173 173
173 176
173 178
174 174
174 175
175 175
176 176
176 178
177 177
178 178
179 179
180 180
