1 19
1 1
1 131
1 132
1 107
1 88
1 4
1 90
1 123
1 176
1 128
2 112
2 2
2 43
2 110
2 23
2 56
2 137
2 151
2 108
2 158
2 159
3 129
3 130
3 3
3 103
3 107
3 173
3 142
3 175
3 149
3 24
3 121
3 125
4 4
4 103
4 40
4 107
4 12
4 173
4 178
4 7
4 132
4 90
4 123
5 68
5 5
5 6
5 7
5 73
5 11
5 12
5 84
5 118
5 89
5 154
5 30
6 6
6 7
6 11
6 80
6 17
6 20
6 22
6 56
6 89
6 154
6 157
7 7
7 73
7 42
7 11
7 12
7 84
7 56
7 89
7 154
8 96
8 35
8 167
8 8
8 105
8 10
8 44
8 174
8 168
8 54
8 55
8 121
8 26
9 32
9 104
9 41
9 13
9 46
9 16
9 51
9 52
9 53
9 9
9 152
9 57
9 60
10 96
10 177
10 104
10 10
10 55
10 174
10 54
10 153
10 152
10 121
10 26
10 119
11 80
11 20
11 56
11 89
11 11
11 172
11 110
11 137
12 97
12 98
12 67
12 73
12 103
12 12
12 173
12 178
12 84
12 24
12 68
12 30
13 162
13 101
13 39
13 74
13 45
13 46
13 13
13 16
13 51
13 53
13 152
13 58
13 59
13 29
14 96
14 32
14 34
14 40
14 169
14 44
14 14
14 111
14 57
14 153
14 121
14 60
15 162
15 35
15 36
15 37
15 38
15 39
15 54
15 105
15 42
15 139
15 29
15 15
15 17
15 82
15 116
15 22
15 148
15 27
15 157
15 30
16 164
16 179
16 41
16 127
16 46
16 45
16 16
16 51
16 52
16 149
16 150
16 152
16 58
16 59
16 60
16 61
16 53
17 161
17 27
17 134
17 49
17 105
17 42
17 139
17 172
17 80
17 17
17 147
17 20
17 73
17 116
17 47
17 30
18 160
18 65
18 162
18 163
18 69
18 39
18 72
18 156
18 138
18 64
18 61
18 81
18 18
18 83
18 53
18 86
18 87
18 21
18 170
18 85
19 100
19 135
19 40
19 161
19 76
19 50
19 145
19 141
19 49
19 146
19 19
19 25
19 122
19 140
19 28
19 126
20 167
20 168
20 137
20 110
20 79
20 80
20 82
20 115
20 20
20 56
20 47
20 157
21 160
21 65
21 162
21 99
21 69
21 138
21 78
21 81
21 83
21 85
21 22
21 87
21 156
21 21
22 160
22 36
22 71
22 138
22 78
22 79
22 83
22 116
22 22
22 154
22 156
22 157
22 62
23 137
23 43
23 108
23 109
23 110
23 143
23 112
23 114
23 117
23 23
23 159
23 151
23 94
23 158
23 63
24 128
24 97
24 67
24 68
24 103
24 107
24 173
24 142
24 176
24 178
24 24
24 132
24 123
24 30
25 129
25 130
25 102
25 40
25 43
25 146
25 145
25 50
25 153
25 25
25 26
25 28
25 104
26 128
26 32
26 43
26 103
26 104
26 107
26 173
26 176
26 40
26 139
26 54
26 26
26 123
26 28
27 161
27 35
27 37
27 38
27 49
27 105
27 42
27 167
27 134
27 147
27 116
27 55
27 148
27 139
27 27
27 29
27 30
28 128
28 161
28 139
28 40
28 42
28 43
28 49
28 30
28 28
28 158
28 117
29 144
29 162
29 35
29 147
29 101
29 38
29 39
29 105
29 45
29 48
29 51
29 116
29 152
29 148
29 29
29 37
30 161
30 35
30 36
30 49
30 40
30 105
30 42
30 139
30 147
30 43
30 30
31 160
31 33
31 69
31 134
31 105
31 172
31 177
31 147
31 116
31 118
31 155
31 157
31 31
32 32
32 34
32 41
32 179
32 52
32 153
32 57
32 59
32 60
32 58
33 33
33 147
33 116
33 134
33 118
33 105
33 153
33 155
33 172
33 126
34 34
34 121
34 169
34 44
34 50
34 142
34 146
34 52
34 41
34 153
34 57
34 60
35 162
35 35
35 36
35 37
35 38
35 39
35 79
35 98
35 84
36 162
36 36
36 37
36 38
36 39
36 40
36 43
36 168
36 139
37 162
37 37
37 38
37 39
37 43
37 139
37 55
37 70
37 62
38 162
38 99
38 38
38 39
38 43
38 139
38 119
38 62
39 162
39 39
39 45
39 51
40 161
40 43
40 132
40 40
40 139
40 77
40 111
40 94
40 63
41 163
41 72
41 41
41 179
41 52
41 53
41 57
41 58
41 59
41 60
42 97
42 67
42 49
42 161
42 42
42 172
42 178
42 147
42 139
42 56
42 116
43 128
43 161
43 43
43 139
43 108
43 114
43 89
43 159
44 96
44 100
44 44
44 106
44 108
44 109
44 111
44 114
44 117
44 55
44 121
45 162
45 101
45 74
45 45
45 46
45 51
45 148
45 152
46 163
46 164
46 101
46 104
46 46
46 51
46 52
46 53
46 150
46 152
46 179
46 59
46 58
47 144
47 48
47 167
47 168
47 137
47 106
47 119
47 47
47 80
47 82
47 115
47 151
48 48
48 99
48 167
48 168
48 74
48 125
48 175
48 174
48 79
48 144
48 82
48 115
48 78
48 119
48 153
48 124
48 95
49 128
49 161
49 100
49 49
49 96
49 139
49 109
49 112
50 129
50 131
50 100
50 102
50 135
50 136
50 130
50 50
50 145
50 146
50 120
50 122
51 162
51 101
51 175
51 81
51 51
51 53
51 87
51 152
51 59
51 85
52 129
52 102
52 170
52 179
52 52
52 149
52 150
52 57
52 58
52 59
52 60
52 53
53 101
53 142
53 81
53 53
53 152
53 153
54 96
54 118
54 134
54 167
54 168
54 106
54 55
54 174
54 147
54 54
54 119
54 121
55 96
55 167
55 106
55 119
55 172
55 168
55 55
55 121
56 137
56 110
56 80
56 118
56 151
56 56
56 89
57 64
57 179
57 153
57 57
57 58
57 59
57 60
58 163
58 179
58 58
58 59
58 60
59 179
59 104
59 113
59 152
59 59
59 60
60 64
60 102
60 179
60 60
60 61
61 64
61 65
61 163
61 133
61 72
61 170
61 85
61 87
61 61
61 127
62 160
62 98
62 71
62 105
62 138
62 86
62 83
62 84
62 87
62 154
62 70
62 62
62 69
63 66
63 158
63 110
63 159
63 63
63 140
63 77
63 94
63 143
64 64
64 65
64 163
64 133
64 72
64 170
64 85
64 87
64 127
65 65
65 162
65 163
65 69
65 133
65 72
65 138
65 160
65 170
65 87
65 156
65 85
66 66
66 100
66 166
66 77
66 143
66 88
66 89
66 90
66 91
66 92
66 94
67 97
67 98
67 67
67 68
67 103
67 73
67 107
67 173
67 178
67 84
67 123
68 97
68 98
68 68
68 70
68 73
68 178
68 172
68 84
69 160
69 69
69 70
69 71
69 85
69 86
69 87
70 160
70 98
70 70
70 71
70 83
70 84
70 86
70 87
70 154
71 160
71 98
71 86
71 71
71 105
71 138
71 83
71 87
72 163
72 72
72 170
72 179
72 85
72 87
72 127
73 97
73 73
73 172
73 178
73 84
73 118
73 154
73 125
74 99
74 133
74 102
74 113
74 74
74 78
74 81
74 163
74 85
74 155
74 156
74 95
75 171
75 100
75 143
75 169
75 75
75 76
75 141
75 111
75 108
75 114
75 180
75 117
75 140
75 109
75 158
76 171
76 169
76 76
76 141
76 143
76 120
76 114
76 180
76 117
76 111
76 140
76 149
77 88
77 110
77 89
77 90
77 94
77 77
77 158
77 143
78 80
78 99
78 105
78 124
78 78
78 79
78 81
78 82
78 157
78 156
78 138
79 80
79 99
79 138
79 79
79 115
79 82
79 156
79 157
80 139
80 137
80 80
80 89
80 157
81 99
81 133
81 102
81 113
81 127
81 81
81 163
81 95
81 156
81 85
82 144
82 99
82 167
82 168
82 82
82 115
82 119
82 153
82 157
83 160
83 86
83 105
83 138
83 83
83 154
83 124
83 125
84 97
84 98
84 84
84 154
85 163
85 160
85 113
85 170
85 138
85 87
85 127
85 156
85 85
85 101
86 160
86 162
86 138
86 148
86 86
86 87
87 170
87 160
87 87
88 131
88 165
88 166
88 88
88 120
88 90
88 91
88 92
88 94
89 89
89 90
89 94
90 166
90 94
90 90
90 91
90 92
90 126
91 165
91 166
91 140
91 141
91 177
91 153
91 120
91 91
91 92
91 93
91 94
92 131
92 165
92 166
92 140
92 141
92 177
92 153
92 92
92 93
92 94
93 131
93 164
93 165
93 166
93 102
93 177
93 149
93 150
93 155
93 93
94 166
94 140
94 110
94 141
94 159
94 153
94 158
94 143
94 94
95 144
95 102
95 113
95 104
95 145
95 174
95 175
95 152
95 155
95 95
96 96
96 161
96 139
96 109
96 114
96 153
96 121
96 106
97 128
97 97
97 98
97 103
97 107
97 173
97 176
97 178
97 123
98 98
98 103
98 153
99 99
99 157
99 156
99 138
100 161
100 100
100 135
100 136
100 172
100 146
100 176
100 118
100 120
100 122
100 126
101 164
101 101
101 105
101 174
101 116
101 152
101 148
101 155
102 129
102 113
102 102
102 145
102 104
102 146
102 127
103 128
103 103
103 107
103 173
103 176
103 178
103 132
103 123
104 129
104 130
104 113
104 104
104 175
104 144
104 145
104 174
104 125
105 147
105 134
105 105
105 138
105 116
105 148
106 167
106 168
106 106
106 139
106 108
106 109
106 112
106 114
106 115
106 117
106 119
106 151
107 123
107 128
107 107
107 173
107 142
107 176
107 178
107 132
108 108
108 109
108 111
108 112
108 114
108 117
108 151
108 158
108 159
109 168
109 109
109 111
109 112
109 114
109 117
109 121
109 151
109 159
110 161
110 137
110 110
110 112
110 158
110 159
110 151
111 112
111 169
111 171
111 111
111 141
111 114
111 117
111 140
112 151
112 112
112 114
112 117
112 158
112 159
113 163
113 133
113 113
113 145
113 127
114 114
114 121
114 117
114 169
114 158
114 159
115 144
115 167
115 168
115 174
115 115
115 119
115 116
115 124
116 147
116 134
116 172
116 118
116 116
116 148
117 121
117 117
117 169
117 158
117 159
118 134
118 172
118 120
118 147
118 155
118 118
118 126
119 144
119 167
119 168
119 119
120 135
120 136
120 170
120 171
120 120
120 180
120 121
120 122
120 126
120 127
121 121
121 153
122 136
122 145
122 135
122 169
122 122
122 146
122 126
123 128
123 173
123 142
123 176
123 178
123 123
123 132
123 126
124 144
124 167
124 175
124 124
124 162
124 174
124 125
125 129
125 130
125 167
125 174
125 175
125 148
125 125
126 135
126 136
126 172
126 143
126 126
127 163
127 133
127 170
127 179
127 136
127 127
128 128
128 132
128 173
128 142
128 176
128 178
129 129
129 130
129 174
129 175
129 145
130 130
130 164
130 146
130 142
130 175
130 145
130 149
130 150
131 131
131 132
131 165
131 166
131 136
131 176
131 177
131 164
131 155
132 173
132 142
132 176
132 132
133 163
133 133
133 170
133 177
134 155
134 134
134 172
134 147
134 148
134 154
135 166
135 135
135 136
135 169
135 170
135 146
136 136
136 146
136 170
137 161
137 137
137 151
137 158
137 159
138 160
138 138
138 154
138 156
138 157
139 161
139 139
140 149
140 171
140 166
140 169
140 140
140 141
140 180
140 158
140 143
141 171
141 166
141 169
141 141
141 180
141 149
141 143
142 142
142 173
142 176
143 171
143 169
143 158
143 180
143 143
143 159
144 144
144 167
144 168
144 174
144 175
145 165
145 145
145 146
145 150
146 146
147 161
147 172
147 147
147 148
148 160
148 152
148 148
148 156
149 169
149 171
149 180
149 149
149 150
150 164
150 165
150 166
150 177
150 171
150 150
150 180
151 161
151 167
151 151
151 158
151 159
152 164
152 152
153 166
153 177
153 153
154 154
155 164
155 177
155 155
156 157
156 156
157 157
158 158
158 159
159 159
160 160
161 161
161 172
162 162
163 163
163 170
164 164
164 170
164 177
164 165
165 165
165 177
165 166
166 166
166 177
167 175
167 167
167 174
167 168
168 168
169 171
169 180
169 169
170 170
171 171
171 180
172 172
173 173
173 176
173 178
174 174
174 175
175 175
176 176
176 178
177 177
178 178
179 179
180 180
