1 128
1 1
1 131
1 4
1 97
1 103
1 173
1 178
1 107
1 88
1 132
1 123
1 28
2 2
2 137
2 139
2 108
2 110
2 112
2 20
2 23
2 56
2 63
2 151
2 158
2 159
3 129
3 130
3 3
3 36
3 37
3 38
3 108
3 142
3 120
3 114
3 35
3 24
3 153
3 125
4 67
4 4
4 100
4 97
4 107
4 12
4 173
4 49
4 178
4 7
4 68
4 90
4 103
5 17
5 83
5 84
5 5
5 6
5 7
5 73
5 154
5 70
5 62
5 89
6 6
6 7
6 11
6 80
6 83
6 22
6 56
6 89
6 154
6 124
6 118
6 37
7 68
7 35
7 84
7 7
7 73
7 154
7 12
7 89
8 96
8 54
8 55
8 8
8 121
8 10
8 167
8 44
8 26
8 174
8 31
9 21
9 41
9 45
9 46
9 13
9 16
9 81
9 18
9 51
9 52
9 53
9 86
9 9
9 152
9 57
9 95
9 60
9 85
10 128
10 96
10 132
10 121
10 104
10 10
10 55
10 142
10 176
10 25
10 54
10 119
10 153
10 164
10 26
11 80
11 17
11 20
11 22
11 137
11 56
11 89
11 154
11 11
11 110
12 97
12 98
12 67
12 73
12 103
12 12
12 178
12 84
12 24
12 68
12 30
13 65
13 45
13 69
13 39
13 29
13 13
13 46
13 175
13 16
13 51
13 52
13 53
13 152
13 179
13 59
13 58
14 96
14 32
14 34
14 44
14 130
14 14
14 111
14 19
14 117
14 57
14 153
14 121
14 60
14 126
15 162
15 35
15 68
15 37
15 38
15 39
15 168
15 105
15 42
15 139
15 45
15 15
15 49
15 51
15 17
15 27
15 29
15 30
16 104
16 46
16 45
16 16
16 113
16 51
16 52
16 149
16 150
16 152
16 53
17 161
17 98
17 68
17 49
17 105
17 42
17 139
17 17
17 147
17 116
17 73
17 148
17 27
17 29
17 30
18 160
18 65
18 99
18 101
18 72
18 138
18 64
18 18
18 85
18 22
18 87
18 156
18 21
18 61
18 69
19 161
19 100
19 102
19 145
19 135
19 146
19 176
19 49
19 50
19 19
19 25
19 122
19 28
20 134
20 167
20 137
20 78
20 47
20 80
20 82
20 115
20 20
20 56
20 79
20 157
20 31
21 160
21 65
21 99
21 64
21 72
21 138
21 45
21 78
21 79
21 157
21 163
21 85
21 22
21 170
21 156
21 61
21 21
22 160
22 33
22 69
22 71
22 138
22 80
22 83
22 22
22 154
22 86
22 62
23 161
23 137
23 151
23 108
23 109
23 110
23 143
23 112
23 23
23 159
23 158
23 63
24 123
24 97
24 67
24 68
24 39
24 128
24 107
24 173
24 142
24 176
24 178
24 24
24 132
24 103
25 129
25 130
25 131
25 102
25 104
25 43
25 146
25 145
25 50
25 180
25 40
25 25
25 26
25 28
26 54
26 166
26 104
26 28
26 43
26 40
26 52
26 53
26 55
26 26
26 155
26 60
27 161
27 35
27 38
27 49
27 105
27 42
27 139
27 80
27 147
27 84
27 148
27 27
27 29
27 30
27 116
28 43
28 36
28 161
28 40
28 139
28 143
28 49
28 50
28 75
28 28
28 30
29 147
29 101
29 70
29 105
29 42
29 29
29 45
29 51
29 116
29 30
29 152
29 148
29 157
29 62
30 96
30 161
30 67
30 37
30 49
30 105
30 42
30 139
30 178
30 43
30 30
31 33
31 131
31 134
31 167
31 172
31 177
31 147
31 118
31 155
31 126
31 31
32 32
32 34
32 41
32 179
32 52
32 153
32 57
32 58
32 59
32 60
32 127
33 33
33 118
33 134
33 44
33 172
33 80
33 177
33 147
33 117
33 120
33 155
33 126
34 96
34 34
34 64
34 41
34 170
34 44
34 50
34 146
34 52
34 57
34 153
34 121
34 60
34 169
35 128
35 162
35 35
35 36
35 37
35 38
35 42
35 39
35 43
35 139
35 55
36 162
36 36
36 37
36 38
36 39
36 40
36 43
36 139
36 56
36 132
37 128
37 162
37 37
37 39
37 40
37 47
37 43
37 139
37 38
38 162
38 38
38 39
38 40
38 43
38 176
38 82
38 139
38 119
39 51
39 162
39 99
39 39
39 144
39 48
39 54
39 59
40 129
40 130
40 131
40 40
40 169
40 43
40 76
40 139
40 155
40 88
40 91
41 69
41 41
41 87
41 179
41 52
41 86
41 57
41 58
41 59
41 60
42 161
42 49
42 42
42 139
42 178
42 147
43 129
43 130
43 43
43 111
43 139
43 63
44 96
44 44
44 106
44 108
44 109
44 111
44 114
44 117
44 54
44 55
44 121
45 101
45 105
45 45
45 46
45 51
45 148
45 152
45 53
46 133
46 46
46 51
46 52
46 149
46 150
46 152
46 53
46 101
47 48
47 144
47 82
47 115
47 167
47 168
47 137
47 106
47 47
48 144
48 99
48 113
48 167
48 168
48 74
48 174
48 79
48 48
48 104
48 82
48 115
48 78
48 119
48 175
48 95
49 123
49 161
49 139
49 49
49 107
49 108
49 173
49 158
49 100
50 100
50 102
50 113
50 136
50 135
50 50
50 145
50 146
50 122
51 51
51 71
51 179
51 53
51 152
51 58
51 174
51 125
52 129
52 102
52 72
52 57
52 127
52 179
52 52
52 149
52 180
52 59
52 60
52 58
52 53
53 101
53 53
53 152
53 156
54 96
54 134
54 167
54 106
54 174
54 168
54 116
54 54
54 55
54 121
54 119
55 96
55 167
55 105
55 106
55 119
55 109
55 168
55 147
55 55
55 121
56 80
56 137
56 56
56 151
56 110
56 89
57 163
57 179
57 57
57 58
57 59
57 60
58 162
58 179
58 71
58 58
58 59
58 60
59 160
59 162
59 70
59 71
59 179
59 59
59 60
60 163
60 179
60 60
61 64
61 65
61 163
61 177
61 72
61 170
61 61
61 85
61 127
62 160
62 69
62 70
62 71
62 83
62 86
62 87
62 154
62 62
63 76
63 171
63 140
63 141
63 110
63 143
63 151
63 159
63 158
63 63
64 64
64 65
64 163
64 72
64 170
64 177
64 85
64 127
65 65
65 163
65 72
65 170
65 160
65 127
65 156
65 138
65 85
66 66
66 100
66 166
66 88
66 89
66 90
66 91
66 92
66 77
66 94
66 143
67 128
67 97
67 98
67 67
67 103
67 73
67 107
67 162
67 173
67 176
67 178
67 84
67 68
67 123
68 97
68 98
68 73
68 103
68 178
68 84
68 68
69 160
69 69
69 70
69 71
69 138
69 83
69 87
69 86
70 70
70 71
70 73
70 83
70 84
70 86
70 87
70 154
71 160
71 71
71 105
71 83
71 87
71 86
71 154
72 163
72 72
72 170
72 85
72 127
73 162
73 73
73 178
73 84
73 154
73 124
73 125
74 144
74 99
74 113
74 133
74 102
74 81
74 177
74 74
74 127
74 78
74 79
74 145
74 163
74 155
74 156
74 95
75 171
75 169
75 75
75 76
75 141
75 143
75 112
75 108
75 114
75 180
75 117
75 111
75 140
75 109
76 171
76 169
76 140
76 141
76 143
76 76
76 114
76 180
76 149
76 150
76 120
76 111
77 166
77 77
77 110
77 143
77 94
77 88
77 89
77 90
77 91
77 92
77 126
78 80
78 162
78 99
78 78
78 79
78 81
78 82
78 156
78 157
78 85
79 80
79 162
79 99
79 79
79 81
79 82
79 115
79 157
79 148
79 156
79 138
79 85
80 137
80 80
80 157
81 163
81 133
81 102
81 113
81 81
81 99
81 85
81 152
81 127
81 156
81 95
82 144
82 99
82 168
82 82
82 115
82 119
82 157
83 160
83 105
83 138
83 86
83 175
83 124
83 83
83 87
83 154
83 125
84 97
84 98
84 178
84 84
84 125
84 126
85 99
85 138
85 160
85 157
85 170
85 156
85 85
86 160
86 138
86 179
86 87
86 86
87 160
87 138
87 87
88 165
88 166
88 93
88 88
88 90
88 91
88 92
88 122
88 94
89 161
89 89
89 90
89 94
90 165
90 166
90 120
90 90
90 91
90 92
90 94
91 164
91 165
91 166
91 136
91 91
91 92
91 93
91 94
92 164
92 165
92 166
92 136
92 92
92 93
92 94
93 131
93 164
93 165
93 166
93 177
93 155
93 150
93 93
93 133
94 100
94 166
94 140
94 110
94 141
94 151
94 143
94 94
95 144
95 99
95 145
95 102
95 104
95 174
95 113
95 146
95 95
96 96
96 119
96 109
96 153
96 121
96 106
97 128
97 98
97 97
97 107
97 173
97 176
97 120
97 178
97 123
97 103
98 98
98 103
98 107
98 173
98 153
98 123
99 99
99 156
99 157
100 161
100 135
100 136
100 172
100 146
100 111
100 126
100 120
100 100
100 122
101 164
101 101
101 134
101 105
101 147
101 116
101 152
101 148
102 102
102 113
102 145
102 146
102 136
102 127
102 104
103 128
103 107
103 173
103 176
103 178
103 123
103 139
103 103
103 132
104 129
104 104
104 174
104 175
104 145
104 144
105 147
105 134
105 105
105 172
105 116
105 148
106 118
106 167
106 168
106 172
106 106
106 119
106 108
106 109
106 112
106 114
106 115
106 117
107 128
107 107
107 173
107 142
107 176
107 178
107 123
107 132
108 161
108 108
108 109
108 111
108 112
108 114
108 117
108 158
108 159
109 168
109 109
109 142
109 111
109 112
109 114
109 117
109 121
109 159
110 137
110 139
110 110
110 112
110 158
110 153
110 151
110 159
111 112
111 171
111 114
111 169
111 180
111 117
111 111
112 161
112 167
112 168
112 137
112 112
112 114
112 117
112 151
112 158
112 159
113 163
113 133
113 145
113 146
113 113
113 179
113 127
113 156
114 169
114 114
114 117
114 121
114 158
114 159
115 144
115 167
115 168
115 174
115 115
115 119
115 148
116 134
116 172
116 118
116 147
116 148
116 116
117 169
117 117
117 121
118 134
118 135
118 172
118 147
118 118
118 120
118 126
119 144
119 168
119 119
120 133
120 134
120 136
120 172
120 135
120 141
120 178
120 120
120 140
120 122
120 126
121 161
121 153
121 121
122 135
122 136
122 170
122 171
122 146
122 122
122 126
122 127
123 128
123 132
123 173
123 142
123 176
123 178
123 123
124 129
124 130
124 167
124 174
124 175
124 148
124 154
124 124
124 125
125 129
125 130
125 179
125 174
125 175
125 178
125 125
126 134
126 135
126 136
126 172
126 143
126 126
127 163
127 133
127 135
127 136
127 170
127 127
128 128
128 132
128 177
128 173
128 142
128 176
128 136
128 155
128 131
129 129
129 130
129 174
129 175
130 130
130 142
130 175
131 131
131 132
131 165
131 176
131 177
131 164
131 155
132 173
132 142
132 176
132 177
132 155
132 132
133 162
133 163
133 133
133 136
133 135
133 170
133 153
134 148
134 134
134 172
134 147
134 153
135 135
135 136
135 169
135 170
136 163
136 136
136 170
137 137
137 139
137 151
137 158
137 159
138 160
138 138
138 148
138 156
138 157
139 161
139 151
139 139
140 171
140 169
140 140
140 141
140 143
140 180
140 150
140 158
141 149
141 171
141 169
141 141
141 143
141 180
141 150
141 158
142 142
142 173
142 176
142 150
142 153
143 171
143 158
143 151
143 169
143 143
143 159
144 144
144 168
144 167
144 174
145 165
145 145
145 146
145 149
145 150
146 146
147 172
147 147
147 148
148 152
148 148
149 149
149 150
149 169
149 180
149 171
150 171
150 164
150 165
150 150
151 158
151 151
151 159
152 152
153 153
154 172
154 154
155 165
155 176
155 177
155 164
155 155
156 157
156 156
157 157
158 159
158 158
159 161
159 159
160 160
161 161
162 162
162 179
163 163
163 170
164 164
164 166
164 177
164 165
165 165
165 166
165 177
166 166
167 167
167 174
167 168
167 175
168 168
168 174
169 171
169 180
169 169
170 170
171 171
171 180
172 172
173 173
173 176
173 178
174 174
174 175
175 175
176 176
176 177
177 177
178 178
179 179
180 180
