1 128
1 1
1 131
1 4
1 166
1 161
1 107
1 173
1 176
1 43
1 123
1 88
1 132
1 90
1 91
1 92
2 2
2 137
2 151
2 110
2 47
2 112
2 116
2 158
2 23
2 56
2 20
2 153
2 159
3 129
3 130
3 3
3 107
3 173
3 142
3 175
3 16
3 52
3 24
3 124
3 125
4 128
4 107
4 4
4 97
4 103
4 173
4 176
4 178
4 88
4 132
4 90
4 123
4 30
5 68
5 5
5 6
5 7
5 73
5 11
5 12
5 15
5 17
5 84
5 89
5 154
6 6
6 7
6 73
6 11
6 125
6 80
6 83
6 20
6 22
6 56
6 154
6 38
6 157
7 68
7 7
7 73
7 11
7 12
7 17
7 84
7 56
7 89
7 154
8 96
8 8
8 10
8 119
8 44
8 168
8 148
8 54
8 55
8 153
8 121
8 26
8 106
9 179
9 41
9 46
9 13
9 142
9 45
9 51
9 53
9 9
9 152
9 57
9 58
9 59
9 60
9 95
10 96
10 164
10 40
10 10
10 55
10 13
10 25
10 54
10 119
10 153
10 121
10 26
11 137
11 11
11 110
11 80
11 20
11 56
11 89
11 154
11 155
11 157
12 97
12 98
12 67
12 68
12 73
12 42
12 103
12 12
12 15
12 178
12 84
12 24
12 36
13 51
13 101
13 13
13 46
13 45
13 16
13 179
13 53
13 152
13 58
13 59
13 95
14 96
14 32
14 34
14 100
14 169
14 44
14 14
14 121
14 153
14 57
14 60
14 52
15 96
15 162
15 35
15 36
15 38
15 39
15 105
15 42
15 139
15 15
15 49
15 148
15 17
15 27
15 29
15 30
15 37
16 130
16 164
16 102
16 41
16 46
16 16
16 177
16 179
16 52
16 149
16 150
16 152
16 58
16 59
16 60
16 93
17 35
17 17
17 105
17 42
17 49
17 147
17 116
17 148
17 27
17 29
17 30
17 101
18 160
18 65
18 163
18 69
18 72
18 64
18 138
18 61
18 18
18 51
18 85
18 86
18 87
18 127
18 156
18 170
18 21
19 161
19 100
19 102
19 40
19 146
19 145
19 50
19 19
19 150
19 25
19 122
19 28
19 126
20 144
20 137
20 79
20 80
20 82
20 115
20 20
20 105
20 56
20 47
20 157
21 160
21 65
21 99
21 69
21 51
21 72
21 64
21 138
21 61
21 78
21 79
21 81
21 163
21 85
21 87
21 127
21 156
21 170
21 21
22 160
22 65
22 22
22 70
22 71
22 138
22 79
22 80
22 83
22 148
22 86
22 154
22 157
22 62
23 137
23 23
23 108
23 109
23 110
23 143
23 112
23 151
23 27
23 158
23 159
24 128
24 97
24 67
24 132
24 103
24 42
24 107
24 173
24 142
24 176
24 178
24 24
24 123
25 129
25 130
25 40
25 165
25 102
25 104
25 43
25 146
25 145
25 50
25 52
25 149
25 25
25 57
25 26
25 28
25 93
26 139
26 36
26 40
26 41
26 43
26 28
26 52
26 54
26 88
26 26
26 60
27 139
27 147
27 148
27 27
27 29
27 30
27 159
27 161
27 35
27 36
27 37
27 38
27 105
27 42
27 109
27 112
27 49
27 116
27 158
28 161
28 34
28 139
28 166
28 40
28 43
28 146
28 50
28 153
28 28
28 30
29 162
29 35
29 101
29 38
29 39
29 168
29 105
29 42
29 167
29 45
29 47
29 82
29 51
29 116
29 148
29 29
29 37
30 128
30 161
30 66
30 139
30 49
30 40
30 42
30 43
30 143
30 111
30 176
30 147
30 30
31 33
31 134
31 105
31 172
31 110
31 44
31 112
31 108
31 147
31 116
31 118
31 148
31 155
31 31
32 32
32 34
32 41
32 179
32 52
32 142
32 57
32 153
32 58
32 59
32 60
33 33
33 100
33 134
33 97
33 75
33 172
33 178
33 147
33 116
33 126
33 118
33 155
33 94
34 34
34 169
34 44
34 60
34 52
34 41
34 57
34 153
34 121
35 162
35 35
35 36
35 37
35 38
35 39
35 73
35 42
35 80
35 68
36 162
36 36
36 37
36 38
36 39
36 40
36 139
36 43
36 178
36 153
37 162
37 37
37 38
37 39
37 43
37 84
37 139
38 80
38 162
38 39
38 43
38 84
38 139
38 38
39 162
39 39
39 156
39 55
39 45
39 51
39 86
39 87
39 152
39 124
39 69
40 161
40 43
40 40
40 139
40 88
41 41
41 145
41 179
41 52
41 53
41 57
41 59
41 60
41 58
42 147
42 134
42 49
42 105
42 42
42 67
42 116
42 148
43 171
43 161
43 139
43 43
43 90
44 96
44 44
44 106
44 108
44 109
44 111
44 114
44 117
44 54
44 55
44 121
45 162
45 101
45 45
45 174
45 81
45 51
45 148
45 46
45 152
45 53
46 129
46 164
46 51
46 104
46 142
46 177
46 179
46 52
46 46
46 152
46 58
46 59
46 53
46 149
47 48
47 167
47 168
47 106
47 125
47 47
47 144
47 82
47 115
47 119
47 124
48 95
48 48
48 99
48 167
48 168
48 74
48 175
48 78
48 79
48 144
48 113
48 82
48 115
48 174
48 119
48 104
48 124
48 125
48 53
49 161
49 123
49 134
49 49
49 139
49 172
49 77
49 114
49 147
49 116
50 161
50 131
50 100
50 102
50 135
50 146
50 145
50 50
50 150
50 122
50 126
51 162
51 59
51 101
51 74
51 174
51 51
51 85
51 87
51 152
51 58
51 53
52 180
52 179
52 52
52 57
52 60
52 58
52 149
53 98
53 99
53 101
53 70
53 138
53 53
53 152
53 153
53 58
54 96
54 167
54 106
54 119
54 174
54 168
54 54
54 55
54 121
54 155
55 96
55 168
55 106
55 119
55 167
55 55
55 121
56 137
56 110
56 80
56 56
56 89
56 154
56 155
57 146
57 179
57 57
57 58
57 59
57 60
58 179
58 170
58 152
58 58
58 59
58 60
59 64
59 179
59 104
59 170
59 113
59 152
59 59
59 60
59 61
59 127
60 179
60 60
61 64
61 163
61 133
61 72
61 170
61 87
61 61
61 85
61 127
62 65
62 69
62 70
62 71
62 138
62 83
62 148
62 87
62 154
62 86
62 62
63 171
63 169
63 75
63 172
63 141
63 143
63 76
63 140
63 180
63 117
63 111
63 63
64 64
64 163
64 133
64 72
64 170
64 87
64 85
64 127
65 160
65 65
65 162
65 86
65 138
65 69
65 85
65 87
66 66
66 166
66 140
66 141
66 77
66 143
66 94
66 151
66 88
66 89
66 90
66 91
66 92
67 97
67 98
67 67
67 68
67 103
67 73
67 107
67 173
67 178
67 84
68 97
68 98
68 68
68 73
68 178
68 84
68 154
69 160
69 69
69 70
69 138
69 71
69 86
69 87
69 101
70 160
70 98
70 70
70 71
70 83
70 148
70 87
70 84
70 154
70 86
71 160
71 98
71 71
71 138
71 162
71 83
71 87
71 154
71 86
72 160
72 163
72 152
72 87
72 72
72 170
72 127
73 97
73 73
73 178
73 84
73 154
74 99
74 102
74 81
74 74
74 78
74 79
74 113
74 85
74 156
74 95
75 171
75 169
75 75
75 76
75 141
75 111
75 114
75 117
75 140
75 143
76 161
76 171
76 169
76 76
76 141
76 143
76 140
76 180
76 117
76 111
77 110
77 151
77 89
77 90
77 159
77 94
77 77
77 158
77 143
78 80
78 162
78 99
78 78
78 79
78 81
78 82
78 157
78 156
78 138
78 85
79 80
79 162
79 99
79 157
79 79
79 81
79 82
79 115
79 156
79 138
79 85
80 105
80 80
80 82
80 154
80 157
81 163
81 113
81 127
81 81
81 99
81 85
81 95
81 156
82 167
82 168
82 144
82 157
82 82
82 115
83 160
83 162
83 138
83 83
83 154
83 86
83 125
84 97
84 98
84 84
84 154
85 99
85 163
85 160
85 157
85 138
85 170
85 156
85 85
86 160
86 138
86 87
86 86
87 138
87 170
87 87
87 160
88 131
88 165
88 166
88 93
88 150
88 88
88 100
88 91
88 92
88 90
89 147
89 110
89 89
89 137
89 94
90 166
90 118
90 90
90 91
90 92
90 94
91 166
91 161
91 140
91 91
91 92
91 141
91 94
92 131
92 165
92 166
92 161
92 140
92 141
92 150
92 92
92 94
93 131
93 164
93 165
93 166
93 136
93 177
93 149
93 150
93 93
94 139
94 140
94 143
94 141
94 158
94 151
94 94
94 159
95 129
95 145
95 102
95 113
95 104
95 174
95 175
95 146
95 144
95 95
96 96
96 119
96 109
96 121
96 153
96 106
97 98
97 97
97 103
97 173
97 178
97 107
97 123
98 98
98 103
98 173
98 153
99 99
99 101
99 113
99 157
99 138
99 156
100 100
100 134
100 161
100 136
100 135
100 172
100 120
100 118
100 122
100 126
101 160
101 164
101 101
101 177
101 105
101 116
101 152
101 148
101 155
101 175
102 129
102 136
102 113
102 102
102 135
102 104
102 146
102 145
102 120
102 122
103 128
103 103
103 107
103 173
103 176
103 178
103 139
103 132
103 123
104 129
104 130
104 104
104 174
104 175
104 145
104 146
105 148
105 105
105 142
105 147
105 106
105 116
105 154
106 144
106 167
106 106
106 119
106 108
106 109
106 112
106 168
106 114
106 115
107 123
107 128
107 107
107 173
107 142
107 176
107 178
107 139
107 132
108 108
108 151
108 109
108 111
108 112
108 114
108 147
108 117
108 159
108 158
109 168
109 151
109 109
109 111
109 112
109 114
109 117
109 159
110 137
110 110
110 112
110 116
110 159
110 151
110 158
111 139
111 169
111 171
111 111
111 112
111 114
111 117
112 168
112 151
112 112
112 114
112 117
112 159
112 158
113 133
113 113
113 145
113 127
113 146
113 163
114 134
114 114
114 117
114 151
114 158
114 159
115 144
115 162
115 167
115 168
115 175
115 174
115 115
115 119
115 124
116 155
116 134
116 172
116 147
116 116
116 118
116 137
116 148
117 139
117 169
117 171
117 117
117 121
118 128
118 134
118 172
118 141
118 147
118 118
118 120
118 121
118 155
118 126
119 144
119 162
119 167
119 119
119 168
119 121
120 133
120 135
120 136
120 170
120 142
120 120
120 122
120 126
120 127
121 172
121 153
121 121
122 165
122 135
122 136
122 146
122 145
122 122
122 126
122 127
123 128
123 123
123 173
123 142
123 176
123 178
123 139
123 132
124 129
124 130
124 168
124 144
124 167
124 174
124 155
124 175
124 124
124 125
125 129
125 130
125 167
125 174
125 175
125 155
125 125
126 150
126 135
126 136
126 172
126 149
126 126
127 163
127 133
127 170
127 135
127 136
127 127
128 128
128 173
128 142
128 176
128 132
129 129
129 130
129 174
129 175
129 145
129 179
130 130
130 142
130 175
130 145
130 146
130 174
131 131
131 132
131 165
131 166
131 177
131 164
132 161
132 173
132 142
132 176
132 132
133 163
133 164
133 133
133 136
133 135
133 170
134 134
134 172
134 147
134 155
135 165
135 135
135 136
135 170
136 136
136 170
137 137
137 151
137 158
137 159
138 160
138 162
138 156
138 138
138 154
138 157
139 161
139 173
139 139
140 171
140 166
140 169
140 140
140 141
140 143
140 172
140 180
141 171
141 166
141 169
141 141
141 143
141 180
142 173
142 176
142 147
142 180
142 142
142 148
142 152
143 171
143 169
143 158
143 143
143 151
143 159
144 144
144 162
144 167
144 168
144 174
144 175
145 145
145 146
146 146
147 155
147 147
147 172
147 161
147 151
148 148
149 165
149 166
149 171
149 180
149 149
149 150
150 164
150 165
150 166
150 171
150 177
150 180
150 150
151 151
151 158
151 159
152 163
152 177
152 152
152 164
153 165
153 177
153 153
154 154
155 167
155 172
155 177
155 155
156 157
156 156
157 162
157 157
158 158
158 159
159 159
160 160
161 172
161 161
161 169
162 162
163 163
163 170
164 165
164 164
164 177
165 165
165 166
165 177
166 166
167 167
167 168
167 175
167 174
168 168
169 171
169 180
169 169
170 170
171 171
171 180
172 172
173 173
173 176
173 178
174 174
174 175
175 175
176 176
177 177
178 178
179 179
180 180
