1 128
1 1
1 66
1 131
1 4
1 132
1 77
1 176
1 19
1 88
1 100
1 90
2 2
2 137
2 106
2 151
2 77
2 110
2 112
2 158
2 23
2 89
2 159
2 94
2 31
3 128
3 123
3 130
3 3
3 150
3 24
3 176
3 107
3 125
3 142
3 173
4 128
4 132
4 103
4 161
4 107
4 12
4 77
4 173
4 89
4 4
4 26
4 123
5 162
5 68
5 5
5 6
5 7
5 56
5 84
5 154
5 11
5 12
5 73
6 80
6 22
6 11
6 20
6 6
6 7
6 56
6 154
6 39
6 157
7 80
7 68
7 7
7 56
7 73
7 154
7 11
7 12
7 29
8 96
8 167
8 168
8 10
8 119
8 174
8 8
8 54
8 55
8 26
8 59
8 106
9 32
9 179
9 51
9 52
9 53
9 68
9 9
9 57
9 41
9 60
9 16
10 96
10 98
10 131
10 104
10 10
10 55
10 174
10 52
10 57
10 54
10 119
10 25
10 26
11 80
11 20
11 56
11 137
11 154
11 11
11 157
11 38
12 97
12 98
12 67
12 73
12 103
12 12
12 173
12 178
12 84
12 24
12 68
12 39
13 162
13 35
13 101
13 39
13 73
13 167
13 29
13 45
13 46
13 13
13 16
13 51
13 53
13 152
13 179
13 59
13 58
14 96
14 129
14 34
14 102
14 32
14 169
14 57
14 76
14 142
14 111
14 52
14 14
14 87
14 153
14 121
14 44
15 162
15 35
15 36
15 37
15 38
15 39
15 105
15 43
15 15
15 27
15 17
15 148
15 139
15 123
15 29
15 30
16 65
16 99
16 164
16 51
16 41
16 138
16 46
16 45
16 16
16 179
16 52
16 149
16 150
16 152
16 57
16 58
16 59
16 60
17 161
17 27
17 134
17 17
17 105
17 42
17 139
17 172
17 49
17 147
17 116
17 148
17 123
17 29
17 30
18 160
18 65
18 99
18 69
18 71
18 138
18 86
18 78
18 79
18 81
18 18
18 83
18 52
18 85
18 22
18 87
18 156
18 62
18 21
19 100
19 161
19 40
19 145
19 42
19 44
19 50
19 49
19 146
19 19
19 25
19 122
19 28
20 35
20 167
20 168
20 137
20 47
20 80
20 157
20 82
20 115
20 20
20 56
20 29
21 160
21 65
21 21
21 163
21 164
21 69
21 133
21 72
21 64
21 138
21 61
21 78
21 79
21 81
21 99
21 85
21 87
21 156
21 170
21 127
22 160
22 65
22 41
22 138
22 78
22 79
22 83
22 85
22 22
22 154
22 156
22 157
22 62
23 137
23 42
23 151
23 108
23 109
23 110
23 77
23 112
23 158
23 23
23 89
23 159
23 94
23 63
24 123
24 97
24 67
24 132
24 33
24 128
24 107
24 173
24 142
24 176
24 178
24 24
24 103
25 75
25 49
25 40
25 43
25 50
25 143
25 145
25 146
25 25
25 104
25 26
25 28
26 98
26 139
26 40
26 43
26 66
26 77
26 89
26 26
26 63
26 28
26 104
26 36
27 161
27 27
27 37
27 38
27 105
27 42
27 139
27 147
27 148
27 134
27 116
27 123
27 29
27 30
28 161
28 139
28 40
28 42
28 43
28 49
28 89
28 28
28 30
29 162
29 35
29 101
29 38
29 105
29 39
29 178
29 51
29 55
29 45
29 116
29 152
29 29
29 148
29 37
30 128
30 161
30 43
30 36
30 49
30 40
30 105
30 42
30 139
30 110
30 147
30 116
30 30
31 33
31 134
31 137
31 172
31 98
31 110
31 147
31 116
31 118
31 105
31 155
31 126
31 31
32 32
32 65
32 34
32 179
32 41
32 83
32 52
32 53
32 153
32 57
32 58
32 59
32 60
33 33
33 100
33 134
33 172
33 120
33 147
33 126
33 118
33 155
33 158
34 34
34 133
34 71
34 104
34 169
34 57
34 52
34 53
34 86
34 41
34 153
34 121
34 60
35 162
35 35
35 36
35 37
35 38
35 39
35 51
35 123
36 128
36 162
36 36
36 37
36 38
36 39
36 40
36 139
36 43
37 107
37 162
37 37
37 38
37 39
37 40
37 139
37 43
37 123
37 56
38 107
38 162
38 43
38 38
38 39
38 173
38 139
39 162
39 39
39 47
39 45
39 55
40 161
40 43
40 40
40 44
40 139
40 108
40 114
40 121
40 89
40 151
41 68
41 41
41 57
41 179
41 84
41 53
41 153
41 52
41 58
41 59
41 60
42 161
42 100
42 134
42 49
42 42
42 172
42 109
42 112
42 147
42 132
42 159
43 161
43 139
43 43
43 112
44 96
44 108
44 75
44 44
44 109
44 111
44 114
44 117
44 121
45 162
45 101
45 167
45 45
45 46
45 51
45 148
45 152
45 154
46 144
46 59
46 164
46 179
46 78
46 46
46 51
46 52
46 149
46 152
46 58
46 79
46 101
47 80
47 167
47 168
47 106
47 47
47 144
47 82
47 115
47 119
47 56
47 155
48 48
48 99
48 167
48 124
48 74
48 60
48 78
48 79
48 144
48 81
48 82
48 115
48 174
48 175
48 156
48 95
49 161
49 100
49 49
49 172
49 146
49 50
49 94
49 151
50 130
50 100
50 102
50 75
50 140
50 146
50 145
50 50
50 121
50 90
50 135
50 122
51 58
51 67
51 101
51 167
51 51
51 53
51 152
51 179
51 59
52 160
52 70
52 71
52 62
52 174
52 150
52 179
52 52
52 53
52 57
52 60
52 125
52 85
52 149
53 179
53 53
53 153
53 57
53 154
53 60
53 157
54 96
54 167
54 168
54 119
54 174
54 144
54 54
54 55
54 152
54 106
55 96
55 162
55 168
55 106
55 167
55 144
55 115
55 148
55 55
55 121
55 119
56 137
56 110
56 80
56 105
56 56
56 157
57 60
57 179
57 57
57 58
57 59
57 156
57 138
58 144
58 179
58 58
58 59
58 60
59 144
59 179
59 152
59 59
59 60
60 99
60 84
60 179
60 60
61 133
61 64
61 163
61 165
61 136
61 170
61 113
61 69
61 87
61 72
61 61
61 85
61 127
62 160
62 65
62 98
62 69
62 70
62 71
62 138
62 83
62 87
62 84
62 86
62 62
63 66
63 158
63 159
63 140
63 143
63 151
63 77
63 94
63 63
64 64
64 163
64 133
64 136
64 170
64 72
64 85
64 87
64 120
64 153
64 127
64 69
64 165
65 65
65 69
65 138
65 160
65 85
65 156
66 66
66 91
66 77
66 143
66 158
66 151
66 88
66 89
66 92
66 90
66 94
66 159
67 97
67 98
67 67
67 68
67 103
67 73
67 107
67 173
67 178
67 148
67 84
68 97
68 98
68 68
68 70
68 178
68 179
68 84
68 73
68 152
68 154
68 125
69 164
69 69
69 70
69 71
69 72
69 160
69 86
69 87
69 85
70 160
70 98
70 70
70 71
70 138
70 83
70 84
70 86
70 87
71 160
71 98
71 71
71 138
71 83
71 86
71 87
72 163
72 72
72 170
72 150
72 87
72 153
72 127
72 85
73 97
73 73
73 178
73 84
73 154
73 124
73 125
74 99
74 113
74 133
74 102
74 177
74 74
74 78
74 81
74 163
74 174
74 95
74 156
74 85
75 171
75 140
75 108
75 75
75 76
75 114
75 141
75 180
75 117
75 169
75 111
75 143
76 136
76 169
76 171
76 76
76 141
76 111
76 140
76 180
76 117
76 143
77 137
77 151
77 110
77 77
77 158
77 89
77 159
77 90
77 94
78 144
78 99
78 82
78 78
78 79
78 157
78 156
78 138
78 85
79 144
79 80
79 99
79 138
79 82
79 79
79 179
79 156
79 157
79 85
80 162
80 80
80 82
80 154
80 157
81 163
81 133
81 113
81 177
81 81
81 99
81 95
81 156
81 85
81 127
82 101
82 167
82 168
82 144
82 82
82 115
82 119
82 157
83 160
83 86
83 138
83 175
83 83
83 84
83 85
83 154
83 124
83 125
84 97
84 98
84 84
84 154
84 125
85 86
85 99
85 87
85 156
85 160
85 163
85 164
85 138
85 85
86 160
86 98
86 86
86 87
87 160
87 170
87 87
88 131
88 165
88 166
88 177
88 136
88 140
88 141
88 143
88 145
88 88
88 153
88 90
88 91
88 92
88 93
89 137
89 110
89 158
89 89
89 94
89 159
90 131
90 166
90 140
90 141
90 90
90 91
90 92
90 94
91 131
91 165
91 166
91 140
91 141
91 143
91 146
91 120
91 91
91 92
91 93
91 94
92 131
92 165
92 166
92 177
92 171
92 140
92 141
92 143
92 120
92 92
92 93
92 94
93 149
93 177
93 166
93 164
93 133
93 150
93 93
93 165
94 151
94 143
94 110
94 158
94 159
94 94
95 129
95 165
95 102
95 113
95 104
95 145
95 174
95 175
95 150
95 95
95 127
96 96
96 161
96 119
96 109
96 114
96 121
96 106
97 128
97 97
97 98
97 103
97 107
97 173
97 178
97 148
97 123
98 98
98 153
99 99
99 156
99 157
99 124
99 138
100 136
100 100
100 145
100 161
100 135
100 172
100 146
100 117
100 118
100 120
100 122
100 126
101 164
101 101
101 105
101 142
101 115
101 116
101 152
101 148
101 154
101 155
102 129
102 136
102 102
102 145
102 104
102 146
102 113
102 180
102 122
102 126
103 128
103 162
103 134
103 103
103 107
103 173
103 176
103 178
103 116
103 132
103 123
104 129
104 113
104 104
104 130
104 174
104 175
104 145
104 146
105 134
105 105
105 147
105 116
105 148
106 167
106 168
106 106
106 119
106 109
106 110
106 112
106 115
106 116
107 128
107 107
107 173
107 142
107 176
107 178
107 132
107 123
108 108
108 109
108 111
108 112
108 114
108 117
108 151
108 158
108 159
109 151
109 109
109 112
109 114
109 117
109 121
109 158
109 159
110 158
110 137
110 151
110 110
110 112
110 159
111 169
111 171
111 141
111 114
111 117
111 111
111 121
111 122
111 140
111 143
112 161
112 137
112 112
112 114
112 117
112 118
112 151
112 158
112 159
113 165
113 163
113 133
113 113
113 145
113 170
113 127
114 114
114 117
114 151
114 121
114 158
114 159
115 144
115 167
115 168
115 119
115 115
115 157
116 155
116 134
116 172
116 147
116 116
116 148
117 169
117 143
117 117
117 151
117 121
117 158
118 134
118 135
118 172
118 147
118 126
118 118
118 120
118 122
118 155
118 158
119 167
119 119
119 144
119 168
119 148
120 135
120 136
120 170
120 120
120 122
120 126
120 127
121 170
121 153
121 121
122 135
122 136
122 140
122 141
122 145
122 122
122 126
122 146
123 123
123 128
123 172
123 173
123 142
123 176
123 178
123 132
124 129
124 130
124 167
124 174
124 175
124 155
124 124
124 125
125 129
125 130
125 174
125 175
125 125
126 135
126 136
126 172
126 141
126 126
127 165
127 163
127 133
127 170
127 135
127 136
127 127
128 128
128 132
128 173
128 142
128 176
128 178
128 139
129 129
129 130
129 145
129 174
129 175
129 177
130 130
130 169
130 146
130 174
130 175
130 145
130 142
131 131
131 132
131 166
131 177
131 176
131 145
132 173
132 142
132 176
132 132
133 163
133 133
133 170
134 155
134 134
134 172
134 161
134 147
135 135
135 136
135 170
135 146
135 141
136 136
136 170
137 137
137 159
137 151
137 158
138 160
138 138
138 154
138 156
138 157
139 161
139 139
140 171
140 166
140 140
140 169
140 141
140 143
140 180
141 171
141 166
141 143
141 141
141 146
141 180
141 169
142 173
142 142
142 176
142 149
143 171
143 151
143 166
143 180
143 169
143 143
144 144
144 167
144 168
144 174
145 166
145 145
145 169
145 171
145 146
146 146
147 161
147 172
147 173
147 147
147 148
148 152
148 148
149 163
149 164
149 165
149 169
149 171
149 180
149 150
149 149
150 164
150 165
150 169
150 171
150 177
150 163
150 150
150 180
151 158
151 151
151 159
152 157
152 152
152 164
153 168
153 153
154 154
155 164
155 172
155 177
155 155
156 157
156 156
157 157
158 158
158 159
159 159
160 160
161 161
161 172
161 176
162 162
163 163
163 170
164 165
164 164
164 175
164 177
165 165
165 166
165 177
166 166
166 177
166 171
167 167
167 174
167 168
168 168
169 171
169 180
169 169
170 170
171 171
171 180
172 172
173 173
173 176
173 178
174 174
174 175
175 175
176 176
176 178
177 177
178 178
179 179
180 180
