1 128
1 1
1 131
1 132
1 103
1 177
1 107
1 173
1 176
1 49
1 88
1 4
1 123
2 2
2 137
2 42
2 139
2 110
2 47
2 112
2 56
2 147
2 20
2 151
2 23
2 159
2 106
2 158
2 63
3 128
3 112
3 130
3 3
3 132
3 107
3 173
3 142
3 143
3 176
3 24
3 153
3 123
3 63
4 107
4 67
4 4
4 97
4 103
4 12
4 173
4 178
4 131
4 139
4 123
5 68
5 5
5 6
5 7
5 105
5 11
5 12
5 83
5 84
5 73
5 154
5 31
6 80
6 22
6 79
6 6
6 7
6 56
6 154
6 11
6 29
6 157
7 68
7 22
7 83
7 84
7 7
7 105
7 154
7 11
7 73
8 96
8 134
8 167
8 168
8 106
8 44
8 8
8 116
8 54
8 55
8 26
8 10
9 65
9 45
9 51
9 41
9 74
9 13
9 46
9 175
9 16
9 83
9 52
9 53
9 9
9 152
9 57
9 60
9 138
10 96
10 168
10 54
10 55
10 121
10 10
10 119
10 44
10 26
10 45
11 155
11 105
11 11
11 110
11 15
11 80
11 20
11 137
11 56
11 89
11 79
11 157
12 97
12 98
12 67
12 103
12 73
12 12
12 173
12 178
12 84
12 105
12 24
12 68
12 33
12 29
13 65
13 162
13 35
13 68
13 51
13 39
13 45
13 46
13 13
13 16
13 179
13 53
13 152
13 58
13 59
13 156
13 29
14 96
14 32
14 34
14 121
14 135
14 136
14 169
14 44
14 14
14 50
14 52
14 153
14 57
14 60
15 176
15 162
15 35
15 36
15 37
15 38
15 39
15 168
15 42
15 139
15 45
15 15
15 17
15 20
15 27
15 55
15 148
15 47
15 29
15 30
16 98
16 179
16 41
16 46
16 45
16 16
16 51
16 52
16 149
16 150
16 152
16 58
16 53
17 128
17 161
17 101
17 17
17 105
17 42
17 139
17 49
17 147
17 148
17 116
17 27
17 29
17 30
18 160
18 65
18 163
18 69
18 72
18 64
18 138
18 86
18 61
18 18
18 85
18 22
18 87
18 59
18 156
18 170
18 21
19 161
19 100
19 102
19 145
19 171
19 50
19 49
19 146
19 19
19 180
19 88
19 25
19 122
19 28
20 80
20 167
20 168
20 137
20 47
20 144
20 82
20 115
20 20
20 56
20 157
21 160
21 65
21 163
21 72
21 64
21 138
21 127
21 78
21 61
21 81
21 99
21 85
21 22
21 87
21 59
21 156
21 170
21 21
22 160
22 65
22 138
22 71
22 45
22 79
22 80
22 83
22 22
22 154
22 157
22 62
22 85
23 134
23 137
23 151
23 108
23 77
23 110
23 143
23 112
23 23
23 159
23 158
23 63
24 128
24 97
24 98
24 132
24 103
24 107
24 173
24 142
24 176
24 59
24 178
24 67
24 24
24 123
25 129
25 130
25 34
25 102
25 104
25 43
25 146
25 145
25 50
25 40
25 25
25 26
25 28
26 131
26 104
26 60
26 43
26 40
26 180
26 54
26 55
26 26
26 28
26 52
27 128
27 161
27 37
27 38
27 49
27 105
27 42
27 139
27 29
27 147
27 116
27 148
27 27
27 106
27 30
28 161
28 130
28 139
28 40
28 43
28 111
28 49
28 50
28 75
28 28
28 30
29 51
29 35
29 101
29 105
29 45
29 82
29 115
29 116
29 152
29 148
29 38
29 29
29 30
29 37
30 161
30 43
30 36
30 49
30 40
30 105
30 42
30 139
30 89
30 132
30 30
31 33
31 147
31 134
31 118
31 177
31 120
31 155
31 172
31 126
31 31
32 32
32 34
32 41
32 179
32 52
32 153
32 57
32 58
32 59
32 60
32 126
33 33
33 66
33 100
33 134
33 135
33 172
33 76
33 98
33 118
33 169
33 120
33 155
33 126
34 129
34 34
34 169
34 96
34 44
34 146
34 57
34 41
34 120
34 121
34 60
34 153
34 52
35 51
35 162
35 35
35 36
35 37
35 38
35 39
35 167
36 162
36 36
36 37
36 38
36 39
36 40
36 43
36 139
36 119
36 56
37 162
37 37
37 38
37 39
37 40
37 139
37 43
37 115
38 162
38 38
38 39
38 43
38 115
38 139
39 123
39 162
39 39
39 79
39 107
39 45
39 173
39 178
39 51
39 152
39 154
40 129
40 130
40 131
40 40
40 92
40 139
40 140
40 141
40 43
40 91
40 90
41 41
41 175
41 179
41 52
41 153
41 57
41 58
41 59
41 60
42 161
42 132
42 49
42 105
42 42
42 139
42 147
42 116
43 161
43 130
43 139
43 43
43 117
44 96
44 118
44 169
44 108
44 109
44 44
44 114
44 117
44 54
44 55
44 121
44 111
45 48
45 99
45 101
45 45
45 46
45 51
45 84
45 53
45 152
45 148
46 86
46 46
46 175
46 51
46 52
46 149
46 150
46 152
46 59
46 125
46 53
47 144
47 167
47 168
47 137
47 106
47 47
47 48
47 82
47 115
47 119
48 79
48 144
48 99
48 167
48 104
48 74
48 78
48 175
48 48
48 82
48 115
48 174
48 157
48 95
49 66
49 100
49 161
49 139
49 108
49 49
49 116
49 147
49 94
49 63
50 161
50 131
50 100
50 102
50 136
50 50
50 145
50 146
50 122
51 51
51 162
51 99
51 101
51 53
51 152
52 64
52 72
52 61
52 53
52 179
52 52
52 150
52 57
52 59
52 60
52 58
52 149
53 101
53 174
53 79
53 78
53 152
53 53
54 96
54 167
54 106
54 142
54 144
54 168
54 148
54 54
54 55
55 96
55 167
55 106
55 119
55 109
55 168
55 55
55 121
56 137
56 110
56 80
56 56
56 89
56 155
56 157
57 102
57 179
57 153
57 57
57 58
57 59
57 60
57 127
58 160
58 113
58 179
58 58
58 59
58 60
59 84
59 162
59 160
59 179
59 59
59 60
59 62
59 85
60 69
60 87
60 179
60 153
60 60
60 127
61 64
61 163
61 135
61 136
61 170
61 72
61 87
61 127
61 61
61 85
62 160
62 69
62 70
62 71
62 138
62 83
62 87
62 154
62 86
62 62
63 137
63 110
63 143
63 112
63 151
63 159
63 158
63 63
64 64
64 163
64 135
64 136
64 170
64 72
64 87
64 127
64 85
65 160
65 65
65 99
65 138
65 78
65 156
65 85
66 66
66 166
66 77
66 110
66 143
66 151
66 88
66 89
66 90
66 91
66 92
66 94
67 97
67 98
67 67
67 103
67 73
67 107
67 173
67 178
67 84
67 105
67 68
68 97
68 98
68 68
68 70
68 73
68 178
68 84
68 154
68 125
69 160
69 69
69 70
69 71
69 72
69 138
69 83
69 86
69 87
70 160
70 98
70 70
70 71
70 83
70 179
70 84
70 86
70 87
70 154
71 160
71 179
71 71
71 138
71 83
71 84
71 87
71 86
72 163
72 87
72 72
72 170
72 127
73 97
73 73
73 178
73 84
73 148
73 154
73 124
73 125
74 144
74 99
74 133
74 102
74 113
74 74
74 78
74 79
74 81
74 85
74 156
74 95
75 171
75 169
75 75
75 76
75 141
75 143
75 108
75 114
75 180
75 117
75 111
75 140
75 109
76 171
76 169
76 76
76 141
76 143
76 114
76 180
76 117
76 150
76 111
76 140
76 149
77 172
77 77
77 110
77 158
77 151
77 89
77 90
77 91
77 92
77 94
77 159
78 99
78 142
78 80
78 78
78 79
78 81
78 82
78 157
78 156
78 138
78 85
79 80
79 99
79 157
79 79
79 81
79 82
79 156
79 138
79 85
80 99
80 142
80 80
80 82
80 157
81 99
81 133
81 102
81 113
81 177
81 81
81 163
81 127
81 156
81 85
81 95
82 167
82 168
82 144
82 157
82 82
82 115
82 119
83 160
83 138
83 86
83 175
83 83
83 152
83 154
83 124
83 125
84 97
84 98
84 84
84 154
84 125
84 101
85 99
85 160
85 138
85 163
85 156
85 85
86 160
86 138
86 87
86 86
87 160
87 170
87 87
88 131
88 164
88 165
88 166
88 177
88 94
88 88
88 90
88 91
88 92
88 93
88 126
89 110
89 89
89 151
89 137
89 90
89 94
90 166
90 90
90 91
90 92
90 94
90 141
91 165
91 166
91 140
91 141
91 91
91 92
91 93
91 94
92 165
92 166
92 140
92 141
92 92
92 93
92 94
93 177
93 131
93 164
93 165
93 166
93 170
93 93
93 150
94 166
94 172
94 110
94 143
94 158
94 151
94 94
94 159
95 144
95 99
95 164
95 102
95 113
95 145
95 174
95 175
95 104
95 95
96 96
96 172
96 109
96 114
96 117
96 121
97 128
97 97
97 98
97 103
97 107
97 173
97 178
97 105
97 123
98 98
98 103
98 173
98 153
99 99
99 142
99 113
99 157
99 156
99 138
100 100
100 134
100 161
100 136
100 135
100 172
100 146
100 142
100 118
100 120
100 122
100 126
101 116
101 164
101 101
101 105
101 147
101 148
101 152
101 157
102 102
102 113
102 145
102 146
102 142
102 127
102 104
103 123
103 128
103 107
103 173
103 176
103 178
103 147
103 118
103 132
103 103
104 129
104 177
104 104
104 174
104 175
104 145
104 146
104 124
105 134
105 105
105 147
105 116
105 148
106 167
106 106
106 119
106 108
106 109
106 112
106 168
106 114
106 115
107 123
107 132
107 128
107 107
107 173
107 142
107 176
107 178
108 108
108 109
108 111
108 112
108 114
108 117
108 158
108 159
109 134
109 168
109 109
109 111
109 112
109 114
109 117
109 121
109 119
109 158
109 159
110 142
110 137
110 110
110 112
110 153
110 158
110 159
110 151
111 171
111 118
111 169
111 111
111 112
111 114
111 180
111 117
111 141
111 121
111 140
112 134
112 168
112 137
112 151
112 112
112 114
112 117
112 159
112 158
113 163
113 133
113 113
113 145
113 146
113 127
113 156
114 161
114 171
114 169
114 114
114 172
114 117
114 121
114 158
115 144
115 167
115 168
115 174
115 157
115 115
115 119
116 134
116 172
116 147
116 116
116 148
117 161
117 171
117 180
117 117
117 169
117 121
117 119
118 134
118 136
118 135
118 172
118 180
118 118
118 120
118 121
118 122
118 155
118 126
119 168
119 119
119 144
119 177
120 133
120 135
120 136
120 170
120 120
120 122
120 126
120 127
121 130
121 153
121 121
122 135
122 136
122 170
122 172
122 146
122 142
122 145
122 122
122 126
122 127
123 128
123 132
123 173
123 142
123 176
123 178
123 123
124 129
124 130
124 167
124 174
124 175
124 152
124 154
124 124
124 125
125 129
125 130
125 174
125 175
125 178
125 125
126 133
126 166
126 135
126 136
126 128
126 172
126 155
126 126
127 163
127 133
127 170
127 135
127 136
127 127
128 128
128 132
128 173
128 142
128 178
128 131
128 176
129 129
129 164
129 145
129 130
129 174
129 175
129 146
129 149
129 155
130 130
130 142
130 175
131 132
131 131
131 165
131 176
131 177
131 164
131 155
131 133
132 132
132 173
132 142
132 176
132 177
133 133
133 163
133 136
133 170
134 155
134 134
134 161
134 172
134 178
134 147
134 159
134 158
135 135
135 136
135 170
135 172
136 163
136 136
136 170
137 137
137 147
137 159
137 151
137 158
138 160
138 138
138 154
138 156
138 157
139 161
139 139
140 171
140 169
140 140
140 141
140 180
140 151
140 143
140 158
141 171
141 166
141 169
141 141
141 180
141 149
141 150
141 151
141 143
141 158
142 142
142 163
142 151
142 155
142 156
142 170
142 176
143 169
143 171
143 143
143 158
143 159
143 151
144 144
144 162
144 167
144 168
144 174
145 145
145 146
145 149
145 150
146 146
147 161
147 172
147 147
147 148
148 164
148 167
148 148
149 169
149 171
149 149
149 150
149 180
150 164
150 165
150 166
150 169
150 171
150 150
151 158
151 151
151 159
152 152
153 165
153 153
154 154
155 164
155 172
155 177
155 155
156 157
156 156
157 157
158 159
158 158
159 159
160 160
161 161
162 176
162 162
163 163
163 170
164 164
164 166
164 177
164 165
165 177
165 165
165 166
166 166
167 167
167 174
167 168
167 175
168 168
169 171
169 180
169 169
170 170
171 171
171 180
172 172
173 173
173 176
173 178
174 174
174 175
175 179
175 175
176 176
176 178
177 177
178 178
179 179
180 180
