1 128
1 1
1 131
1 4
1 103
1 107
1 173
1 176
1 178
1 51
1 53
1 132
1 123
1 60
2 2
2 39
2 137
2 151
2 110
2 47
2 112
2 82
2 20
2 23
2 143
2 158
2 159
3 96
3 129
3 130
3 3
3 128
3 107
3 142
3 176
3 24
3 153
3 123
3 125
4 32
4 67
4 4
4 97
4 9
4 103
4 12
4 173
4 178
4 107
4 132
4 123
5 22
5 84
5 5
5 6
5 7
5 68
5 154
5 12
5 45
5 62
5 73
6 65
6 6
6 7
6 138
6 11
6 45
6 78
6 79
6 80
6 22
6 56
6 89
6 60
6 157
7 32
7 65
7 7
7 73
7 11
7 45
7 83
7 22
7 89
7 154
7 62
8 96
8 168
8 106
8 54
8 55
8 8
8 10
8 167
8 44
8 26
8 45
9 32
9 16
9 34
9 179
9 41
9 45
9 46
9 13
9 80
9 51
9 52
9 53
9 9
9 152
9 57
9 58
9 59
9 60
10 96
10 177
10 168
10 106
10 55
10 44
10 51
10 54
10 119
10 152
10 26
10 10
11 65
11 11
11 77
11 78
11 79
11 80
11 148
11 89
11 56
11 20
11 157
12 97
12 98
12 67
12 103
12 73
12 12
12 34
12 173
12 152
12 178
12 84
12 24
12 68
13 16
13 101
13 78
13 13
13 46
13 45
13 48
13 51
13 52
13 53
13 152
13 148
13 179
13 58
14 96
14 129
14 34
14 32
14 135
14 41
14 44
14 14
14 52
14 57
14 121
14 60
15 162
15 35
15 36
15 37
15 38
15 39
15 42
15 43
15 15
15 27
15 49
15 139
15 17
15 143
15 29
15 30
16 64
16 98
16 170
16 46
16 45
16 16
16 51
16 180
16 149
16 152
16 52
17 162
17 147
17 101
17 39
17 105
17 42
17 112
17 49
17 51
17 116
17 17
17 151
17 148
17 27
17 29
17 158
18 64
18 160
18 163
18 72
18 138
18 46
18 61
18 18
18 85
18 87
18 127
18 156
18 170
18 21
19 161
19 100
19 102
19 104
19 50
19 145
19 146
19 19
19 149
19 25
19 122
19 28
20 144
20 167
20 137
20 110
20 47
20 80
20 82
20 115
20 148
20 53
20 56
20 20
20 59
20 157
21 160
21 65
21 99
21 64
21 72
21 156
21 138
21 78
21 61
21 81
21 163
21 85
21 22
21 87
21 127
21 21
21 170
21 31
22 65
22 69
22 138
22 83
22 22
22 152
22 154
22 62
22 85
23 39
23 137
23 23
23 140
23 141
23 110
23 143
23 112
23 82
23 151
23 158
23 159
24 128
24 97
24 67
24 132
24 101
24 103
24 107
24 173
24 142
24 176
24 178
24 24
24 123
24 125
25 129
25 130
25 102
25 104
25 146
25 145
25 50
25 149
25 40
25 25
25 26
25 28
26 164
26 104
26 43
26 40
26 180
26 149
26 54
26 55
26 26
26 28
27 96
27 161
27 134
27 49
27 42
27 139
27 140
27 147
27 116
27 27
27 29
27 30
28 161
28 130
28 43
28 36
28 165
28 40
28 139
28 50
28 28
28 30
29 101
29 49
29 105
29 42
29 39
29 45
29 77
29 51
29 116
29 89
29 119
29 137
29 148
29 152
29 29
30 161
30 43
30 36
30 37
30 40
30 42
30 75
30 49
30 139
30 117
30 30
30 63
31 32
31 33
31 131
31 164
31 134
31 31
31 172
31 138
31 160
31 108
31 175
31 177
31 114
31 118
31 155
31 126
31 85
32 65
32 133
32 81
32 121
32 153
32 156
32 32
32 34
32 180
32 41
32 174
32 179
32 52
32 53
32 57
32 58
32 59
32 60
33 33
33 34
33 134
33 76
33 172
33 177
33 178
33 147
33 116
33 118
33 155
33 126
34 34
34 163
34 179
34 70
34 41
34 145
34 83
34 52
34 153
34 57
34 121
34 60
34 102
34 62
34 84
35 162
35 35
35 36
35 37
35 38
35 39
35 42
35 109
35 143
35 49
35 59
36 162
36 36
36 37
36 38
36 39
36 40
36 139
36 44
36 43
37 162
37 37
37 38
37 39
37 88
37 139
37 43
38 162
38 38
38 39
38 42
38 139
38 143
38 43
38 88
38 166
39 66
39 39
39 137
39 42
39 162
39 51
39 106
39 58
39 59
39 94
40 161
40 43
40 129
40 40
40 139
40 177
40 150
41 51
41 41
41 48
41 179
41 52
41 53
41 153
41 57
41 58
41 59
41 60
42 162
42 147
42 49
42 105
42 42
42 51
42 116
42 148
42 90
43 161
43 130
43 43
43 139
43 171
43 165
44 96
44 134
44 169
44 75
44 108
44 109
44 44
44 114
44 117
44 119
44 121
44 111
44 63
45 105
45 45
45 46
45 51
45 148
45 152
45 101
46 101
46 71
46 174
46 46
46 113
46 51
46 180
46 149
46 86
46 87
46 152
46 52
46 95
46 124
46 69
47 167
47 168
47 137
47 106
47 110
47 47
47 144
47 82
47 115
47 148
48 144
48 99
48 113
48 167
48 168
48 74
48 78
48 175
48 48
48 81
48 115
48 174
48 152
48 79
48 124
48 157
48 95
49 161
49 166
49 49
49 139
49 140
49 147
49 116
50 161
50 130
50 100
50 102
50 146
50 145
50 50
50 121
50 122
51 179
51 51
51 152
51 144
51 101
51 115
51 53
51 58
51 59
51 60
52 163
52 121
52 72
52 57
52 61
52 104
52 52
52 180
52 127
52 60
52 125
52 126
52 149
53 179
53 53
53 57
53 58
53 60
54 96
54 101
54 167
54 168
54 106
54 55
54 144
54 115
54 54
54 119
55 96
55 168
55 106
55 119
55 109
55 144
55 148
55 55
56 77
56 78
56 79
56 80
56 179
56 148
56 110
56 56
56 89
56 157
57 57
57 121
57 179
57 74
57 78
57 79
57 180
57 153
57 58
57 59
57 60
58 167
58 179
58 153
58 58
58 59
58 60
59 162
59 179
59 167
59 59
59 60
60 179
60 153
60 60
61 64
61 160
61 163
61 87
61 72
61 170
61 61
61 127
62 65
62 70
62 73
62 138
62 71
62 83
62 87
62 154
62 86
62 62
62 69
63 171
63 169
63 75
63 108
63 141
63 63
63 111
63 76
63 114
63 117
63 150
63 155
63 149
64 64
64 163
64 87
64 72
64 170
64 160
64 127
65 65
65 101
65 138
65 154
65 156
65 85
66 66
66 166
66 137
66 77
66 110
66 151
66 88
66 89
66 90
66 91
66 92
66 94
67 128
67 97
67 98
67 67
67 155
67 103
67 107
67 173
67 176
67 152
67 178
67 84
67 68
67 123
68 97
68 98
68 68
68 70
68 103
68 73
68 178
68 84
68 101
69 160
69 69
69 70
69 71
69 138
69 83
69 87
69 154
69 86
70 70
70 71
70 73
70 83
70 84
70 86
70 87
70 154
71 160
71 83
71 84
71 71
71 154
71 87
71 86
72 160
72 163
72 87
72 72
72 170
72 127
73 73
73 178
73 84
73 152
73 154
73 124
73 125
74 99
74 133
74 113
74 74
74 78
74 79
74 81
74 174
74 156
74 157
74 95
75 171
75 140
75 169
75 75
75 108
75 141
75 111
75 76
75 114
75 117
75 150
75 109
76 149
76 171
76 169
76 76
76 141
76 111
76 108
76 114
76 117
76 150
77 166
77 137
77 77
77 110
77 151
77 88
77 89
77 90
77 91
77 92
77 94
78 80
78 99
78 78
78 79
78 81
78 156
78 157
78 85
79 80
79 99
79 79
79 81
79 85
79 157
79 156
79 138
80 99
80 80
80 89
80 156
80 157
81 95
81 99
81 113
81 81
81 163
81 175
81 156
81 85
81 127
82 167
82 168
82 137
82 110
82 144
82 82
82 115
82 148
82 159
83 124
83 138
83 175
83 83
83 87
83 154
83 86
83 125
84 97
84 98
84 178
84 84
84 125
85 99
85 124
85 138
85 113
85 163
85 127
85 156
85 170
85 85
86 160
86 154
86 87
86 86
86 138
87 160
87 87
87 154
88 165
88 131
88 164
88 177
88 88
88 90
88 91
88 92
88 93
88 94
88 166
89 89
89 90
89 91
89 92
89 94
90 166
90 116
90 151
90 90
90 91
90 92
90 93
90 94
91 165
91 166
91 140
91 162
91 134
91 91
91 92
91 93
91 94
92 131
92 164
92 165
92 166
92 140
92 177
92 134
92 92
92 93
92 94
93 131
93 164
93 165
93 166
93 177
93 150
93 100
93 93
94 166
94 137
94 110
94 158
94 151
94 94
95 99
95 102
95 113
95 145
95 174
95 175
95 146
95 104
95 124
95 95
96 96
96 98
96 119
96 117
96 121
97 128
97 97
97 98
97 103
97 107
97 173
97 176
97 152
97 178
97 123
98 98
98 103
98 107
98 173
98 153
98 123
99 99
99 113
99 152
99 156
99 157
100 161
100 100
100 165
100 134
100 135
100 136
100 172
100 146
100 147
100 118
100 150
100 122
100 126
101 101
101 105
101 157
101 148
101 152
102 136
102 102
102 113
102 104
102 135
102 145
102 146
102 120
102 122
102 126
103 128
103 107
103 173
103 176
103 178
103 123
103 121
103 103
103 132
104 129
104 104
104 174
104 175
104 145
104 146
105 134
105 105
105 106
105 110
105 147
105 116
105 152
105 148
106 144
106 168
106 167
106 108
106 109
106 112
106 114
106 115
106 119
106 106
107 123
107 128
107 107
107 173
107 142
107 176
107 121
107 132
108 140
108 169
108 108
108 109
108 112
108 114
108 117
108 111
108 143
109 168
109 109
109 111
109 112
109 114
109 119
109 158
109 159
110 167
110 151
110 110
110 115
110 158
110 137
110 159
111 171
111 134
111 169
111 111
111 114
111 117
112 112
112 168
112 151
112 140
112 162
112 141
112 114
112 144
112 153
112 143
112 158
112 159
113 133
113 113
113 145
113 135
113 174
113 163
113 127
113 156
114 169
114 114
114 116
114 117
114 119
115 144
115 115
115 167
115 168
116 134
116 172
116 147
116 116
116 148
117 171
117 134
117 169
117 142
117 117
117 121
118 133
118 134
118 172
118 147
118 118
118 120
118 121
118 155
118 126
119 168
119 119
119 142
119 144
119 121
120 163
120 164
120 133
120 135
120 136
120 170
120 172
120 120
120 122
120 126
120 127
121 132
121 121
121 128
121 173
121 176
121 153
121 123
122 163
122 135
122 136
122 146
122 145
122 180
122 122
122 126
122 127
123 123
123 128
123 173
123 142
123 176
123 132
124 129
124 130
124 174
124 175
124 124
124 125
125 129
125 130
125 174
125 175
125 178
125 125
126 133
126 135
126 136
126 172
126 155
126 126
127 163
127 133
127 170
127 135
127 136
127 127
128 132
128 128
128 173
128 142
128 176
128 148
129 129
129 130
129 145
129 174
129 175
129 146
129 180
130 130
130 142
130 175
130 149
131 162
131 131
131 164
131 165
131 166
131 139
131 177
131 132
132 132
132 173
132 142
132 176
133 163
133 133
133 135
133 136
133 155
133 170
134 155
134 134
134 161
134 147
134 172
135 163
135 145
135 136
135 177
135 170
135 135
136 163
136 136
136 145
136 170
136 172
136 177
136 146
137 137
137 151
137 143
137 158
137 159
138 156
138 138
138 154
139 161
139 139
140 151
140 155
140 140
140 141
140 143
140 171
140 158
140 159
141 155
141 166
141 141
141 143
141 147
141 171
141 150
141 169
141 151
141 158
141 159
142 173
142 142
142 176
143 151
143 143
143 158
143 159
144 144
144 167
144 168
145 145
145 146
145 174
146 177
146 146
147 155
147 172
147 161
147 147
148 148
148 168
148 152
149 164
149 169
149 171
149 149
149 150
149 180
150 171
150 165
150 169
150 177
150 180
150 150
150 164
151 151
151 158
151 159
152 152
152 154
153 153
154 154
155 172
155 169
155 177
155 155
156 157
156 156
157 157
158 158
158 159
159 162
159 159
160 160
160 170
161 161
161 171
161 172
162 162
163 170
163 163
164 164
164 165
164 166
164 177
165 165
165 166
165 177
166 177
166 166
167 167
167 168
167 174
168 168
169 171
169 180
169 169
170 170
171 171
171 172
171 180
172 172
173 173
173 176
173 178
174 175
174 174
175 175
176 176
177 177
178 178
179 179
180 180
