1 128
1 1
1 131
1 4
1 166
1 40
1 92
1 176
1 91
1 88
1 132
1 90
1 123
1 28
2 2
2 137
2 151
2 108
2 110
2 112
2 147
2 94
2 23
2 89
2 158
2 159
3 176
3 129
3 130
3 3
3 14
3 123
3 24
3 128
3 107
3 125
3 142
4 128
4 66
4 107
4 4
4 103
4 132
4 172
4 173
4 77
4 178
4 89
4 123
5 68
5 5
5 6
5 7
5 73
5 11
5 12
5 84
5 56
5 154
5 155
5 37
6 80
6 22
6 20
6 6
6 7
6 56
6 154
6 11
6 157
6 29
7 35
7 68
7 7
7 73
7 11
7 80
7 84
7 56
7 154
7 37
8 96
8 168
8 26
8 54
8 55
8 8
8 121
8 10
8 44
8 106
8 45
9 32
9 179
9 41
9 13
9 174
9 60
9 16
9 51
9 46
9 9
9 57
9 58
9 156
9 62
9 53
10 96
10 104
10 10
10 55
10 16
10 40
10 54
10 119
10 121
10 26
10 59
11 137
11 11
11 80
11 20
11 105
11 56
11 154
11 38
11 157
11 37
12 97
12 98
12 67
12 68
12 38
12 103
12 73
12 12
12 178
12 84
12 24
13 65
13 98
13 99
13 101
13 39
13 138
13 83
13 45
13 46
13 13
13 16
13 51
13 53
13 152
13 179
13 59
13 124
13 58
14 96
14 32
14 34
14 121
14 40
14 169
14 44
14 142
14 52
14 14
14 57
14 153
14 60
14 126
15 162
15 35
15 36
15 37
15 38
15 39
15 105
15 42
15 139
15 29
15 15
15 27
15 17
15 148
15 103
15 106
15 30
16 164
16 133
16 93
16 41
16 46
16 45
16 16
16 177
16 51
16 52
16 149
16 150
16 152
16 57
16 179
16 59
16 60
16 58
17 35
17 134
17 49
17 105
17 42
17 103
17 17
17 147
17 148
17 116
17 27
17 29
17 30
18 160
18 65
18 163
18 69
18 72
18 64
18 138
18 86
18 78
18 61
18 81
18 18
18 85
18 22
18 87
18 58
18 127
18 156
18 170
18 21
19 161
19 100
19 166
19 102
19 171
19 50
19 145
19 146
19 19
19 88
19 25
19 122
19 28
20 80
20 35
20 167
20 168
20 137
20 47
20 144
20 157
20 82
20 115
20 20
20 56
20 29
21 160
21 65
21 99
21 69
21 72
21 64
21 138
21 127
21 61
21 78
21 79
21 81
21 163
21 85
21 22
21 87
21 59
21 156
21 170
21 21
22 160
22 65
22 83
22 70
22 71
22 138
22 78
22 79
22 51
22 22
22 154
22 156
22 157
22 62
22 85
23 139
23 137
23 42
23 23
23 108
23 109
23 110
23 77
23 112
23 158
23 151
23 153
23 94
23 159
24 128
24 97
24 67
24 132
24 103
24 107
24 173
24 142
24 176
24 178
24 116
24 24
24 123
25 129
25 130
25 131
25 102
25 104
25 43
25 146
25 34
25 145
25 50
25 40
25 25
25 26
25 28
26 36
26 104
26 28
26 43
26 54
26 40
26 26
26 91
26 92
26 90
27 161
27 35
27 37
27 38
27 49
27 105
27 42
27 139
27 173
27 110
27 147
27 116
27 137
27 148
27 27
27 29
27 30
28 43
28 161
28 40
28 75
28 49
28 50
28 139
28 28
28 30
29 80
29 162
29 35
29 101
29 39
29 105
29 148
29 45
29 51
29 119
29 152
29 116
29 38
29 29
29 37
30 161
30 43
30 36
30 49
30 40
30 42
30 139
30 176
30 147
30 158
30 151
30 30
31 172
31 33
31 98
31 134
31 105
31 44
31 108
31 114
31 147
31 116
31 118
31 155
31 126
31 31
32 32
32 34
32 163
32 41
32 179
32 52
32 53
32 153
32 57
32 58
32 59
32 60
33 33
33 66
33 100
33 134
33 103
33 75
33 172
33 111
33 147
33 118
33 120
33 155
33 126
34 34
34 169
34 170
34 44
34 130
34 145
34 57
34 41
34 153
34 121
34 60
34 52
35 162
35 35
35 36
35 37
35 38
35 39
35 82
36 162
36 36
36 37
36 38
36 39
36 40
36 139
36 173
36 43
36 107
36 123
37 162
37 38
37 40
37 43
37 139
37 39
37 37
38 97
38 162
38 38
38 39
38 106
38 43
38 178
38 67
38 139
39 162
39 39
39 167
39 45
39 115
39 84
39 55
39 152
39 68
40 43
40 161
40 40
40 139
40 140
40 141
41 69
41 41
41 98
41 179
41 52
41 53
41 153
41 57
41 58
41 59
41 60
41 95
42 128
42 161
42 134
42 49
42 105
42 42
42 172
42 147
42 116
43 161
43 66
43 43
43 139
43 77
43 117
44 96
44 108
44 44
44 109
44 111
44 112
44 114
44 117
44 55
44 121
45 65
45 162
45 101
45 45
45 78
45 51
45 148
45 46
45 152
45 79
46 149
46 164
46 179
46 74
46 174
46 51
46 52
46 46
46 87
46 152
46 58
46 59
46 101
47 144
47 80
47 167
47 168
47 106
47 47
47 48
47 82
47 115
47 119
47 148
48 79
48 48
48 99
48 113
48 168
48 74
48 167
48 78
48 175
48 144
48 81
48 82
48 115
48 174
48 152
48 124
48 95
49 161
49 66
49 100
49 134
49 49
49 139
49 172
49 114
49 147
49 116
49 94
50 161
50 131
50 100
50 102
50 135
50 50
50 145
50 146
50 122
51 162
51 101
51 79
51 51
51 53
51 152
51 58
51 59
52 64
52 179
52 52
52 150
52 57
52 180
52 58
52 127
52 60
52 61
52 149
53 101
53 84
53 53
53 152
53 57
53 60
53 157
53 153
54 96
54 167
54 168
54 106
54 119
54 144
54 54
54 55
54 121
54 155
55 96
55 162
55 106
55 55
55 144
55 168
55 167
55 119
55 121
56 137
56 110
56 80
56 82
56 105
56 56
56 89
56 157
57 104
57 113
57 179
57 153
57 57
57 58
57 59
57 60
58 160
58 179
58 86
58 152
58 58
58 59
58 60
58 125
59 160
59 98
59 179
59 71
59 152
59 59
59 60
59 85
60 133
60 179
60 60
61 64
61 163
61 69
61 136
61 170
61 177
61 87
61 72
61 120
61 127
61 61
61 133
62 160
62 65
62 98
62 69
62 70
62 71
62 138
62 83
62 87
62 154
62 86
62 62
63 161
63 75
63 169
63 171
63 140
63 141
63 143
63 76
63 94
63 151
63 111
63 159
63 158
63 63
64 64
64 163
64 69
64 135
64 136
64 170
64 72
64 87
64 120
64 127
64 133
65 160
65 65
65 69
65 138
65 85
65 156
66 66
66 140
66 172
66 77
66 143
66 158
66 151
66 88
66 89
66 90
66 91
66 92
66 94
66 159
67 97
67 98
67 67
67 68
67 103
67 73
67 107
67 173
67 178
67 84
68 97
68 98
68 68
68 70
68 73
68 84
68 148
68 154
69 69
69 70
69 71
69 72
69 160
69 179
69 86
69 87
69 85
70 160
70 98
70 70
70 71
70 138
70 83
70 84
70 87
70 152
70 86
71 160
71 98
71 71
71 138
71 83
71 87
71 152
71 86
72 163
72 164
72 133
72 72
72 170
72 87
72 127
73 97
73 162
73 73
73 178
73 84
73 154
73 155
73 125
74 99
74 102
74 81
74 74
74 78
74 79
74 113
74 85
74 156
74 95
75 171
75 108
75 75
75 76
75 141
75 143
75 114
75 180
75 117
75 169
75 111
75 140
76 171
76 100
76 169
76 140
76 141
76 143
76 76
76 180
76 117
76 111
77 137
77 77
77 110
77 94
77 151
77 89
77 90
77 158
77 159
78 80
78 99
78 157
78 82
78 78
78 81
78 79
78 156
78 138
78 85
79 80
79 99
79 79
79 157
79 82
79 156
79 138
79 85
80 80
80 157
80 82
80 154
81 99
81 133
81 113
81 81
81 163
81 179
81 127
81 156
81 85
81 95
82 167
82 168
82 144
82 82
82 115
82 119
82 157
83 160
83 86
83 138
83 83
83 85
83 154
83 124
83 125
84 97
84 98
84 84
84 154
85 160
85 99
85 113
85 87
85 163
85 156
85 138
85 85
86 160
86 98
86 138
86 86
86 87
87 160
87 170
87 87
88 131
88 165
88 166
88 140
88 141
88 177
88 150
88 88
88 90
88 91
88 92
88 93
89 134
89 137
89 110
89 158
89 89
89 94
89 159
90 166
90 140
90 141
90 90
90 91
90 92
90 94
91 100
91 166
91 140
91 141
91 143
91 91
91 92
91 94
92 131
92 165
92 166
92 140
92 141
92 143
92 153
92 92
92 94
93 177
93 102
93 131
93 164
93 165
93 166
93 93
93 150
93 149
94 151
94 143
94 110
94 158
94 159
94 94
95 129
95 99
95 164
95 102
95 104
95 145
95 174
95 113
95 146
95 177
95 175
95 95
96 96
96 119
96 172
96 109
96 121
96 153
96 106
97 97
97 98
97 103
97 107
97 173
97 178
97 123
98 98
98 101
98 153
99 99
99 113
99 157
99 156
99 138
100 100
100 134
100 161
100 136
100 172
100 135
100 146
100 118
100 122
100 126
101 164
101 101
101 105
101 177
101 148
101 152
101 116
101 155
102 165
102 102
102 113
102 104
102 146
102 145
102 149
102 122
102 126
103 128
103 107
103 173
103 176
103 178
103 123
103 132
103 103
104 129
104 130
104 113
104 145
104 104
104 174
104 175
104 177
104 146
105 105
105 147
105 116
105 148
106 144
106 167
106 168
106 106
106 119
106 108
106 109
106 112
106 114
106 115
107 128
107 132
107 107
107 173
107 142
107 176
107 178
107 123
108 108
108 109
108 111
108 112
108 114
108 117
108 159
108 151
108 158
109 134
109 151
109 109
109 111
109 112
109 114
109 117
109 119
109 159
110 137
110 151
110 110
110 112
110 158
110 159
111 171
111 140
111 169
111 141
111 143
111 114
111 117
111 111
112 134
112 137
112 151
112 112
112 114
112 117
112 158
112 159
113 133
113 113
113 145
113 163
113 127
114 114
114 117
114 151
114 121
114 159
114 158
115 144
115 168
115 167
115 115
115 119
115 124
115 157
116 155
116 134
116 172
116 142
116 147
116 116
116 148
117 161
117 171
117 117
117 169
117 121
117 143
118 128
118 134
118 135
118 136
118 172
118 143
118 118
118 120
118 122
118 155
118 126
119 167
119 168
119 119
119 144
120 131
120 133
120 135
120 136
120 170
120 120
120 122
120 126
120 127
121 142
121 153
121 121
122 131
122 135
122 136
122 146
122 142
122 145
122 180
122 122
122 126
123 128
123 132
123 173
123 142
123 176
123 178
123 123
124 129
124 130
124 167
124 144
124 174
124 175
124 124
124 125
125 129
125 130
125 167
125 174
125 175
125 178
125 125
126 133
126 135
126 136
126 126
127 163
127 133
127 170
127 135
127 136
127 127
128 128
128 173
128 142
128 176
128 178
128 132
129 129
129 130
129 164
129 174
129 175
129 145
130 130
130 142
130 175
130 145
130 146
130 174
130 149
131 131
131 132
131 165
131 166
131 135
131 177
131 176
132 161
132 173
132 142
132 176
132 132
133 163
133 133
133 170
134 155
134 134
134 172
134 147
134 159
134 158
135 135
135 136
135 170
136 136
136 170
136 142
137 137
137 151
137 158
137 159
138 160
138 138
138 154
138 156
138 157
139 161
139 139
139 159
140 171
140 166
140 140
140 141
140 180
140 169
140 143
141 171
141 166
141 141
141 180
141 169
141 143
142 155
142 169
142 176
142 147
142 142
143 171
143 158
143 169
143 151
143 143
144 144
144 167
144 168
144 174
144 153
145 145
145 150
145 146
146 146
146 180
147 155
147 161
147 172
147 173
147 147
148 148
148 152
149 164
149 165
149 169
149 171
149 180
149 149
149 150
150 164
150 165
150 166
150 177
150 171
150 180
150 150
151 158
151 151
151 159
152 164
152 152
152 156
153 166
153 167
153 153
154 162
154 154
155 155
155 172
155 177
156 157
156 156
157 157
158 158
158 159
159 159
160 160
161 161
161 172
162 162
162 168
163 163
163 177
163 170
164 164
164 165
164 177
165 177
165 166
165 165
166 166
166 177
167 168
167 175
167 174
167 167
168 168
169 171
169 180
169 169
170 170
171 171
171 180
172 172
173 173
173 178
173 176
174 175
174 174
175 179
175 175
176 176
176 178
177 177
178 178
179 179
180 180
