1 128
1 1
1 131
1 132
1 103
1 107
1 172
1 173
1 176
1 59
1 147
1 116
1 4
1 58
1 123
1 29
2 2
2 137
2 45
2 109
2 110
2 77
2 112
2 82
2 115
2 20
2 94
2 23
2 158
2 159
3 128
3 3
3 132
3 103
3 107
3 44
3 173
3 142
3 176
3 119
3 24
3 123
4 128
4 131
4 4
4 101
4 33
4 9
4 107
4 173
4 176
4 178
4 123
4 53
4 57
4 132
4 103
4 60
5 178
5 67
5 68
5 5
5 6
5 7
5 84
5 154
5 155
5 12
5 73
6 65
6 164
6 6
6 7
6 138
6 11
6 80
6 52
6 22
6 56
6 154
6 157
7 68
7 7
7 73
7 11
7 83
7 84
7 22
7 56
7 52
7 154
8 16
8 8
8 106
8 54
8 55
8 168
8 119
8 10
8 167
8 26
8 96
9 32
9 179
9 41
9 13
9 46
9 16
9 82
9 51
9 52
9 53
9 9
9 152
9 57
9 60
9 149
10 96
10 168
10 10
10 131
10 54
10 55
10 26
10 119
10 106
10 144
11 80
11 20
11 56
11 57
11 154
11 11
11 157
11 78
11 79
12 97
12 98
12 67
12 68
12 103
12 73
12 12
12 178
12 84
12 149
12 24
13 162
13 35
13 179
13 39
13 137
13 110
13 45
13 46
13 13
13 16
13 51
13 53
13 152
13 58
13 59
14 128
14 32
14 76
14 14
14 81
14 18
14 83
14 21
14 121
14 24
14 153
14 96
14 34
14 102
14 103
14 169
14 107
14 44
14 173
14 113
14 52
14 57
14 123
14 125
15 162
15 35
15 36
15 37
15 38
15 39
15 42
15 139
15 15
15 49
15 114
15 17
15 43
15 27
15 29
15 30
16 164
16 179
16 41
16 57
16 46
16 45
16 16
16 51
16 52
16 149
16 150
16 152
16 132
16 58
16 59
16 60
16 53
17 66
17 101
17 49
17 105
17 42
17 45
17 17
17 116
17 152
17 148
17 27
17 29
17 30
18 160
18 65
18 163
18 69
18 71
18 72
18 64
18 138
18 86
18 18
18 83
18 85
18 22
18 87
18 156
18 61
18 62
18 21
19 161
19 131
19 100
19 102
19 75
19 50
19 145
19 146
19 19
19 25
19 122
19 28
20 80
20 164
20 167
20 168
20 137
20 47
20 144
20 82
20 115
20 20
20 56
20 157
21 64
21 65
21 99
21 72
21 138
21 61
21 81
21 163
21 85
21 22
21 87
21 127
21 156
21 170
21 21
22 160
22 65
22 138
22 71
22 83
22 22
22 154
22 93
22 62
22 85
23 82
23 101
23 77
23 137
23 66
23 110
23 109
23 112
23 114
23 158
23 23
23 89
23 159
23 94
23 63
24 128
24 97
24 98
24 132
24 103
24 107
24 130
24 173
24 176
24 178
24 67
24 142
24 24
24 123
25 161
25 102
25 129
25 104
25 169
25 50
25 174
25 145
25 146
25 40
25 25
25 26
25 28
26 40
26 174
26 54
26 55
26 28
26 26
26 104
26 166
27 161
27 139
27 101
27 49
27 105
27 42
27 43
27 108
27 147
27 116
27 148
27 27
27 29
27 30
28 129
28 43
28 161
28 40
28 139
28 140
28 141
28 49
28 50
28 28
28 30
29 101
29 38
29 105
29 42
29 45
29 148
29 152
29 116
29 29
29 30
30 161
30 43
30 37
30 49
30 40
30 42
30 139
30 44
30 30
31 33
31 66
31 134
31 172
31 177
31 147
31 118
31 120
31 89
31 155
31 126
31 31
32 32
32 34
32 41
32 80
32 179
32 180
32 57
32 153
32 52
32 58
32 59
32 60
33 33
33 134
33 135
33 172
33 141
33 118
33 120
33 100
33 155
33 126
34 65
34 34
34 132
34 121
34 169
34 171
34 60
34 156
34 52
34 57
34 41
34 153
34 154
34 124
34 95
35 162
35 35
35 36
35 37
35 38
35 39
35 112
35 51
35 89
35 58
35 59
35 158
36 131
36 162
36 36
36 37
36 38
36 39
36 40
36 139
36 43
37 96
37 162
37 37
37 38
37 39
37 40
37 139
37 43
38 162
38 38
38 39
38 40
38 139
38 66
38 43
39 51
39 162
39 39
39 45
39 159
40 161
40 43
40 40
40 139
40 91
40 92
40 90
41 41
41 179
41 52
41 149
41 56
41 57
41 58
41 59
41 60
41 153
41 53
42 161
42 49
42 105
42 42
42 139
42 147
42 116
42 63
43 43
43 139
43 143
44 96
44 169
44 75
44 108
44 109
44 111
44 114
44 172
44 117
44 118
44 121
44 44
45 101
45 45
45 46
45 51
45 148
45 110
45 152
46 164
46 179
46 106
46 46
46 82
46 51
46 149
46 55
46 152
46 58
46 59
46 53
47 48
47 164
47 167
47 168
47 106
47 47
47 144
47 82
47 115
47 56
47 157
48 79
48 144
48 99
48 113
48 104
48 74
48 167
48 78
48 48
48 81
48 115
48 174
48 150
48 168
48 156
48 157
48 95
49 161
49 49
49 105
49 139
49 143
49 50
49 147
49 116
50 161
50 131
50 100
50 102
50 145
50 50
50 146
50 90
50 122
51 162
51 179
51 137
51 51
51 53
51 152
51 58
51 59
52 132
52 57
52 179
52 52
52 149
52 150
52 180
52 58
52 60
52 53
53 53
53 152
53 57
53 153
54 164
54 167
54 168
54 106
54 55
54 144
54 115
54 54
54 119
55 96
55 168
55 106
55 119
55 109
55 144
55 55
56 137
56 78
56 79
56 80
56 56
56 60
56 157
57 167
57 57
57 179
57 180
57 153
57 58
57 59
57 60
57 149
58 179
58 58
58 59
58 60
59 162
59 179
59 59
59 60
60 179
60 149
60 60
60 153
61 64
61 163
61 135
61 136
61 170
61 72
61 180
61 87
61 61
61 127
62 160
62 69
62 70
62 71
62 138
62 83
62 87
62 154
62 86
62 93
62 62
63 139
63 134
63 140
63 151
63 108
63 141
63 143
63 114
63 147
63 159
63 158
63 63
64 64
64 163
64 135
64 136
64 170
64 72
64 180
64 87
64 127
65 160
65 65
65 78
65 156
65 85
65 138
66 66
66 151
66 159
66 77
66 110
66 143
66 94
66 89
66 90
66 91
66 92
66 158
67 97
67 98
67 67
67 68
67 103
67 73
67 107
67 173
67 178
67 84
67 149
68 97
68 98
68 68
68 70
68 73
68 130
68 178
68 84
68 164
68 154
68 125
69 160
69 69
69 70
69 71
69 72
69 138
69 177
69 83
69 86
69 87
70 160
70 98
70 70
70 71
70 130
70 83
70 84
70 86
70 87
70 154
70 93
71 160
71 98
71 165
71 71
71 83
71 84
71 87
71 86
72 163
72 180
72 87
72 72
72 170
72 127
73 73
73 175
73 178
73 83
73 84
73 149
73 154
73 124
73 125
74 99
74 133
74 81
74 74
74 78
74 79
74 113
74 150
74 156
74 157
74 95
75 171
75 169
75 75
75 76
75 141
75 143
75 140
75 180
75 117
75 151
75 111
76 135
76 169
76 171
76 140
76 141
76 111
76 76
76 180
76 117
76 150
76 151
76 122
76 143
77 162
77 137
77 110
77 77
77 148
77 158
77 89
77 94
77 159
78 99
78 165
78 80
78 78
78 79
78 81
78 85
78 157
78 156
78 138
79 80
79 99
79 165
79 79
79 81
79 85
79 157
79 156
79 138
80 99
80 164
80 80
80 156
80 157
81 99
81 133
81 102
81 113
81 81
81 163
81 127
81 156
81 95
82 167
82 168
82 137
82 106
82 144
82 82
82 115
82 159
83 160
83 129
83 130
83 138
83 86
83 175
83 83
83 150
83 154
83 124
83 125
84 97
84 98
84 130
84 178
84 84
84 164
84 154
84 124
84 125
85 160
85 163
85 150
85 138
85 99
85 85
85 156
86 160
86 177
86 138
86 87
86 86
87 160
87 170
87 180
87 87
88 131
88 164
88 165
88 166
88 141
88 177
88 150
88 88
88 153
88 90
88 91
88 92
88 93
89 105
89 159
89 110
89 158
89 137
89 89
89 90
89 91
89 92
89 94
90 131
90 165
90 166
90 140
90 141
90 177
90 151
90 90
90 91
90 92
90 93
90 126
91 166
91 151
91 91
91 92
91 141
91 140
92 165
92 166
92 140
92 141
92 151
92 92
92 93
93 164
93 166
93 175
93 177
93 149
93 150
93 155
93 93
93 165
94 105
94 151
94 110
94 158
94 137
94 94
94 159
95 99
95 102
95 113
95 104
95 145
95 174
95 146
95 95
96 96
96 155
96 105
96 119
96 108
96 109
96 114
96 116
96 117
96 121
96 111
97 128
97 97
97 98
97 103
97 107
97 173
97 178
97 149
97 123
98 98
98 171
98 153
98 103
99 99
99 165
99 113
99 156
99 157
100 100
100 134
100 161
100 136
100 135
100 172
100 146
100 147
100 118
100 120
100 121
100 122
101 116
101 101
101 134
101 105
101 147
101 148
101 152
101 164
101 159
102 166
102 102
102 113
102 104
102 145
102 146
102 174
102 122
103 123
103 128
103 107
103 173
103 176
103 178
103 142
103 132
103 103
104 129
104 145
104 104
104 174
104 175
104 113
104 146
104 180
105 148
105 134
105 105
105 147
105 116
106 112
106 167
106 168
106 106
106 119
106 109
106 144
106 115
107 123
107 128
107 107
107 173
107 142
107 176
107 178
107 132
108 108
108 111
108 109
108 142
108 143
108 112
108 114
108 117
108 151
108 158
108 159
109 119
109 109
109 111
109 112
109 114
109 117
109 155
109 158
109 159
110 137
110 110
110 112
110 158
110 155
110 159
111 161
111 171
111 143
111 141
111 114
111 172
111 117
111 169
111 111
111 121
111 140
111 151
112 137
112 119
112 162
112 112
112 114
112 158
112 159
113 133
113 113
113 145
113 146
113 163
113 127
114 119
114 142
114 114
114 116
114 117
114 121
114 159
114 158
115 144
115 167
115 168
115 177
115 115
115 119
116 134
116 172
116 147
116 116
116 148
117 172
117 143
117 117
117 169
117 121
118 132
118 134
118 135
118 136
118 172
118 147
118 118
118 120
118 155
118 126
119 144
119 119
119 168
119 152
119 121
120 133
120 135
120 136
120 170
120 171
120 172
120 120
120 122
120 126
120 127
121 169
121 130
121 176
121 121
121 122
122 131
122 135
122 136
122 172
122 170
122 146
122 145
122 122
122 126
122 127
123 128
123 173
123 142
123 176
123 178
123 123
123 132
124 129
124 154
124 175
124 124
124 130
124 174
124 125
125 129
125 130
125 175
125 178
125 180
125 155
125 125
126 133
126 134
126 135
126 136
126 172
126 180
126 155
126 126
127 163
127 133
127 170
127 135
127 136
127 180
127 127
128 128
128 173
128 176
128 178
128 131
128 142
128 132
129 130
129 174
129 129
129 177
129 175
130 130
130 175
131 132
131 131
131 133
131 166
131 136
131 176
131 177
132 173
132 142
132 176
132 132
133 133
133 163
133 136
133 135
134 155
134 134
134 135
134 172
134 147
134 148
135 135
135 136
135 172
135 170
136 136
136 169
136 170
136 172
136 163
137 137
137 158
137 159
138 160
138 156
138 138
138 165
138 177
139 139
140 171
140 166
140 169
140 140
140 141
140 151
140 143
141 151
141 171
141 166
141 141
141 169
141 143
142 173
142 142
142 176
143 171
143 172
143 169
143 143
143 151
143 158
144 144
144 167
144 168
144 157
144 177
145 166
145 145
145 146
146 166
146 171
146 146
147 161
147 172
147 147
147 148
148 152
148 148
149 164
149 180
149 178
149 179
149 149
149 150
149 154
149 165
150 164
150 165
150 169
150 171
150 150
150 180
151 161
151 171
151 166
151 169
151 151
152 152
153 179
153 153
153 158
154 160
154 154
155 164
155 172
155 177
155 155
156 157
156 156
157 177
157 157
158 158
158 159
159 162
159 159
160 160
160 175
160 165
161 161
162 162
163 163
163 170
163 180
164 164
164 168
164 177
164 165
165 165
165 166
165 177
165 175
166 177
166 166
167 167
167 174
167 168
168 179
168 168
169 171
169 180
169 169
170 170
170 180
171 171
171 180
172 172
173 173
173 176
173 178
174 174
174 175
174 177
175 180
175 175
176 176
176 178
177 177
178 178
179 179
180 180
