1 128
1 1
1 131
1 4
1 103
1 107
1 173
1 176
1 17
1 88
1 132
1 90
1 123
2 2
2 137
2 151
2 77
2 110
2 15
2 112
2 17
2 94
2 23
2 158
2 159
3 129
3 130
3 3
3 40
3 43
3 142
3 175
3 149
3 24
3 121
3 124
3 125
4 67
4 4
4 97
4 103
4 12
4 173
4 59
4 178
4 107
4 132
4 123
5 22
5 51
5 84
5 5
5 6
5 7
5 68
5 154
5 11
5 12
5 73
6 6
6 7
6 105
6 11
6 79
6 80
6 118
6 51
6 22
6 73
6 56
6 89
6 154
6 157
6 134
7 68
7 7
7 73
7 11
7 12
7 179
7 84
7 56
7 89
7 154
8 96
8 168
8 26
8 147
8 54
8 55
8 8
8 10
8 167
8 44
8 106
9 32
9 16
9 34
9 68
9 101
9 9
9 45
9 13
9 46
9 79
9 48
9 51
9 52
9 53
9 41
9 152
9 57
9 179
9 60
9 58
10 96
10 168
10 10
10 119
10 13
10 174
10 179
10 54
10 55
10 104
10 26
11 80
11 11
11 20
11 56
11 89
11 59
11 157
11 110
12 97
12 98
12 67
12 73
12 103
12 12
12 178
12 172
12 84
12 41
12 24
12 68
13 179
13 29
13 45
13 46
13 13
13 16
13 51
13 84
13 78
13 57
13 152
13 148
13 58
13 59
13 101
13 53
13 52
14 64
14 96
14 34
14 32
14 72
14 169
14 57
14 44
14 14
14 52
14 117
14 153
14 121
14 61
15 161
15 35
15 17
15 37
15 38
15 39
15 42
15 139
15 162
15 77
15 15
15 49
15 23
15 27
15 151
15 29
15 30
16 101
16 45
16 46
16 16
16 51
16 180
16 149
16 152
16 52
16 95
17 49
17 137
17 42
17 39
17 17
17 147
17 116
17 105
17 27
17 29
17 30
18 160
18 65
18 163
18 69
18 81
18 72
18 64
18 138
18 46
18 61
18 113
18 18
18 85
18 86
18 87
18 127
18 156
18 170
18 21
19 161
19 100
19 102
19 135
19 50
19 145
19 146
19 19
19 25
19 122
19 28
19 93
20 80
20 167
20 168
20 137
20 110
20 47
20 144
20 82
20 115
20 20
20 118
20 56
20 157
21 160
21 65
21 99
21 69
21 138
21 78
21 61
21 46
21 79
21 81
21 85
21 22
21 87
21 156
21 170
21 21
22 160
22 71
22 138
22 70
22 78
22 79
22 80
22 83
22 22
22 57
22 154
22 156
22 157
22 62
23 162
23 137
23 151
23 108
23 109
23 110
23 143
23 112
23 158
23 23
23 94
23 159
24 128
24 97
24 67
24 68
24 103
24 107
24 173
24 142
24 176
24 178
24 57
24 24
24 132
24 123
24 125
25 129
25 130
25 102
25 104
25 43
25 146
25 145
25 50
25 149
25 40
25 25
25 26
25 28
26 32
26 104
26 43
26 174
26 40
26 52
26 54
26 26
26 28
27 161
27 162
27 139
27 49
27 42
27 39
27 109
27 147
27 30
27 27
27 29
27 158
28 161
28 139
28 36
28 40
28 43
28 50
28 177
28 146
28 155
28 28
28 93
29 128
29 45
29 123
29 147
29 105
29 42
29 107
29 176
29 51
29 148
29 173
29 55
29 56
29 116
29 152
29 29
30 161
30 35
30 36
30 37
30 38
30 49
30 42
30 139
30 44
30 43
30 88
30 100
30 143
30 30
31 33
31 131
31 164
31 134
31 72
31 31
31 74
31 172
31 177
31 118
31 104
31 155
31 93
31 95
32 32
32 34
32 180
32 41
32 83
32 125
32 175
32 81
32 179
32 52
32 57
32 153
32 59
32 60
32 58
32 95
33 160
33 129
33 130
33 164
33 101
33 134
33 33
33 172
33 78
33 177
33 82
33 115
33 174
33 118
33 87
33 155
33 126
34 34
34 163
34 133
34 40
34 41
34 44
34 145
34 52
34 153
34 57
34 121
34 60
34 127
35 162
35 35
35 36
35 37
35 38
35 39
35 42
35 43
35 49
35 139
35 91
36 162
36 36
36 37
36 38
36 40
36 139
36 43
36 121
36 155
36 63
37 162
37 37
37 38
37 39
37 139
37 44
37 43
37 91
37 92
38 162
38 38
38 39
38 43
38 108
38 114
38 139
38 91
39 162
39 39
39 137
39 42
39 110
39 59
39 89
39 58
40 129
40 40
40 43
40 130
40 104
40 139
40 150
41 99
41 41
41 51
41 52
41 73
41 153
41 57
41 179
41 59
41 60
41 58
42 161
42 162
42 49
42 42
42 66
42 158
42 112
42 147
42 139
42 94
43 169
43 43
43 76
43 139
43 171
43 93
44 96
44 169
44 75
44 108
44 109
44 111
44 112
44 114
44 126
44 55
44 121
44 44
44 117
45 148
45 101
45 105
45 45
45 46
45 157
45 51
45 116
45 53
45 152
45 84
45 154
46 149
46 65
46 148
46 69
46 160
46 46
46 51
46 180
46 86
46 152
46 52
46 175
46 53
46 85
46 101
47 167
47 168
47 137
47 106
47 110
47 47
47 144
47 82
47 115
47 118
47 119
48 144
48 99
48 167
48 168
48 74
48 78
48 175
48 48
48 82
48 115
48 174
48 152
48 79
48 124
48 157
48 95
49 96
49 161
49 100
49 49
49 139
49 114
50 161
50 100
50 102
50 135
50 136
50 145
50 50
50 177
50 146
50 122
51 51
51 105
51 178
51 179
51 148
51 53
51 152
51 58
51 59
51 60
52 149
52 57
52 98
52 113
52 52
52 152
52 180
52 60
52 53
53 116
53 53
53 101
53 73
53 152
54 96
54 167
54 168
54 106
54 119
54 174
54 144
54 148
54 54
54 55
55 96
55 167
55 106
55 119
55 109
55 144
55 168
55 55
55 121
56 137
56 110
56 157
56 80
56 89
56 56
56 116
57 97
57 67
57 60
57 179
57 57
57 180
57 58
57 59
57 124
57 154
57 153
58 179
58 167
58 80
58 58
58 59
58 60
59 162
59 179
59 144
59 115
59 59
59 60
59 167
60 103
60 179
60 73
60 153
60 60
61 64
61 65
61 163
61 133
61 72
61 170
61 127
61 61
61 85
62 160
62 98
62 69
62 70
62 71
62 138
62 83
62 87
62 152
62 154
62 86
62 62
63 161
63 171
63 169
63 75
63 76
63 141
63 143
63 114
63 117
63 111
63 140
63 63
64 64
64 65
64 163
64 85
64 87
64 72
64 170
64 127
65 65
65 69
65 72
65 138
65 160
65 170
65 87
65 156
65 85
66 66
66 166
66 77
66 94
66 151
66 88
66 89
66 90
66 91
66 92
66 126
67 68
67 97
67 98
67 67
67 103
67 73
67 107
67 173
67 178
67 84
67 123
68 97
68 98
68 68
68 73
68 178
68 84
69 160
69 69
69 70
69 71
69 138
69 83
69 86
69 87
70 160
70 98
70 70
70 71
70 83
70 84
70 87
70 152
70 154
70 86
71 160
71 98
71 71
71 138
71 83
71 87
71 154
71 86
71 101
72 163
72 72
72 170
72 85
72 87
72 127
73 97
73 73
73 105
73 124
73 178
73 84
73 154
73 125
74 99
74 102
74 113
74 74
74 78
74 79
74 145
74 95
74 85
74 156
74 81
75 171
75 143
75 169
75 75
75 108
75 141
75 111
75 76
75 114
75 149
75 140
75 117
75 126
76 149
76 169
76 171
76 140
76 141
76 111
76 76
76 117
76 150
76 120
76 143
77 91
77 166
77 137
77 110
77 77
77 94
77 151
77 88
77 89
77 90
77 92
77 158
77 159
78 99
78 80
78 157
78 78
78 79
78 81
78 82
78 156
78 138
79 80
79 99
79 157
79 79
79 81
79 82
79 115
79 156
79 138
80 80
80 82
80 89
80 157
81 99
81 113
81 81
81 163
81 127
81 156
81 85
81 95
82 167
82 144
82 168
82 82
82 115
82 119
82 157
83 160
83 138
83 86
83 83
83 154
83 124
83 125
84 97
84 98
84 84
84 154
85 99
85 160
85 113
85 163
85 138
85 170
85 87
85 127
85 156
85 85
86 160
86 98
86 138
86 86
86 87
87 87
87 160
88 131
88 165
88 166
88 94
88 88
88 90
88 91
88 92
88 93
89 90
89 94
89 89
90 166
90 162
90 90
90 91
90 92
90 94
91 165
91 164
91 140
91 141
91 177
91 131
91 91
91 92
91 93
91 94
91 166
92 131
92 164
92 166
92 139
92 140
92 177
92 92
92 93
92 94
92 165
93 131
93 164
93 165
93 166
93 177
93 155
93 150
93 93
94 166
94 137
94 151
94 143
94 110
94 158
94 94
94 159
95 99
95 102
95 129
95 145
95 174
95 175
95 113
95 146
95 104
95 95
96 96
96 119
96 109
96 114
96 117
96 121
97 128
97 97
97 98
97 103
97 107
97 173
97 176
97 178
97 123
98 98
98 153
99 99
99 157
99 152
99 156
99 138
100 161
100 100
100 166
100 135
100 136
100 120
100 122
100 126
101 101
101 134
101 172
101 116
101 118
101 105
101 152
101 148
101 175
101 156
102 102
102 145
102 104
102 146
102 113
102 122
102 155
103 123
103 128
103 107
103 173
103 176
103 178
103 147
103 132
103 103
104 129
104 130
104 145
104 174
104 175
104 104
104 146
104 124
105 147
105 105
105 172
105 148
105 152
105 116
105 134
106 112
106 115
106 167
106 168
106 106
106 119
106 108
106 109
106 144
106 114
106 147
107 128
107 107
107 173
107 176
107 178
107 123
107 132
108 108
108 109
108 111
108 112
108 114
108 117
108 158
108 159
109 109
109 111
109 112
109 114
109 117
109 158
109 159
110 137
110 110
110 158
110 151
110 159
111 139
111 140
111 169
111 171
111 141
111 111
111 114
111 117
111 121
112 168
112 151
112 162
112 112
112 114
112 158
112 159
113 163
113 113
113 145
113 146
113 127
114 114
114 117
114 169
114 121
114 143
114 158
115 115
115 167
115 168
115 144
115 119
115 148
116 134
116 172
116 178
116 147
116 148
116 118
116 116
117 161
117 171
117 117
117 169
117 121
118 172
118 147
118 126
118 118
118 120
118 155
118 124
118 134
119 168
119 119
119 144
119 148
120 120
120 133
120 135
120 136
120 172
120 122
120 170
120 126
121 136
121 169
121 153
121 121
121 122
122 133
122 135
122 136
122 170
122 122
122 127
123 128
123 173
123 142
123 176
123 178
123 123
123 132
123 126
124 129
124 130
124 167
124 174
124 175
124 178
124 124
124 125
125 129
125 130
125 174
125 175
125 178
125 142
125 125
126 133
126 134
126 135
126 136
126 172
126 126
127 163
127 133
127 170
127 135
127 136
127 127
128 128
128 132
128 173
128 142
128 176
128 178
129 130
129 129
129 145
129 174
129 175
129 180
129 142
130 130
130 142
130 175
130 174
131 131
131 132
131 165
131 166
131 135
131 139
131 177
131 155
131 164
132 173
132 176
132 179
132 132
133 136
133 163
133 133
133 170
133 135
134 172
134 142
134 147
134 148
134 134
135 135
135 136
135 170
136 165
136 163
136 136
136 170
137 137
137 151
137 158
137 159
138 160
138 156
138 138
138 152
138 154
138 157
139 161
139 162
139 139
139 166
140 161
140 171
140 169
140 140
140 141
140 150
140 143
140 158
141 161
141 171
141 166
141 169
141 141
141 143
141 150
141 158
142 176
142 142
142 175
143 151
143 158
143 143
143 153
143 159
144 144
144 167
144 168
144 174
145 145
145 146
145 180
146 155
146 146
147 172
147 147
147 148
148 172
148 152
148 148
149 169
149 171
149 180
149 149
149 150
150 164
150 165
150 169
150 171
150 180
150 150
151 151
151 158
151 159
152 152
153 164
153 168
153 179
153 153
154 154
155 165
155 170
155 166
155 177
155 164
155 155
156 157
156 156
157 157
158 158
158 159
159 162
159 159
160 160
161 161
161 166
162 162
163 163
163 170
164 164
164 165
164 166
164 177
165 165
165 166
165 177
166 166
166 177
167 167
167 175
167 174
167 168
168 168
169 171
169 180
169 169
170 170
171 171
171 180
172 172
173 173
173 176
173 178
174 174
174 175
175 175
176 176
176 178
177 177
178 178
179 179
180 180
