1 128
1 1
1 132
1 131
1 4
1 179
1 107
1 173
1 176
1 59
1 147
1 89
1 58
1 123
1 29
2 2
2 39
2 137
2 109
2 110
2 77
2 112
2 148
2 158
2 23
2 94
2 159
3 107
3 128
3 3
3 132
3 123
3 103
3 24
3 176
3 75
3 173
3 142
4 32
4 131
4 132
4 103
4 9
4 128
4 107
4 12
4 173
4 176
4 148
4 152
4 4
4 123
5 97
5 34
5 67
5 68
5 5
5 6
5 7
5 73
5 11
5 12
5 84
5 56
5 154
6 34
6 6
6 7
6 73
6 11
6 80
6 20
6 22
6 56
6 154
6 157
7 34
7 68
7 7
7 56
7 84
7 154
7 11
7 12
7 73
8 32
8 164
8 167
8 8
8 10
8 174
8 144
8 168
8 53
8 54
8 55
8 153
8 26
8 106
9 32
9 179
9 41
9 13
9 46
9 16
9 51
9 52
9 53
9 9
9 57
9 60
9 149
10 144
10 168
10 131
10 54
10 55
10 104
10 10
10 119
10 26
10 174
11 80
11 20
11 56
11 52
11 154
11 11
11 157
11 110
12 97
12 98
12 67
12 73
12 103
12 12
12 14
12 178
12 84
12 24
12 68
13 162
13 35
13 179
13 39
13 45
13 46
13 13
13 16
13 51
13 119
13 152
13 58
13 59
13 29
14 32
14 34
14 99
14 41
14 107
14 173
14 78
14 111
14 52
14 14
14 73
14 121
14 153
14 154
14 123
14 124
14 44
14 169
14 117
15 162
15 35
15 36
15 37
15 38
15 39
15 139
15 109
15 15
15 17
15 43
15 27
15 29
15 30
16 164
16 179
16 46
16 45
16 16
16 51
16 52
16 149
16 150
16 152
16 132
16 53
17 161
17 101
17 134
17 49
17 105
17 42
17 139
17 45
17 77
17 17
17 147
17 116
17 30
17 148
17 27
17 29
17 158
18 64
18 65
18 69
18 71
18 72
18 138
18 86
18 78
18 79
18 18
18 83
18 85
18 22
18 87
18 156
18 160
18 163
18 180
18 121
18 61
18 62
18 21
19 161
19 100
19 102
19 145
19 40
19 42
19 44
19 146
19 49
19 50
19 19
19 25
19 122
19 28
20 32
20 80
20 167
20 168
20 137
20 47
20 144
20 82
20 115
20 20
20 56
20 155
20 157
21 160
21 65
21 163
21 69
21 81
21 72
21 64
21 138
21 61
21 177
21 99
21 85
21 22
21 87
21 121
21 127
21 156
21 170
21 21
22 160
22 65
22 22
22 71
22 138
22 78
22 79
22 80
22 83
22 150
22 154
22 70
22 157
22 62
22 85
23 66
23 137
23 159
23 109
23 110
23 77
23 112
23 158
23 23
23 89
23 31
23 94
23 63
24 128
24 97
24 67
24 132
24 103
24 107
24 173
24 142
24 176
24 178
24 24
24 121
24 123
25 129
25 102
25 145
25 40
25 50
25 49
25 146
25 121
25 25
25 26
25 28
25 104
26 43
26 104
26 75
26 141
26 174
26 40
26 54
26 26
26 28
27 96
27 161
27 49
27 105
27 42
27 139
27 147
27 148
27 89
27 116
27 27
27 29
27 30
28 161
28 131
28 40
28 42
28 139
28 49
28 43
28 28
28 30
28 63
29 147
29 101
29 39
29 105
29 139
29 45
29 46
29 51
29 116
29 152
29 148
29 29
30 161
30 66
30 139
30 36
30 37
30 38
30 49
30 40
30 42
30 43
30 30
31 33
31 98
31 164
31 134
31 31
31 172
31 110
31 177
31 118
31 120
31 155
31 126
31 159
32 32
32 34
32 57
32 47
32 179
32 53
32 54
32 41
32 153
32 58
32 59
32 60
32 52
33 33
33 134
33 135
33 108
33 103
33 172
33 114
33 147
33 118
33 120
33 155
33 126
34 34
34 169
34 57
34 52
34 53
34 41
34 153
34 121
34 60
34 157
35 162
35 35
35 36
35 37
35 38
35 39
35 77
35 59
35 89
35 58
36 162
36 36
36 37
36 38
36 39
36 40
36 139
36 66
36 43
37 162
37 37
37 38
37 39
37 40
37 66
37 43
37 109
37 139
37 94
38 162
38 38
38 39
38 139
38 43
38 89
38 159
39 162
39 39
39 139
40 161
40 139
40 129
40 40
40 43
40 44
41 179
41 41
41 82
41 51
41 52
41 53
41 153
41 57
41 58
41 59
41 60
42 114
42 100
42 49
42 161
42 42
42 50
43 162
43 131
43 43
43 139
44 96
44 108
44 75
44 44
44 114
44 109
44 50
44 117
44 121
44 111
45 101
45 105
45 45
45 46
45 51
45 116
45 110
45 152
45 148
46 101
46 106
46 46
46 51
46 52
46 149
46 152
46 148
46 53
47 144
47 82
47 115
47 167
47 168
47 80
47 106
47 157
47 47
48 48
48 99
48 165
48 113
48 74
48 167
48 174
48 79
48 144
48 81
48 115
48 78
48 175
48 156
48 95
49 161
49 100
49 49
49 50
49 122
49 63
50 161
50 100
50 102
50 145
50 104
50 135
50 50
50 143
50 146
50 117
50 122
51 179
51 119
51 51
51 53
51 152
51 57
51 58
51 59
51 60
52 144
52 132
52 57
52 179
52 52
52 150
52 56
52 180
52 60
52 53
52 149
53 132
53 53
53 57
53 60
54 167
54 168
54 106
54 174
54 144
54 115
54 54
54 55
55 96
55 115
55 168
55 119
55 109
55 144
55 179
55 55
55 106
56 110
56 80
56 82
56 56
56 154
56 157
57 179
57 82
57 115
57 153
57 57
57 58
57 59
57 60
58 162
58 179
58 58
58 59
58 60
59 162
59 179
59 59
59 60
60 179
60 82
60 153
60 60
61 64
61 163
61 69
61 136
61 170
61 75
61 72
61 87
61 61
61 127
62 160
62 65
62 98
62 69
62 70
62 71
62 138
62 83
62 180
62 87
62 154
62 86
62 62
63 100
63 140
63 151
63 108
63 141
63 143
63 114
63 159
63 158
63 63
64 64
64 163
64 69
64 135
64 136
64 170
64 75
64 72
64 87
64 127
65 160
65 65
65 150
65 138
65 79
65 156
65 85
66 66
66 158
66 151
66 77
66 110
66 89
66 90
66 91
66 92
66 94
66 159
67 97
67 98
67 67
67 68
67 103
67 73
67 107
67 173
67 178
67 84
67 121
68 97
68 98
68 68
68 70
68 73
68 178
68 84
68 121
68 154
68 125
69 160
69 69
69 70
69 71
69 72
69 169
69 138
69 83
69 85
69 86
69 87
69 165
70 160
70 98
70 70
70 71
70 130
70 83
70 84
70 87
70 86
70 93
71 160
71 98
71 71
71 83
71 84
71 87
71 86
71 93
72 163
72 87
72 72
72 170
72 127
72 76
73 97
73 73
73 178
73 84
73 154
73 124
73 125
74 99
74 133
74 81
74 74
74 78
74 79
74 113
74 180
74 85
74 156
74 95
75 102
75 143
75 169
75 170
75 75
75 76
75 141
75 108
75 140
75 171
75 180
75 117
75 111
75 127
76 171
76 169
76 76
76 141
76 143
76 104
76 140
76 180
76 117
76 151
76 111
76 127
77 137
77 162
77 110
77 77
77 147
77 158
77 118
77 89
77 94
77 159
78 80
78 99
78 150
78 157
78 78
78 79
78 81
78 156
78 138
78 85
79 99
79 150
79 80
79 79
79 157
79 85
79 156
79 138
80 155
80 80
80 82
80 154
80 157
81 99
81 133
81 113
81 169
81 81
81 163
81 95
81 156
81 170
81 85
81 127
82 144
82 168
82 106
82 82
82 115
82 157
83 160
83 130
83 138
83 86
83 175
83 83
83 180
83 154
83 124
83 125
84 97
84 98
84 130
84 178
84 84
84 150
84 154
84 124
84 125
85 160
85 163
85 99
85 180
85 156
85 138
85 85
86 160
86 98
86 169
86 138
86 86
86 87
86 153
87 160
87 169
87 170
87 87
88 131
88 164
88 165
88 166
88 140
88 141
88 177
88 151
88 88
88 153
88 90
88 91
88 92
88 93
89 137
89 110
89 158
89 89
89 90
89 94
89 159
90 131
90 165
90 166
90 140
90 151
90 122
90 91
90 92
90 90
90 94
91 131
91 165
91 166
91 140
91 141
91 143
91 146
91 151
91 91
91 92
91 93
92 131
92 165
92 166
92 177
92 140
92 141
92 143
92 145
92 146
92 151
92 92
92 93
93 160
93 155
93 164
93 165
93 156
93 138
93 93
93 177
93 149
93 150
93 125
93 166
94 137
94 139
94 110
94 94
94 151
94 158
94 159
95 102
95 113
95 145
95 169
95 171
95 174
95 175
95 146
95 104
95 95
96 96
96 106
96 119
96 172
96 109
96 108
96 114
96 117
96 121
97 128
97 97
97 98
97 103
97 107
97 173
97 176
97 178
97 121
97 123
98 98
98 171
98 153
99 99
99 157
99 156
99 138
100 161
100 100
100 134
100 145
100 136
100 135
100 172
100 146
100 118
100 120
100 122
101 132
101 164
101 101
101 134
101 105
101 172
101 147
101 116
101 152
101 148
102 102
102 145
102 104
102 146
102 174
102 113
102 122
103 123
103 128
103 107
103 173
103 142
103 176
103 178
103 121
103 132
103 103
104 129
104 130
104 104
104 146
104 174
104 175
104 145
104 124
105 134
105 105
105 172
105 112
105 147
105 148
105 152
105 116
106 144
106 115
106 167
106 106
106 119
106 109
106 112
106 168
106 179
107 123
107 128
107 107
107 173
107 142
107 176
107 178
107 132
108 108
108 109
108 111
108 112
108 114
108 117
108 151
108 121
108 143
108 158
109 134
109 109
109 112
109 114
109 117
109 119
109 158
109 159
110 158
110 137
110 112
110 110
110 159
111 171
111 136
111 140
111 141
111 120
111 114
111 117
111 169
111 111
111 121
111 143
111 151
112 137
112 119
112 112
112 114
112 116
112 158
112 159
113 163
113 133
113 113
113 145
113 171
113 146
113 127
114 161
114 114
114 117
114 119
114 121
114 159
114 158
115 144
115 167
115 168
115 119
115 115
115 155
115 157
116 134
116 172
116 147
116 116
116 118
116 148
116 159
117 143
117 169
117 117
117 121
117 122
118 134
118 135
118 172
118 176
118 147
118 118
118 120
118 155
118 126
119 144
119 168
119 119
119 152
119 121
120 133
120 135
120 136
120 172
120 120
120 122
120 126
120 127
121 128
121 129
121 145
121 173
121 121
122 131
122 145
122 136
122 135
122 146
122 122
122 126
122 127
123 128
123 173
123 142
123 176
123 178
123 123
123 132
124 129
124 130
124 174
124 124
124 125
124 175
125 129
125 130
125 125
125 174
125 175
125 178
126 133
126 134
126 135
126 136
126 172
126 143
126 151
126 126
127 163
127 133
127 170
127 136
127 135
127 127
128 128
128 132
128 173
128 142
128 176
128 178
129 130
129 174
129 146
129 129
129 175
130 130
130 155
130 174
130 175
131 131
131 166
131 136
131 177
131 155
131 132
132 132
132 134
132 173
132 142
132 176
133 163
133 133
133 136
133 180
133 156
133 170
134 148
134 134
134 172
134 147
134 158
134 155
135 135
135 136
135 170
135 172
135 143
136 136
136 170
136 140
136 163
137 137
137 148
137 158
137 159
138 160
138 138
138 157
138 156
139 161
139 139
140 146
140 171
140 166
140 169
140 141
140 140
140 180
140 151
140 143
141 171
141 166
141 169
141 141
141 146
141 180
141 151
141 143
142 176
142 169
142 173
142 142
143 171
143 151
143 143
144 144
144 167
144 168
145 145
145 146
146 146
147 172
147 161
147 147
147 148
148 152
148 148
149 164
149 167
149 169
149 171
149 157
149 178
149 180
149 149
149 150
149 152
149 154
150 180
150 164
150 165
150 169
150 171
150 150
151 166
151 151
152 152
153 166
153 179
153 153
154 154
155 164
155 165
155 168
155 177
155 155
156 157
156 156
157 157
158 158
158 159
159 159
160 160
160 180
161 161
162 162
163 163
163 170
163 171
164 165
164 164
164 166
164 167
164 177
165 166
165 175
165 177
165 165
166 166
166 177
167 167
167 174
167 168
168 168
169 171
169 180
169 169
170 170
171 171
171 180
172 172
173 173
173 176
173 178
174 177
174 174
174 175
175 175
176 176
176 178
177 177
178 178
179 179
180 180
