1 128
1 1
1 131
1 132
1 103
1 161
1 107
1 173
1 176
1 49
1 88
1 4
1 90
1 123
2 2
2 137
2 106
2 151
2 108
2 110
2 112
2 158
2 118
2 23
2 56
2 153
2 94
2 159
3 129
3 130
3 3
3 97
3 103
3 98
3 142
3 67
3 149
3 24
3 153
3 125
4 67
4 4
4 97
4 103
4 12
4 173
4 178
4 107
4 132
4 123
4 36
5 22
5 84
5 5
5 6
5 7
5 68
5 154
5 11
5 12
5 134
5 73
6 162
6 6
6 7
6 11
6 80
6 83
6 22
6 56
6 89
6 154
6 124
6 157
7 68
7 147
7 84
7 7
7 73
7 154
7 11
7 12
7 89
8 96
8 118
8 167
8 8
8 105
8 10
8 39
8 44
8 174
8 168
8 54
8 55
8 26
8 106
8 31
9 160
9 32
9 34
9 179
9 41
9 74
9 21
9 45
9 46
9 13
9 16
9 51
9 52
9 85
9 9
9 152
9 57
9 98
9 60
9 58
9 53
10 96
10 104
10 155
10 54
10 55
10 10
10 119
10 26
10 174
10 144
11 33
11 137
11 11
11 110
11 80
11 20
11 56
11 89
11 157
12 97
12 98
12 67
12 73
12 103
12 12
12 162
12 173
12 178
12 147
12 84
12 24
12 68
13 65
13 101
13 71
13 41
13 174
13 45
13 46
13 13
13 16
13 125
13 51
13 53
13 152
13 179
13 59
13 60
13 58
14 96
14 32
14 34
14 121
14 169
14 44
14 130
14 14
14 146
14 52
14 153
14 57
14 60
15 162
15 35
15 36
15 37
15 38
15 39
15 105
15 42
15 139
15 173
15 15
15 27
15 49
15 107
15 17
15 56
15 103
15 29
15 30
16 51
16 163
16 164
16 133
16 113
16 104
16 46
16 45
16 16
16 72
16 179
16 180
16 149
16 150
16 152
16 52
16 53
17 161
17 35
17 134
17 17
17 105
17 42
17 139
17 172
17 27
17 49
17 147
17 116
17 103
17 29
17 30
18 160
18 65
18 163
18 69
18 72
18 41
18 138
18 64
18 61
18 81
18 18
18 179
18 85
18 86
18 87
18 152
18 22
18 127
18 156
18 170
18 21
19 161
19 131
19 100
19 102
19 135
19 40
19 50
19 145
19 146
19 19
19 120
19 25
19 136
19 28
19 122
20 80
20 167
20 168
20 137
20 110
20 47
20 144
20 82
20 115
20 116
20 56
20 20
20 157
21 160
21 65
21 99
21 64
21 72
21 138
21 78
21 61
21 81
21 85
21 22
21 87
21 58
21 156
21 170
21 21
22 160
22 65
22 71
22 138
22 79
22 83
22 148
22 22
22 154
22 156
22 157
22 62
23 137
23 106
23 139
23 108
23 77
23 110
23 109
23 112
23 158
23 151
23 23
23 143
23 30
23 159
24 123
24 97
24 98
24 68
24 39
24 128
24 107
24 173
24 142
24 176
24 178
24 67
24 24
24 132
24 103
25 129
25 130
25 102
25 104
25 43
25 146
25 145
25 50
25 180
25 40
25 25
25 26
25 28
25 93
26 165
26 104
26 43
26 40
26 146
26 54
26 26
26 28
26 150
27 161
27 35
27 37
27 38
27 49
27 105
27 42
27 139
27 29
27 27
27 147
27 116
27 148
27 103
27 106
27 30
28 161
28 139
28 40
28 28
28 43
28 49
28 50
28 121
28 88
28 91
28 92
28 30
29 162
29 147
29 101
29 39
29 105
29 148
29 45
29 51
29 84
29 152
29 116
29 154
29 29
30 161
30 43
30 36
30 37
30 38
30 49
30 40
30 42
30 139
30 77
30 30
31 96
31 33
31 155
31 134
31 105
31 138
31 172
31 168
31 175
31 177
31 147
31 118
31 55
31 47
31 126
31 31
32 32
32 34
32 121
32 41
32 98
32 179
32 52
32 57
32 153
32 58
32 59
32 60
33 33
33 134
33 105
33 172
33 147
33 116
33 118
33 56
33 155
33 126
34 64
34 34
34 121
34 41
34 170
34 145
34 179
34 52
34 153
34 57
34 60
35 162
35 35
35 36
35 37
35 38
35 39
35 42
35 176
35 55
36 162
36 37
36 38
36 39
36 40
36 43
36 110
36 139
36 132
36 36
37 162
37 37
37 38
37 39
37 43
37 139
37 56
37 123
38 162
38 38
38 39
38 43
38 139
38 119
38 56
39 162
39 39
39 45
39 59
39 51
39 157
40 161
40 131
40 40
40 169
40 139
40 76
40 43
41 160
41 41
41 179
41 52
41 53
41 153
41 57
41 58
41 59
41 60
41 95
42 128
42 161
42 49
42 137
42 42
42 139
42 110
42 147
42 116
42 89
43 161
43 75
43 139
43 140
43 141
43 143
43 43
43 117
43 111
43 91
43 63
44 96
44 100
44 169
44 75
44 76
44 109
44 111
44 108
44 114
44 117
44 55
44 121
44 44
45 101
45 105
45 125
45 45
45 46
45 51
45 148
45 53
45 152
46 101
46 46
46 51
46 52
46 53
46 152
46 179
46 95
46 149
47 80
47 167
47 168
47 137
47 106
47 47
47 144
47 82
47 115
47 119
48 144
48 99
48 167
48 74
48 174
48 175
48 48
48 115
48 82
48 51
48 78
48 79
48 124
48 157
48 95
49 66
49 100
49 161
49 139
49 108
49 49
49 94
50 130
50 100
50 165
50 102
50 135
50 136
50 146
50 145
50 50
50 120
50 122
51 162
51 99
51 101
51 51
51 138
51 83
51 179
51 148
51 53
51 152
51 58
51 59
51 124
52 64
52 129
52 72
52 57
52 179
52 52
52 180
52 127
52 60
52 61
52 149
53 101
53 138
53 53
53 152
53 156
53 62
54 96
54 167
54 168
54 105
54 106
54 119
54 144
54 115
54 54
54 55
55 96
55 167
55 168
55 119
55 109
55 144
55 55
55 106
56 137
56 110
56 80
56 56
56 89
56 157
56 134
57 113
57 179
57 153
57 57
57 58
57 59
57 60
58 70
58 179
58 58
58 59
58 60
59 162
59 174
59 179
59 59
59 60
60 104
60 179
60 87
60 153
60 60
61 64
61 163
61 87
61 72
61 170
61 127
61 61
61 85
62 160
62 83
62 71
62 154
62 87
62 70
62 86
62 62
62 69
63 171
63 140
63 76
63 141
63 143
63 75
63 180
63 94
63 111
63 158
63 63
64 64
64 163
64 72
64 170
64 87
64 85
64 127
65 160
65 65
65 69
65 156
65 170
65 85
65 87
65 101
65 138
66 66
66 166
66 77
66 143
66 151
66 88
66 89
66 90
66 91
66 92
66 94
67 172
67 97
67 98
67 103
67 73
67 107
67 162
67 173
67 178
67 67
67 84
67 68
67 123
68 97
68 98
68 68
68 134
68 73
68 178
68 84
69 160
69 69
69 70
69 71
69 138
69 83
69 86
69 87
69 101
70 160
70 98
70 70
70 71
70 125
70 83
70 84
70 86
70 87
70 154
71 160
71 98
71 86
71 71
71 83
71 87
71 154
72 163
72 72
72 170
72 87
72 127
72 85
73 97
73 134
73 73
73 178
73 84
73 116
73 154
73 124
73 125
74 99
74 133
74 102
74 113
74 104
74 74
74 174
74 79
74 81
74 78
74 95
74 156
74 85
75 143
75 169
75 171
75 75
75 108
75 141
75 111
75 76
75 114
75 180
75 117
75 140
76 149
76 171
76 169
76 76
76 141
76 114
76 180
76 117
76 150
76 111
76 140
76 143
77 94
77 77
77 110
77 151
77 88
77 89
77 90
77 91
77 92
77 158
77 159
78 80
78 99
78 78
78 79
78 81
78 82
78 148
78 157
78 156
78 138
79 144
79 80
79 99
79 79
79 157
79 82
79 115
79 148
79 156
79 138
80 80
80 82
80 116
80 157
81 133
81 163
81 179
81 113
81 81
81 99
81 95
81 156
81 85
81 127
82 167
82 168
82 105
82 144
82 82
82 115
82 119
82 157
83 160
83 138
83 86
83 175
83 83
83 154
83 124
83 125
84 97
84 98
84 125
84 84
84 154
85 99
85 160
85 113
85 163
85 138
85 170
85 87
85 127
85 156
85 85
86 160
86 138
86 87
86 86
86 101
87 160
87 87
87 152
88 131
88 100
88 165
88 166
88 92
88 177
88 88
88 90
88 91
88 93
88 94
89 137
89 110
89 89
89 90
89 94
90 166
90 161
90 90
90 91
90 92
90 94
91 165
91 166
91 92
91 140
91 141
91 94
91 91
91 93
91 126
92 131
92 165
92 166
92 92
92 140
92 141
92 93
92 94
93 131
93 164
93 165
93 166
93 177
93 146
93 155
93 149
93 150
93 93
94 166
94 143
94 110
94 158
94 151
94 159
94 94
95 129
95 99
95 102
95 113
95 104
95 145
95 175
95 174
95 95
96 96
96 139
96 109
96 114
96 117
96 121
96 106
97 128
97 97
97 98
97 103
97 107
97 162
97 173
97 178
97 123
98 98
98 103
98 153
99 99
99 175
99 157
99 156
99 138
100 161
100 100
100 135
100 136
100 172
100 146
100 118
100 120
100 122
100 126
101 155
101 164
101 134
101 105
101 148
101 152
101 116
101 175
101 101
102 164
102 102
102 113
102 104
102 146
102 145
102 122
102 127
103 107
103 123
103 128
103 103
103 173
103 142
103 176
103 178
103 132
104 129
104 130
104 113
104 104
104 174
104 175
104 145
104 155
105 134
105 105
105 172
105 147
105 116
105 148
105 154
106 167
106 119
106 106
106 108
106 109
106 112
106 168
106 114
106 115
107 128
107 107
107 173
107 142
107 176
107 178
107 123
107 132
108 108
108 109
108 111
108 112
108 114
108 117
108 158
108 159
109 139
109 109
109 111
109 112
109 114
109 117
109 158
109 159
110 167
110 168
110 137
110 172
110 110
110 112
110 158
110 118
110 151
110 159
111 140
111 169
111 171
111 141
111 143
111 111
111 114
111 117
111 121
112 168
112 137
112 139
112 112
112 114
112 117
112 151
112 158
112 159
113 163
113 133
113 113
113 145
113 146
113 127
113 156
114 161
114 169
114 114
114 117
114 121
114 143
114 158
114 159
115 144
115 162
115 167
115 168
115 115
115 119
116 148
116 134
116 167
116 168
116 172
116 147
116 118
116 116
117 169
117 171
117 117
117 121
118 134
118 172
118 147
118 118
118 120
118 155
118 126
119 167
119 168
119 119
119 144
120 133
120 135
120 136
120 170
120 180
120 120
120 122
120 126
121 169
121 153
121 121
122 131
122 135
122 136
122 146
122 145
122 180
122 122
122 126
123 128
123 173
123 142
123 176
123 178
123 123
123 132
124 129
124 130
124 167
124 174
124 175
124 154
124 124
124 125
125 129
125 130
125 174
125 154
125 175
125 125
126 128
126 133
126 135
126 136
126 169
126 171
126 172
126 126
127 163
127 133
127 170
127 135
127 136
127 127
128 128
128 132
128 173
128 142
128 176
128 178
129 129
129 130
129 174
129 175
129 145
130 130
130 142
130 175
130 145
131 131
131 132
131 165
131 166
131 177
131 176
131 136
131 164
131 155
132 132
132 161
132 173
132 176
132 177
133 163
133 164
133 133
133 136
133 135
133 170
134 155
134 134
134 172
134 147
134 148
135 135
135 136
135 146
135 180
136 136
136 170
136 146
137 137
137 151
137 158
137 159
138 160
138 156
138 138
138 154
138 157
139 161
139 139
139 158
139 159
140 166
140 169
140 140
140 141
140 171
140 143
140 158
141 166
141 169
141 141
141 171
141 143
141 158
142 172
142 173
142 142
142 176
142 149
143 171
143 158
143 169
143 159
143 143
144 144
144 167
144 168
144 174
144 153
145 145
145 146
146 146
146 150
147 147
147 172
147 148
148 157
148 152
148 148
149 164
149 169
149 171
149 180
149 150
149 149
150 164
150 165
150 169
150 171
150 180
150 150
151 151
151 153
151 158
151 159
152 152
153 166
153 177
153 153
154 154
155 164
155 177
155 155
156 157
156 156
157 157
158 159
158 158
159 159
160 160
161 161
162 162
162 178
163 163
163 170
164 164
164 177
164 166
164 165
165 165
165 166
165 177
166 166
166 177
167 167
167 168
167 174
168 168
169 171
169 180
169 169
170 170
171 171
171 180
172 172
173 173
173 176
173 178
174 174
174 175
175 175
175 179
176 176
176 178
177 177
178 178
179 179
180 180
