1 128
1 1
1 132
1 131
1 4
1 166
1 107
1 173
1 176
1 123
1 88
1 25
1 90
1 91
1 92
2 161
2 2
2 137
2 151
2 108
2 110
2 112
2 23
2 56
2 159
2 158
2 63
3 128
3 129
3 130
3 3
3 142
3 175
3 176
3 119
3 24
3 121
3 124
3 125
4 107
4 178
4 67
4 4
4 97
4 135
4 90
4 103
4 12
4 173
5 68
5 84
5 5
5 6
5 7
5 56
5 73
5 154
5 11
5 118
5 89
6 147
6 6
6 7
6 73
6 11
6 80
6 83
6 20
6 22
6 56
6 154
6 134
6 31
7 84
7 68
7 7
7 56
7 73
7 26
7 11
7 154
7 89
8 96
8 98
8 167
8 8
8 106
8 55
8 44
8 26
8 54
8 153
8 121
8 122
8 10
8 126
9 32
9 41
9 13
9 46
9 60
9 16
9 51
9 52
9 53
9 9
9 152
9 57
9 26
9 156
10 96
10 104
10 10
10 55
10 13
10 40
10 54
10 119
10 153
10 121
10 26
11 80
11 20
11 56
11 137
11 154
11 11
11 30
11 89
12 97
12 98
12 67
12 103
12 73
12 43
12 12
12 178
12 84
12 24
12 68
12 126
13 160
13 35
13 101
13 39
13 45
13 46
13 13
13 16
13 51
13 53
13 152
13 58
13 59
13 29
14 96
14 32
14 34
14 163
14 169
14 44
14 14
14 111
14 57
14 153
14 121
14 60
15 162
15 35
15 36
15 37
15 38
15 39
15 105
15 42
15 139
15 45
15 15
15 17
15 148
15 54
15 27
15 29
15 30
16 164
16 179
16 41
16 87
16 46
16 45
16 16
16 51
16 52
16 149
16 150
16 152
16 58
16 59
16 93
16 53
17 161
17 134
17 17
17 105
17 42
17 139
17 172
17 49
17 147
17 116
17 55
17 148
17 154
17 27
17 29
17 30
18 160
18 65
18 99
18 69
18 138
18 86
18 78
18 79
18 18
18 85
18 22
18 87
18 152
18 156
18 21
19 161
19 100
19 102
19 145
19 42
19 75
19 146
19 111
19 49
19 50
19 19
19 25
19 28
19 94
20 168
20 137
20 47
20 80
20 82
20 115
20 20
20 56
20 27
20 124
20 157
21 160
21 65
21 163
21 69
21 133
21 177
21 72
21 64
21 138
21 21
21 142
21 81
21 46
21 87
21 156
21 61
21 85
22 160
22 86
22 71
22 138
22 78
22 79
22 83
22 22
22 70
22 157
22 62
22 37
23 137
23 75
23 108
23 109
23 110
23 112
23 49
23 117
23 151
23 23
23 159
23 158
23 63
24 123
24 97
24 67
24 132
24 135
24 128
24 107
24 173
24 142
24 176
24 178
24 24
24 103
24 28
25 128
25 130
25 102
25 129
25 40
25 145
25 43
25 50
25 176
25 104
25 146
25 25
25 90
25 28
25 26
26 71
26 69
26 70
26 104
26 43
26 86
26 28
26 89
26 40
26 52
26 54
26 55
26 153
26 26
26 60
27 161
27 148
27 35
27 37
27 38
27 49
27 168
27 105
27 42
27 139
27 167
27 147
27 116
27 27
27 29
27 30
28 161
28 98
28 67
28 36
28 97
28 40
28 139
28 49
28 146
28 43
28 28
28 30
29 51
29 162
29 35
29 147
29 101
29 39
29 105
29 29
29 45
29 83
29 116
29 152
29 148
29 125
30 161
30 43
30 68
30 37
30 38
30 49
30 105
30 42
30 84
30 73
30 56
30 148
30 139
30 30
31 96
31 33
31 134
31 105
31 106
31 172
31 177
31 147
31 116
31 118
31 126
31 31
32 32
32 34
32 41
32 113
32 179
32 52
32 57
32 58
32 59
32 60
33 96
33 33
33 100
33 134
33 172
33 147
33 116
33 118
33 120
33 153
33 154
33 126
34 96
34 34
34 169
34 44
34 142
34 52
34 57
34 41
34 153
34 121
34 60
35 162
35 35
35 36
35 37
35 38
35 39
35 45
35 82
35 115
36 162
36 36
36 37
36 38
36 39
36 40
36 139
36 43
36 153
37 162
37 37
37 38
37 39
37 40
37 139
37 43
37 70
38 162
38 38
38 39
38 40
38 139
38 43
38 70
38 167
39 160
39 162
39 39
39 45
39 152
40 129
40 130
40 75
40 40
40 43
40 143
40 139
41 41
41 87
41 179
41 52
41 53
41 57
41 58
41 59
41 60
42 161
42 100
42 49
42 105
42 42
42 147
42 137
43 43
43 139
43 158
44 96
44 44
44 106
44 108
44 109
44 111
44 136
44 114
44 117
44 54
44 55
44 121
45 48
45 162
45 99
45 101
45 51
45 144
45 45
45 46
45 148
45 174
45 152
46 149
46 65
46 164
46 101
46 51
46 46
46 179
46 52
46 150
46 87
46 152
46 53
47 144
47 105
47 167
47 80
47 137
47 106
47 47
47 48
47 168
47 82
47 115
47 116
47 119
47 124
48 144
48 99
48 104
48 74
48 174
48 79
48 48
48 82
48 115
48 78
48 119
48 153
48 175
48 95
49 161
49 50
49 100
49 49
49 151
49 109
49 110
49 112
49 146
49 97
49 122
49 159
50 100
50 102
50 113
50 169
50 76
50 146
50 145
50 50
50 180
50 122
51 160
51 99
51 101
51 51
51 53
51 152
51 59
52 179
52 52
52 149
52 150
52 57
52 59
52 60
52 58
52 53
53 101
53 70
53 78
53 152
53 53
54 96
54 167
54 105
54 106
54 119
54 168
54 54
54 55
54 153
54 121
55 96
55 167
55 106
55 109
55 55
55 121
55 168
56 137
56 80
56 56
56 89
56 154
57 129
57 179
57 57
57 58
57 59
57 60
58 133
58 74
58 81
58 179
58 87
58 58
58 59
58 60
59 162
59 179
59 87
59 59
59 60
60 179
60 60
61 64
61 65
61 163
61 133
61 136
61 170
61 72
61 87
61 127
61 61
61 149
62 160
62 98
62 69
62 70
62 71
62 138
62 83
62 87
62 86
62 62
62 101
63 100
63 77
63 151
63 66
63 110
63 143
63 180
63 158
63 89
63 63
63 94
63 159
64 64
64 65
64 163
64 133
64 136
64 170
64 72
64 149
64 87
64 121
64 127
65 65
65 163
65 69
65 133
65 72
65 138
65 160
65 170
65 87
65 156
65 85
66 66
66 166
66 140
66 141
66 77
66 143
66 88
66 89
66 90
66 91
66 92
66 122
66 94
67 97
67 98
67 67
67 103
67 73
67 107
67 173
67 178
67 84
67 68
68 97
68 98
68 68
68 73
68 178
68 84
68 154
69 160
69 69
69 70
69 71
69 72
69 138
69 86
69 87
69 85
70 160
70 98
70 71
70 138
70 86
70 83
70 148
70 84
70 70
70 154
71 160
71 98
71 101
71 71
71 138
71 83
71 87
71 86
72 163
72 165
72 133
72 72
72 170
72 150
72 87
72 127
73 97
73 98
73 73
73 84
73 154
73 125
74 99
74 102
74 145
74 74
74 78
74 113
74 163
74 95
74 156
74 93
74 81
75 171
75 114
75 108
75 75
75 76
75 141
75 143
75 140
75 180
75 117
75 169
75 111
75 109
75 159
76 171
76 169
76 76
76 114
76 143
76 141
76 108
76 180
76 111
76 140
77 140
77 77
77 110
77 143
77 88
77 158
77 120
77 89
77 90
77 94
78 80
78 99
78 157
78 82
78 78
78 79
78 81
78 156
78 138
78 85
79 80
79 99
79 101
79 138
79 82
79 79
79 81
79 115
79 85
79 156
79 157
80 137
80 80
80 147
80 154
80 157
81 99
81 133
81 102
81 113
81 81
81 163
81 127
81 156
81 85
81 95
82 144
82 99
82 115
82 82
82 119
82 153
82 157
83 160
83 138
83 83
83 154
83 86
83 125
84 97
84 98
84 84
84 118
84 154
85 160
85 99
85 138
85 85
85 87
85 155
85 156
85 157
86 160
86 138
86 87
86 86
87 160
87 87
88 165
88 166
88 145
88 88
88 90
88 91
88 92
88 94
89 90
89 89
89 94
90 166
90 136
90 146
90 90
90 91
90 92
90 94
91 165
91 166
91 140
91 141
91 145
91 149
91 150
91 153
91 91
91 92
91 93
92 165
92 166
92 140
92 141
92 145
92 149
92 150
92 92
92 93
93 131
93 164
93 165
93 166
93 177
93 155
93 150
93 93
94 135
94 140
94 141
94 110
94 158
94 143
94 94
95 144
95 129
95 99
95 102
95 113
95 104
95 145
95 179
95 95
96 96
96 100
96 161
96 109
96 153
96 121
96 122
96 106
97 97
97 98
97 103
97 107
97 173
97 178
97 123
98 98
98 172
98 153
98 121
99 99
99 157
99 156
99 138
100 100
100 172
100 145
100 136
100 161
100 135
100 108
100 146
100 178
100 120
100 122
100 126
101 164
101 101
101 134
101 105
101 147
101 177
101 116
101 152
101 148
101 155
102 132
102 102
102 113
102 145
102 146
102 142
102 127
102 104
103 128
103 103
103 107
103 173
103 176
103 178
103 132
103 122
103 123
104 144
104 129
104 130
104 164
104 104
104 174
104 175
104 145
104 179
105 161
105 134
105 105
105 147
105 116
105 148
106 167
106 168
106 106
106 151
106 108
106 109
106 112
106 114
106 115
106 117
106 119
106 124
107 128
107 136
107 107
107 173
107 176
107 178
107 123
107 132
108 112
108 108
108 109
108 111
108 114
108 117
108 169
108 151
108 158
108 159
109 167
109 168
109 109
109 111
109 112
109 114
109 117
109 121
109 151
110 137
110 151
110 110
110 112
110 159
110 158
111 112
111 143
111 169
111 171
111 111
111 141
111 114
111 117
111 140
112 167
112 168
112 151
112 112
112 114
112 117
112 158
112 159
113 163
113 113
113 145
113 146
113 131
113 150
113 127
113 156
114 126
114 171
114 169
114 114
114 117
114 151
114 120
114 121
114 158
114 159
115 144
115 167
115 168
115 174
115 115
115 119
115 124
116 134
116 172
116 147
116 116
116 118
116 148
116 125
117 142
117 117
117 158
117 159
118 134
118 135
118 172
118 147
118 118
118 120
118 124
118 125
118 126
119 144
119 167
119 168
119 119
120 135
120 136
120 170
120 172
120 120
120 122
120 126
120 127
121 153
121 121
121 170
122 136
122 170
122 135
122 122
122 126
122 127
123 128
123 132
123 136
123 173
123 176
123 178
123 123
124 129
124 130
124 167
124 168
124 174
124 153
124 175
124 124
124 125
125 129
125 130
125 167
125 168
125 125
125 142
125 175
125 174
126 134
126 135
126 172
126 136
126 126
127 163
127 133
127 170
127 135
127 136
127 149
127 127
128 128
128 132
128 173
128 142
128 176
128 178
128 131
129 129
129 130
129 164
129 145
129 174
129 175
129 142
130 130
130 142
130 175
130 174
130 149
131 131
131 132
131 165
131 166
131 177
131 176
131 164
131 155
132 132
132 173
132 142
132 176
132 177
132 155
133 163
133 165
133 170
133 179
133 133
134 172
134 147
134 148
134 155
134 134
135 135
135 136
135 170
135 172
136 136
136 140
136 170
136 141
136 173
137 161
137 137
137 151
137 158
137 159
138 160
138 162
138 156
138 138
138 157
139 161
139 139
139 154
140 171
140 169
140 141
140 140
140 180
140 143
141 171
141 166
141 169
141 141
141 180
141 149
141 143
142 142
142 157
142 176
142 155
143 171
143 169
143 180
143 158
143 151
143 143
144 144
144 167
144 168
144 174
144 175
145 145
145 146
145 176
146 169
146 171
146 146
147 161
147 172
147 147
147 148
148 152
148 148
149 166
149 171
149 149
149 150
149 180
150 164
150 165
150 166
150 150
151 151
151 159
151 158
152 164
152 152
152 156
153 166
153 175
153 177
153 153
154 154
155 176
155 177
155 164
155 155
155 156
155 165
156 157
156 156
157 157
158 158
158 159
159 159
160 160
160 162
161 161
162 162
163 163
163 165
163 170
164 164
164 177
164 165
165 166
165 177
165 165
166 166
166 177
167 175
167 167
167 172
167 174
167 168
168 175
168 168
168 174
169 180
169 171
169 169
170 170
171 171
171 180
172 172
173 173
173 176
173 178
174 174
174 175
175 175
176 177
176 176
177 177
178 178
179 179
180 180
