1 128
1 1
1 131
1 4
1 39
1 161
1 107
1 173
1 176
1 178
1 123
1 132
1 90
1 103
1 30
2 112
2 2
2 110
2 23
2 153
2 137
2 106
2 151
2 94
2 158
2 159
3 107
3 97
3 130
3 3
3 103
3 171
3 76
3 173
3 142
3 111
3 67
3 118
3 24
3 123
4 128
4 107
4 4
4 97
4 41
4 103
4 12
4 173
4 176
4 178
4 89
4 132
4 123
5 33
5 67
5 68
5 5
5 6
5 7
5 73
5 11
5 12
5 16
5 178
5 84
5 56
5 154
5 124
6 80
6 6
6 7
6 11
6 16
6 83
6 22
6 56
6 154
6 124
6 157
6 31
7 33
7 68
7 7
7 73
7 11
7 12
7 83
7 84
7 56
7 154
8 96
8 167
8 168
8 10
8 174
8 8
8 148
8 54
8 55
8 116
8 26
8 106
8 31
9 32
9 16
9 34
9 103
9 9
9 13
9 46
9 45
9 80
9 51
9 52
9 53
9 152
9 57
9 60
9 149
10 96
10 177
10 168
10 106
10 55
10 46
10 144
10 54
10 119
10 26
10 10
11 80
11 20
11 56
11 41
11 154
11 11
11 157
11 89
12 97
12 98
12 67
12 68
12 73
12 103
12 12
12 178
12 84
12 24
12 52
13 179
13 39
13 41
13 167
13 13
13 46
13 45
13 16
13 51
13 53
13 152
13 58
13 59
13 29
14 96
14 97
14 34
14 67
14 32
14 169
14 74
14 44
14 14
14 52
14 121
14 57
14 154
14 60
14 125
14 95
15 162
15 35
15 36
15 37
15 38
15 39
15 139
15 15
15 17
15 119
15 55
15 27
15 29
15 30
16 97
16 144
16 45
16 46
16 16
16 51
16 52
16 149
16 150
16 152
16 53
16 101
17 161
17 17
17 137
17 42
17 139
17 49
17 147
17 148
17 30
17 105
17 116
17 27
17 29
17 55
18 160
18 65
18 163
18 69
18 72
18 64
18 138
18 86
18 18
18 83
18 85
18 150
18 87
18 22
18 156
18 61
18 21
19 96
19 161
19 100
19 102
19 135
19 40
19 145
19 42
19 146
19 49
19 50
19 19
19 25
19 90
19 28
19 122
20 51
20 167
20 168
20 137
20 144
20 45
20 47
20 80
20 82
20 115
20 20
20 56
20 157
21 160
21 65
21 163
21 69
21 177
21 72
21 64
21 138
21 61
21 81
21 85
21 87
21 156
21 170
21 21
22 160
22 65
22 86
22 71
22 138
22 83
22 85
22 22
22 121
22 154
22 70
22 157
22 62
23 137
23 106
23 139
23 109
23 110
23 143
23 112
23 158
23 151
23 23
23 159
23 94
23 63
24 128
24 97
24 67
24 132
24 103
24 172
24 107
24 173
24 142
24 176
24 178
24 52
24 46
24 24
24 123
25 129
25 75
25 166
25 102
25 145
25 40
25 43
25 50
25 104
25 146
25 25
25 26
25 28
26 165
26 40
26 43
26 174
26 54
26 153
26 26
26 28
26 104
27 161
27 49
27 105
27 42
27 139
27 110
27 147
27 148
27 137
27 116
27 27
27 29
27 30
28 96
28 161
28 139
28 36
28 40
28 42
28 43
28 108
28 146
28 49
28 50
28 28
28 30
29 51
29 101
29 105
29 45
29 46
29 147
29 116
29 119
29 152
29 148
29 29
29 30
30 43
30 37
30 105
30 42
30 139
30 77
30 161
30 49
30 30
31 33
31 164
31 70
31 172
31 177
31 118
31 134
31 155
31 124
31 93
31 126
31 31
32 32
32 34
32 121
32 41
32 57
32 176
32 179
32 52
32 53
32 153
32 58
32 59
32 60
33 96
33 33
33 68
33 134
33 137
33 172
33 177
33 147
33 84
33 118
33 73
33 120
33 155
33 126
34 34
34 121
34 103
34 41
34 107
34 173
34 78
34 79
34 52
34 153
34 57
34 123
34 60
34 53
35 162
35 35
35 36
35 37
35 38
35 39
35 139
35 110
35 89
35 58
35 59
36 162
36 36
36 37
36 38
36 39
36 40
36 43
36 66
36 139
36 94
37 162
37 37
37 38
37 39
37 40
37 137
37 106
37 43
37 139
38 162
38 38
38 39
38 40
38 137
38 43
38 139
38 59
39 162
39 39
39 58
39 59
40 129
40 139
40 40
40 43
40 143
40 117
40 88
40 91
40 92
41 51
41 41
41 144
41 179
41 52
41 57
41 153
41 58
41 59
41 60
42 161
42 43
42 100
42 49
42 42
42 139
42 112
42 50
43 43
43 139
43 63
44 96
44 169
44 75
44 108
44 109
44 142
44 111
44 114
44 117
44 121
44 44
44 127
45 51
45 101
45 105
45 173
45 46
45 45
45 152
45 115
45 56
45 148
46 101
46 46
46 152
46 51
46 52
46 53
46 149
47 80
47 115
47 101
47 167
47 168
47 137
47 144
47 47
47 48
47 82
47 51
47 54
47 56
48 48
48 99
48 104
48 74
48 174
48 79
48 144
48 82
48 115
48 78
48 155
48 157
48 95
49 161
49 100
49 146
49 49
49 135
49 109
49 50
49 151
49 122
50 50
50 100
50 102
50 145
50 136
50 140
50 141
50 146
50 122
50 91
51 128
51 51
51 167
51 179
51 53
51 152
51 58
51 59
51 60
52 57
52 157
52 179
52 52
52 150
52 180
52 60
52 53
52 149
53 80
53 101
53 53
53 152
54 134
54 167
54 168
54 106
54 119
54 144
54 115
54 54
54 55
55 96
55 167
55 55
55 109
55 112
55 119
55 168
55 106
56 110
56 80
56 179
56 56
56 89
56 157
57 132
57 80
57 179
57 153
57 57
57 58
57 59
57 60
58 162
58 179
58 167
58 153
58 58
58 59
58 60
59 162
59 179
59 167
59 82
59 153
59 59
59 60
60 132
60 179
60 153
60 60
61 64
61 136
61 163
61 87
61 72
61 170
61 127
61 61
61 111
62 160
62 98
62 69
62 70
62 71
62 138
62 83
62 149
62 87
62 86
62 62
63 140
63 141
63 158
63 143
63 112
63 126
63 151
63 159
63 94
63 63
64 64
64 136
64 163
64 87
64 72
64 170
64 127
64 111
65 160
65 65
65 69
65 87
65 138
65 156
65 150
65 85
66 66
66 166
66 77
66 110
66 151
66 88
66 89
66 90
66 91
66 92
66 94
67 97
67 98
67 68
67 103
67 73
67 107
67 173
67 178
67 67
67 84
67 118
68 98
68 68
68 97
68 73
68 178
68 84
68 154
68 125
69 160
69 69
69 70
69 71
69 72
69 138
69 180
69 86
69 87
69 155
70 160
70 98
70 70
70 71
70 130
70 83
70 84
70 87
70 154
70 86
71 160
71 98
71 71
71 138
71 130
71 83
71 150
71 87
71 86
72 163
72 87
72 72
72 170
72 127
72 76
73 73
73 175
73 178
73 84
73 97
73 154
73 124
73 125
74 99
74 133
74 102
74 113
74 104
74 74
74 78
74 79
74 81
74 156
74 95
75 171
75 114
75 140
75 108
75 170
75 75
75 76
75 141
75 142
75 146
75 180
75 117
75 169
75 111
75 143
76 130
76 169
76 171
76 76
76 141
76 111
76 108
76 114
76 180
76 117
76 150
76 140
76 143
76 149
77 158
77 137
77 139
77 77
77 110
77 151
77 89
77 90
77 91
77 94
77 159
78 80
78 99
78 78
78 79
78 81
78 174
78 157
78 156
78 138
78 85
79 80
79 99
79 174
79 79
79 81
79 157
79 156
79 138
79 85
80 99
80 80
80 82
80 157
81 99
81 113
81 133
81 102
81 81
81 127
81 145
81 163
81 95
81 156
81 85
81 165
82 82
82 115
82 167
82 168
82 144
82 157
83 160
83 129
83 130
83 138
83 86
83 175
83 83
83 121
83 154
83 124
83 125
84 98
84 84
84 97
84 154
84 125
85 160
85 99
85 138
85 150
85 87
85 121
85 156
85 85
86 160
86 130
86 164
86 138
86 98
86 180
86 87
86 86
87 169
87 138
87 160
87 96
87 180
87 87
88 131
88 164
88 165
88 166
88 177
88 146
88 88
88 90
88 91
88 92
88 93
88 94
89 137
89 162
89 110
89 89
89 90
89 94
90 165
90 166
90 136
90 90
90 91
90 92
90 94
91 131
91 165
91 166
91 141
91 91
91 92
91 93
91 94
92 131
92 164
92 165
92 166
92 140
92 141
92 177
92 92
92 93
92 94
93 155
93 164
93 165
93 166
93 104
93 177
93 150
93 93
94 161
94 158
94 137
94 151
94 159
94 110
94 126
94 94
95 99
95 102
95 113
95 104
95 145
95 174
95 156
95 95
96 96
96 108
96 109
96 111
96 114
96 117
96 121
96 119
96 126
97 97
97 98
97 134
97 103
97 107
97 173
97 178
97 123
98 98
98 119
98 153
99 99
99 157
99 155
99 156
99 138
100 161
100 100
100 135
100 136
100 146
100 151
100 120
100 122
100 126
101 164
101 101
101 134
101 105
101 172
101 147
101 116
101 118
101 152
101 148
102 133
102 102
102 113
102 145
102 169
102 146
102 104
103 128
103 142
103 152
103 132
103 103
103 105
103 107
103 173
103 176
103 178
103 121
103 123
103 126
104 129
104 145
104 104
104 174
104 175
104 177
104 146
105 134
105 105
105 172
105 147
105 116
105 148
106 167
106 168
106 106
106 172
106 109
106 112
106 115
106 119
106 159
107 123
107 128
107 107
107 173
107 142
107 176
107 178
107 132
108 112
108 135
108 108
108 141
108 143
108 114
108 117
108 120
108 111
108 122
108 140
108 109
108 158
109 109
109 111
109 112
109 114
109 117
109 119
109 158
109 159
110 137
110 151
110 110
110 112
110 158
110 159
111 114
111 140
111 169
111 170
111 141
111 171
111 180
111 117
111 121
111 111
112 161
112 137
112 112
112 114
112 117
112 159
112 151
112 158
113 163
113 133
113 113
113 145
113 146
113 180
113 127
113 156
114 171
114 169
114 143
114 114
114 117
114 121
114 126
115 144
115 167
115 168
115 137
115 115
115 119
116 134
116 172
116 147
116 148
116 118
116 116
117 169
117 180
117 117
117 119
117 121
118 147
118 134
118 135
118 172
118 118
118 120
118 155
118 126
119 168
119 119
119 144
120 133
120 134
120 135
120 136
120 172
120 176
120 151
120 120
120 122
120 126
120 127
121 169
121 121
122 135
122 136
122 170
122 122
122 126
122 127
123 128
123 173
123 142
123 176
123 178
123 123
123 132
124 129
124 130
124 174
124 175
124 154
124 124
124 125
125 129
125 130
125 154
125 125
125 175
126 134
126 136
126 135
126 172
126 126
127 163
127 133
127 145
127 170
127 135
127 136
127 127
128 128
128 173
128 142
128 176
128 178
128 132
129 130
129 174
129 129
129 169
129 175
130 130
130 175
131 131
131 132
131 165
131 166
131 177
131 176
131 145
131 155
132 132
132 173
132 142
132 176
133 136
133 163
133 133
133 135
133 142
134 134
134 172
134 147
134 148
135 135
135 136
135 170
136 136
136 170
137 137
137 151
137 158
137 159
138 149
138 156
138 138
138 160
139 161
139 139
139 159
140 171
140 166
140 169
140 141
140 151
140 140
140 143
141 171
141 166
141 169
141 141
141 151
141 143
142 173
142 142
142 176
143 171
143 143
143 151
143 159
143 158
144 144
144 167
144 168
144 174
144 157
145 166
145 145
145 146
146 146
147 172
147 173
147 147
147 148
148 172
148 168
148 152
148 148
149 169
149 171
149 175
149 180
149 149
149 150
149 156
149 174
150 160
150 164
150 165
150 169
150 171
150 150
150 180
151 151
151 158
151 159
152 178
152 152
153 179
153 155
153 153
154 175
154 154
155 164
155 165
155 166
155 177
155 155
156 164
156 157
156 156
157 157
158 161
158 158
158 159
159 159
160 160
161 161
162 179
162 162
163 163
163 170
163 171
164 165
164 164
164 166
164 177
165 165
165 166
165 177
166 166
166 177
167 167
167 174
167 168
168 168
169 171
169 180
169 169
170 170
171 171
171 180
172 172
173 173
173 176
173 178
174 174
174 175
175 175
176 176
177 177
178 178
179 179
180 180
