1 128
1 1
1 162
1 131
1 4
1 103
1 107
1 173
1 176
1 178
1 88
1 132
1 90
1 123
2 2
2 35
2 37
2 38
2 137
2 151
2 110
2 143
2 112
2 20
2 23
2 27
2 158
2 159
3 129
3 130
3 3
3 36
3 38
3 169
3 43
3 44
3 98
3 142
3 35
3 117
3 119
3 24
3 153
4 132
4 67
4 4
4 97
4 107
4 12
4 173
4 15
4 27
4 178
4 123
4 39
4 103
5 68
5 5
5 6
5 7
5 73
5 12
5 84
5 22
5 89
5 154
5 118
5 62
6 6
6 7
6 138
6 11
6 80
6 83
6 22
6 56
6 89
6 154
6 124
6 157
6 134
7 68
7 7
7 73
7 12
7 147
7 84
7 118
7 89
7 154
7 62
8 96
8 54
8 167
8 8
8 10
8 44
8 174
8 168
8 118
8 55
8 26
8 106
9 65
9 70
9 41
9 74
9 13
9 46
9 45
9 16
9 51
9 52
9 53
9 9
9 152
9 57
9 60
10 96
10 168
10 144
10 54
10 55
10 121
10 10
10 119
10 26
10 45
11 39
11 11
11 110
11 79
11 80
11 20
11 22
11 89
11 56
11 116
11 157
12 97
12 67
12 68
12 73
12 103
12 12
12 178
12 84
12 41
12 24
13 101
13 74
13 13
13 45
13 46
13 175
13 16
13 81
13 29
13 51
13 52
13 85
13 86
13 152
13 21
13 125
13 69
13 53
14 96
14 32
14 34
14 135
14 136
14 41
14 44
14 14
14 19
14 52
14 57
14 120
14 121
14 60
14 31
15 162
15 35
15 36
15 37
15 38
15 39
15 42
15 139
15 15
15 49
15 17
15 89
15 27
15 29
15 30
16 46
16 45
16 16
16 51
16 180
16 149
16 150
16 152
16 52
16 127
16 61
16 53
17 161
17 17
17 105
17 42
17 29
17 49
17 147
17 148
17 116
17 27
17 106
17 30
18 160
18 65
18 163
18 101
18 72
18 156
18 138
18 64
18 61
18 18
18 83
18 85
18 87
18 127
18 60
18 170
18 21
19 161
19 100
19 102
19 135
19 40
19 50
19 145
19 146
19 19
19 120
19 25
19 136
19 28
19 122
20 144
20 167
20 168
20 137
20 162
20 78
20 47
20 80
20 82
20 115
20 20
20 110
20 56
20 79
20 157
21 160
21 65
21 61
21 99
21 72
21 64
21 138
21 78
21 79
21 83
21 85
21 22
21 156
21 170
21 21
22 160
22 65
22 51
22 71
22 138
22 83
22 22
22 124
22 154
22 62
22 69
23 137
23 23
23 140
23 141
23 110
23 143
23 112
23 151
23 153
23 109
23 158
23 159
24 128
24 97
24 98
24 68
24 103
24 107
24 173
24 142
24 176
24 178
24 67
24 57
24 24
24 132
24 123
25 129
25 130
25 102
25 177
25 104
25 43
25 146
25 145
25 50
25 40
25 25
25 26
25 28
26 104
26 40
26 54
26 177
26 43
26 28
26 26
26 174
27 161
27 49
27 105
27 42
27 139
27 176
27 147
27 116
27 148
27 27
27 29
27 30
28 161
28 139
28 165
28 40
28 43
28 50
28 146
28 28
28 30
29 51
29 68
29 101
29 105
29 42
29 45
29 115
29 148
29 147
29 152
29 116
29 29
29 53
30 161
30 43
30 100
30 49
30 42
30 139
30 114
30 36
30 90
30 30
31 33
31 131
31 164
31 134
31 168
31 172
31 177
31 118
31 155
31 126
31 31
32 160
32 32
32 34
32 121
32 102
32 70
32 41
32 179
32 180
32 57
32 153
32 52
32 58
32 59
32 60
33 33
33 134
33 44
33 138
33 172
33 177
33 147
33 116
33 118
33 87
33 155
33 126
34 64
34 34
34 121
34 41
34 170
34 179
34 52
34 153
34 57
34 58
34 60
34 126
35 35
35 36
35 37
35 38
35 39
35 42
35 139
35 162
35 49
35 151
35 90
35 106
35 94
36 162
36 36
36 37
36 38
36 39
36 40
36 139
36 109
36 43
36 131
36 88
37 37
37 38
37 39
37 42
37 139
37 162
37 77
37 43
38 38
38 39
38 42
38 43
38 162
38 139
38 66
39 51
39 162
39 39
39 80
39 144
39 179
39 58
39 59
39 167
40 129
40 130
40 139
40 177
40 40
40 43
41 123
41 103
41 41
41 138
41 107
41 173
41 179
41 52
41 57
41 153
41 58
41 59
41 60
42 161
42 132
42 49
42 137
42 42
42 139
42 147
42 116
43 130
43 169
43 43
43 139
43 171
43 121
43 93
44 96
44 169
44 106
44 75
44 108
44 109
44 44
44 114
44 139
44 142
44 55
44 121
44 111
44 117
45 65
45 101
45 105
45 45
45 46
45 51
45 148
45 53
45 152
46 163
46 101
46 72
46 46
46 113
46 51
46 52
46 149
46 152
46 104
46 53
47 48
47 162
47 167
47 168
47 137
47 106
47 47
47 144
47 82
47 115
47 153
48 144
48 99
48 167
48 104
48 74
48 78
48 79
48 48
48 113
48 82
48 51
48 174
48 115
48 95
49 161
49 100
49 49
49 139
49 108
49 147
49 90
50 100
50 102
50 135
50 136
50 50
50 145
50 146
50 180
50 150
50 120
50 122
51 99
51 51
51 179
51 84
51 53
51 152
51 58
51 59
52 129
52 57
52 170
52 60
52 98
52 145
52 179
52 52
52 180
52 149
52 61
52 53
53 99
53 53
53 152
54 96
54 162
54 167
54 168
54 106
54 119
54 144
54 115
54 54
54 55
55 96
55 167
55 168
55 119
55 109
55 144
55 116
55 55
55 106
56 80
56 116
56 110
56 89
56 56
56 157
56 137
56 77
57 121
57 179
57 57
57 153
57 58
57 59
57 60
57 125
58 74
58 162
58 174
58 60
58 178
58 179
58 58
58 59
58 156
59 162
59 132
59 179
59 156
59 59
59 60
60 97
60 67
60 68
60 121
60 84
60 104
60 179
60 153
60 60
60 62
61 64
61 65
61 163
61 72
61 170
61 61
61 85
61 127
62 160
62 69
62 70
62 73
62 138
62 71
62 86
62 83
62 87
62 154
62 125
62 62
63 161
63 114
63 75
63 171
63 140
63 169
63 63
63 76
63 141
63 143
63 111
64 64
64 65
64 163
64 72
64 170
64 127
64 85
65 65
65 72
65 138
65 160
65 170
65 87
65 156
65 85
66 66
66 166
66 151
66 88
66 89
66 90
66 91
66 92
66 77
66 94
67 128
67 97
67 98
67 67
67 103
67 107
67 173
67 178
67 84
67 68
67 123
68 97
68 98
68 68
68 73
68 103
68 178
68 172
68 84
69 160
69 70
69 83
69 69
69 87
69 138
69 71
69 86
70 70
70 71
70 73
70 83
70 84
70 86
70 87
70 154
70 125
71 160
71 86
71 71
71 83
71 148
71 87
71 154
71 125
72 163
72 72
72 170
72 160
72 85
72 127
73 73
73 178
73 84
73 118
73 116
73 154
73 125
74 99
74 133
74 102
74 113
74 74
74 174
74 79
74 81
74 78
74 95
74 156
74 127
75 161
75 171
75 169
75 75
75 108
75 109
75 111
75 76
75 141
75 114
75 180
75 149
75 140
75 117
76 149
76 171
76 100
76 169
76 76
76 141
76 111
76 114
76 180
76 117
76 150
76 140
77 166
77 77
77 110
77 151
77 88
77 89
77 90
77 91
77 92
77 94
78 80
78 99
78 124
78 78
78 79
78 81
78 148
78 175
78 156
78 157
78 85
79 80
79 99
79 124
79 79
79 81
79 82
79 115
79 148
79 156
79 157
79 85
80 80
80 99
80 110
80 157
81 99
81 163
81 81
81 113
81 179
81 85
81 152
81 95
81 156
81 127
82 144
82 162
82 167
82 168
82 105
82 82
82 115
82 119
82 157
83 160
83 138
83 86
83 175
83 83
83 148
83 87
83 154
83 124
83 125
84 97
84 98
84 178
84 84
85 99
85 138
85 160
85 163
85 170
85 127
85 175
85 156
85 85
86 160
86 130
86 138
86 86
86 87
86 154
87 160
87 138
87 87
88 131
88 165
88 166
88 161
88 177
88 88
88 164
88 90
88 91
88 92
88 93
88 94
89 162
89 89
89 90
89 94
90 165
90 166
90 94
90 90
90 91
90 92
91 161
91 164
91 165
91 166
91 141
91 91
91 92
91 93
91 94
92 161
92 164
92 165
92 166
92 141
92 92
92 93
92 94
93 131
93 164
93 165
93 166
93 177
93 155
93 150
93 122
93 93
94 166
94 110
94 143
94 151
94 94
95 144
95 99
95 102
95 113
95 104
95 145
95 174
95 179
95 95
96 96
96 98
96 119
96 109
96 117
96 121
97 128
97 97
97 98
97 103
97 107
97 173
97 176
97 178
97 123
98 98
98 103
98 107
98 173
98 142
98 153
98 123
99 99
99 113
99 175
99 157
99 156
100 172
100 161
100 100
100 166
100 135
100 136
100 169
100 126
100 118
100 120
100 122
101 101
101 134
101 105
101 147
101 116
101 152
101 148
102 136
102 113
102 133
102 102
102 135
102 104
102 177
102 146
102 145
102 120
102 122
103 128
103 107
103 173
103 176
103 178
103 123
103 126
103 103
103 132
104 129
104 113
104 104
104 174
104 175
104 145
104 146
105 134
105 105
105 172
105 147
105 148
105 118
105 116
106 144
106 134
106 167
106 106
106 119
106 108
106 109
106 112
106 114
106 115
106 168
107 128
107 107
107 173
107 142
107 176
107 178
107 123
107 132
108 169
108 108
108 109
108 112
108 114
108 117
108 111
108 158
108 159
109 168
109 109
109 111
109 112
109 114
109 117
109 118
109 159
110 167
110 137
110 110
110 158
110 118
110 151
110 159
111 161
111 171
111 111
111 114
111 117
111 169
112 168
112 151
112 172
112 143
112 112
112 114
112 137
112 158
112 159
113 133
113 113
113 145
113 146
113 163
113 127
114 169
114 114
114 117
115 144
115 167
115 168
115 174
115 115
115 119
116 148
116 134
116 172
116 147
116 116
116 118
117 169
117 171
117 180
117 117
117 121
118 134
118 172
118 147
118 118
118 120
118 155
118 126
119 168
119 119
119 144
119 121
120 133
120 135
120 136
120 120
120 122
120 126
121 130
121 121
121 153
122 133
122 135
122 136
122 146
122 145
122 122
122 126
123 128
123 173
123 142
123 176
123 123
123 132
124 129
124 130
124 179
124 174
124 175
124 154
124 124
124 125
125 129
125 130
125 175
125 154
125 125
126 133
126 134
126 136
126 135
126 172
126 126
127 163
127 133
127 170
127 127
128 128
128 132
128 179
128 173
128 142
128 176
129 129
129 130
129 145
129 174
129 175
129 146
130 130
130 142
130 175
131 131
131 165
131 166
131 135
131 176
131 177
131 164
131 132
131 155
132 177
132 173
132 176
132 132
133 164
133 133
133 135
133 136
133 142
134 172
134 147
134 148
134 155
134 134
135 135
135 136
135 146
135 145
135 150
135 165
136 136
136 146
136 145
136 149
137 137
137 151
137 158
137 159
138 160
138 138
138 157
138 148
138 179
138 154
139 161
139 139
140 161
140 171
140 140
140 141
140 143
140 150
140 159
140 158
141 161
141 171
141 141
141 143
141 150
141 169
141 159
141 158
142 172
142 142
142 173
142 176
142 153
143 171
143 143
143 158
143 153
143 151
143 159
144 144
144 168
144 174
144 167
145 145
145 146
146 164
146 146
147 172
147 147
147 148
148 172
148 157
148 152
148 148
149 171
149 149
149 150
149 169
149 180
150 164
150 165
150 171
150 150
150 169
151 151
151 158
151 159
152 152
153 153
153 158
153 159
154 154
154 179
155 164
155 177
155 163
155 155
155 165
156 156
156 157
157 157
158 158
158 159
159 159
160 160
161 161
162 162
162 179
163 163
163 170
164 165
164 164
164 166
164 177
165 165
165 166
165 177
166 166
166 177
167 167
167 168
167 174
168 168
169 171
169 180
169 169
170 170
171 171
171 180
172 172
173 173
173 176
173 178
174 174
174 175
175 175
176 179
176 176
177 177
178 178
179 179
180 180
