1 128
1 1
1 132
1 131
1 4
1 5
1 107
1 13
1 45
1 176
1 173
1 89
1 123
2 2
2 77
2 137
2 106
2 151
2 66
2 110
2 47
2 112
2 82
2 105
2 158
2 23
2 89
2 94
2 159
3 176
3 33
3 130
3 3
3 132
3 123
3 24
3 128
3 107
3 173
3 142
4 34
4 155
4 4
4 5
4 103
4 107
4 12
4 173
4 152
4 132
4 123
4 7
5 68
5 5
5 6
5 65
5 73
5 7
5 12
5 14
5 84
5 22
5 154
6 80
6 65
6 34
6 6
6 7
6 56
6 22
6 11
6 157
6 79
7 65
7 7
7 73
7 138
7 11
7 14
7 52
7 22
7 56
7 154
7 62
8 96
8 8
8 167
8 106
8 54
8 55
8 168
8 10
8 119
8 60
8 26
9 32
9 34
9 179
9 168
9 41
9 13
9 46
9 16
9 51
9 52
9 53
9 54
9 9
9 57
9 60
10 96
10 168
10 10
10 119
10 174
10 177
10 54
10 55
10 104
10 26
10 60
11 65
11 11
11 78
11 79
11 80
11 20
11 46
11 56
11 89
11 157
11 31
12 97
12 98
12 67
12 103
12 73
12 12
12 173
12 178
12 84
12 121
12 24
12 68
13 101
13 45
13 46
13 13
13 16
13 51
13 52
13 53
13 152
13 148
13 179
13 59
13 58
14 96
14 65
14 34
14 99
14 32
14 104
14 41
14 74
14 44
14 14
14 124
14 52
14 78
14 57
14 153
14 121
14 95
14 156
14 53
15 162
15 131
15 36
15 37
15 38
15 39
15 42
15 139
15 109
15 15
15 49
15 35
15 17
15 43
15 27
15 29
15 30
16 65
16 132
16 164
16 101
16 46
16 45
16 16
16 51
16 180
16 149
16 152
16 52
16 157
17 162
17 17
17 134
17 39
17 105
17 42
17 139
17 109
17 49
17 147
17 116
17 148
17 27
17 29
17 30
18 160
18 64
18 163
18 69
18 72
18 138
18 61
18 81
18 18
18 85
18 22
18 87
18 121
18 127
18 86
18 170
18 21
19 161
19 130
19 100
19 102
19 76
19 146
19 145
19 50
19 19
19 25
19 122
19 28
20 32
20 80
20 167
20 168
20 137
20 110
20 47
20 144
20 56
20 82
20 115
20 20
20 152
20 157
21 160
21 65
21 99
21 69
21 72
21 64
21 138
21 61
21 81
21 163
21 85
21 22
21 87
21 121
21 127
21 156
21 170
21 21
22 65
22 138
22 83
22 22
22 121
22 154
22 156
22 62
22 85
23 77
23 39
23 137
23 151
23 109
23 110
23 143
23 112
23 82
23 158
23 23
23 29
23 94
23 159
24 128
24 97
24 67
24 132
24 103
24 107
24 173
24 142
24 176
24 178
24 180
24 24
24 123
24 125
25 129
25 130
25 102
25 104
25 169
25 171
25 146
25 145
25 50
25 40
25 25
25 121
25 26
25 28
26 104
26 40
26 54
26 153
26 43
26 28
26 26
26 174
27 161
27 49
27 105
27 42
27 139
27 147
27 116
27 151
27 27
27 29
27 30
28 161
28 139
28 36
28 40
28 43
28 49
28 50
28 117
28 88
28 28
28 30
29 162
29 66
29 101
29 39
29 105
29 45
29 51
29 116
29 152
29 148
29 29
29 94
30 96
30 161
30 35
30 36
30 37
30 38
30 49
30 40
30 42
30 43
30 108
30 139
30 143
30 30
31 33
31 164
31 101
31 134
31 73
31 172
31 109
31 177
31 84
31 126
31 118
31 56
31 68
31 155
31 70
31 62
31 31
32 32
32 34
32 121
32 167
32 41
32 60
32 179
32 57
32 153
32 58
32 59
32 52
32 53
33 128
33 33
33 100
33 155
33 134
33 172
33 44
33 111
33 176
33 147
33 116
33 117
33 118
33 121
33 143
33 126
34 34
34 121
34 41
34 79
34 48
34 52
34 53
34 153
34 57
34 60
35 112
35 162
35 35
35 36
35 37
35 38
35 39
35 58
35 59
36 96
36 162
36 36
36 37
36 38
36 39
36 40
36 92
36 43
36 139
36 91
37 162
37 37
37 38
37 39
37 40
37 43
37 139
37 151
37 90
38 162
38 38
38 39
38 40
38 43
38 109
38 139
39 162
39 39
39 119
39 51
39 58
39 59
39 159
40 161
40 43
40 40
40 139
40 117
41 51
41 41
41 144
41 179
41 52
41 53
41 153
41 57
41 58
41 59
41 60
42 161
42 131
42 134
42 49
42 42
42 139
42 172
42 147
42 116
42 92
43 162
43 139
43 43
43 140
43 166
44 96
44 98
44 100
44 44
44 75
44 76
44 109
44 111
44 108
44 114
44 117
44 169
44 121
44 119
45 101
45 105
45 45
45 46
45 82
45 51
45 148
45 55
45 152
46 80
46 148
46 101
46 46
46 51
46 180
46 149
46 152
46 52
47 167
47 168
47 137
47 106
47 110
47 47
47 144
47 82
47 115
47 57
47 60
48 48
48 99
48 113
48 124
48 74
48 167
48 78
48 79
48 144
48 81
48 115
48 174
48 156
48 157
48 95
49 161
49 100
49 134
49 49
49 140
49 139
49 172
49 147
49 116
50 161
50 130
50 100
50 102
50 171
50 76
50 50
50 145
50 146
50 122
51 51
51 101
51 106
51 179
51 148
51 53
51 89
51 152
51 57
51 58
51 59
51 60
52 149
52 57
52 179
52 52
52 180
52 60
52 53
53 179
53 168
53 53
53 89
53 153
53 57
53 121
53 60
54 96
54 167
54 168
54 106
54 119
54 144
54 54
54 55
54 60
55 96
55 168
55 144
55 106
55 119
55 55
55 109
56 65
56 110
56 79
56 80
56 56
56 89
56 157
57 179
57 153
57 57
57 58
57 59
57 60
58 162
58 179
58 110
58 77
58 89
58 58
58 59
58 60
59 162
59 179
59 77
59 59
59 60
60 115
60 179
60 144
60 153
60 60
61 160
61 64
61 163
61 135
61 136
61 170
61 72
61 180
61 87
61 120
61 61
61 127
62 160
62 68
62 69
62 70
62 73
62 138
62 71
62 83
62 84
62 87
62 154
62 86
62 62
63 161
63 171
63 169
63 75
63 108
63 141
63 143
63 76
63 114
63 117
63 111
63 140
63 63
64 160
64 64
64 163
64 135
64 136
64 170
64 72
64 180
64 87
64 127
65 65
65 80
65 138
65 154
65 156
65 157
66 94
66 89
66 110
66 137
66 90
66 91
66 92
66 66
66 77
67 128
67 97
67 98
67 67
67 68
67 103
67 107
67 173
67 176
67 178
67 180
67 84
67 123
68 97
68 98
68 68
68 70
68 71
68 73
68 178
68 84
69 160
69 69
69 70
69 71
69 72
69 83
69 180
69 86
69 87
70 160
70 98
70 70
70 71
70 83
70 84
70 86
70 87
70 154
71 160
71 98
71 71
71 83
71 84
71 86
71 87
71 180
71 154
72 160
72 163
72 72
72 170
72 180
72 87
72 127
73 178
73 83
73 73
73 84
73 154
74 81
74 99
74 85
74 113
74 74
74 95
74 156
74 78
74 79
75 171
75 100
75 169
75 75
75 108
75 141
75 111
75 76
75 114
75 180
75 117
75 150
75 140
76 171
76 169
76 76
76 141
76 111
76 108
76 180
76 149
76 150
76 140
76 117
77 91
77 137
77 110
77 77
77 94
77 89
77 90
77 92
77 158
77 159
78 80
78 99
78 78
78 79
78 81
78 85
78 157
78 156
78 138
79 80
79 99
79 79
79 157
79 85
79 156
79 138
80 80
80 99
80 157
81 99
81 133
81 113
81 81
81 163
81 121
81 127
81 156
81 85
81 95
82 101
82 167
82 168
82 137
82 106
82 110
82 144
82 82
82 115
82 179
82 159
83 160
83 138
83 86
83 83
83 85
83 121
83 154
83 124
83 125
84 97
84 98
84 178
84 84
84 125
85 99
85 113
85 121
85 156
85 138
85 85
86 160
86 98
86 180
86 86
86 87
86 154
87 160
87 170
87 180
87 87
88 131
88 164
88 165
88 166
88 92
88 140
88 141
88 143
88 177
88 88
88 90
88 91
88 93
89 137
89 110
89 179
89 105
89 89
89 90
89 94
90 131
90 166
90 139
90 151
90 90
90 91
90 92
90 94
91 131
91 165
91 166
91 140
91 143
91 141
91 151
91 91
91 92
91 93
91 94
92 131
92 165
92 166
92 140
92 93
92 141
92 177
92 151
92 92
92 143
92 94
93 131
93 164
93 165
93 166
93 171
93 177
93 146
93 150
93 153
93 122
93 93
94 137
94 151
94 110
94 158
94 94
94 159
95 164
95 102
95 113
95 145
95 175
95 146
95 174
95 104
95 124
95 95
96 96
96 119
96 109
96 114
96 117
96 121
97 128
97 97
97 98
97 103
97 107
97 173
97 176
97 178
97 180
97 123
97 132
98 98
98 103
98 149
98 153
99 99
99 113
99 157
99 156
99 138
100 100
100 134
100 161
100 136
100 172
100 146
100 118
100 122
100 135
100 126
101 164
101 101
101 105
101 116
101 152
101 148
102 102
102 113
102 104
102 146
102 174
102 175
102 145
102 150
102 122
102 126
103 128
103 103
103 107
103 173
103 142
103 176
103 178
103 155
103 132
103 123
104 129
104 130
104 104
104 174
104 175
104 145
104 146
104 124
105 134
105 105
105 148
105 147
105 116
105 137
105 152
106 144
106 115
106 167
106 168
106 106
106 119
106 109
106 112
107 123
107 128
107 107
107 173
107 142
107 176
107 178
107 155
107 132
108 155
108 169
108 108
108 109
108 143
108 112
108 114
108 117
108 141
108 151
108 111
108 140
109 119
109 109
109 112
109 114
109 116
109 111
109 151
109 159
109 158
110 168
110 137
110 148
110 110
110 144
110 115
110 158
110 159
111 171
111 140
111 169
111 141
111 111
111 114
111 117
112 168
112 119
112 162
112 112
112 114
112 151
112 158
112 159
113 164
113 133
113 113
113 145
113 163
113 127
114 155
114 119
114 114
114 139
114 117
114 151
114 143
115 144
115 115
115 167
115 168
116 134
116 172
116 147
116 116
116 148
117 171
117 117
117 118
117 169
117 121
118 166
118 134
118 135
118 136
118 172
118 118
118 120
118 155
118 126
119 144
119 162
119 119
119 168
119 148
119 121
120 163
120 133
120 135
120 136
120 170
120 127
120 150
120 120
120 122
120 155
120 126
120 165
121 133
121 138
121 153
121 154
121 145
121 178
121 121
121 126
122 135
122 136
122 146
122 145
122 122
122 126
123 123
123 128
123 173
123 142
123 176
123 155
123 132
124 129
124 130
124 174
124 175
124 178
124 124
124 125
125 129
125 130
125 149
125 175
125 178
125 174
125 125
126 133
126 135
126 136
126 172
126 155
126 126
127 163
127 164
127 133
127 170
127 135
127 136
127 127
128 132
128 128
128 173
128 142
128 176
129 129
129 130
129 150
129 145
129 175
129 174
129 146
130 130
130 169
130 146
130 175
131 162
131 131
131 165
131 166
131 177
132 132
132 173
132 142
132 178
132 176
133 163
133 133
133 136
133 170
133 135
133 155
134 134
134 172
134 147
134 151
134 155
135 165
135 163
135 135
135 136
135 170
135 172
136 165
136 163
136 136
136 170
137 158
137 137
137 159
138 138
138 154
138 156
139 161
139 139
140 166
140 172
140 141
140 140
140 171
140 151
140 143
141 151
141 171
141 166
141 141
141 172
141 169
141 143
142 176
142 169
142 173
142 142
143 166
143 151
143 143
143 158
143 159
144 144
144 167
144 168
145 165
145 145
145 146
145 174
145 175
146 146
147 172
147 161
147 147
147 151
148 152
148 148
149 164
149 165
149 169
149 170
149 171
149 175
149 180
149 149
149 150
150 171
150 164
150 165
150 169
150 177
150 180
150 150
151 151
151 158
151 166
151 159
152 152
153 165
153 153
154 154
155 155
155 172
155 173
155 177
156 157
156 156
157 157
158 162
158 158
158 159
159 159
160 160
160 163
160 170
160 180
161 161
161 166
161 172
162 162
163 163
163 164
163 170
164 165
164 164
164 177
164 171
164 170
165 165
165 166
165 177
166 166
166 177
167 167
167 174
167 168
168 168
169 171
169 180
169 169
170 170
170 180
171 171
171 180
172 172
173 173
173 176
173 178
174 174
174 175
174 180
175 175
176 176
177 177
178 178
179 179
180 180
