1 128
1 1
1 131
1 4
1 103
1 107
1 13
1 173
1 176
1 118
1 132
1 90
1 123
2 144
2 2
2 158
2 168
2 137
2 106
2 109
2 110
2 77
2 112
2 82
2 115
2 20
2 53
2 23
2 94
2 159
3 128
3 33
3 130
3 3
3 107
3 103
3 24
3 123
3 125
3 142
3 173
4 128
4 4
4 101
4 103
4 107
4 173
4 46
4 176
4 178
4 97
4 89
4 132
4 123
5 67
5 68
5 5
5 6
5 7
5 73
5 11
5 12
5 14
5 84
5 56
5 154
6 6
6 7
6 11
6 80
6 83
6 20
6 22
6 56
6 154
6 157
6 31
7 84
7 7
7 56
7 68
7 154
7 11
7 12
7 14
7 73
8 16
8 168
8 26
8 144
8 54
8 55
8 8
8 10
8 167
8 106
8 109
9 32
9 34
9 41
9 13
9 46
9 45
9 16
9 51
9 52
9 53
9 89
9 9
9 152
9 57
9 60
10 164
10 167
10 168
10 106
10 55
10 144
10 52
10 149
10 54
10 119
10 153
10 26
10 10
11 80
11 22
11 20
11 56
11 52
11 154
11 11
11 157
12 97
12 98
12 67
12 68
12 73
12 103
12 12
12 14
12 178
12 84
12 24
13 101
13 13
13 77
13 46
13 45
13 16
13 17
13 29
13 51
13 148
13 53
13 23
13 152
13 179
13 60
13 58
13 159
14 32
14 97
14 34
14 67
14 41
14 14
14 79
14 157
14 53
14 180
14 78
14 73
14 57
14 121
14 175
14 60
14 125
14 52
15 162
15 131
15 36
15 37
15 38
15 39
15 42
15 139
15 15
15 27
15 49
15 35
15 17
15 43
15 111
15 29
15 30
16 101
16 103
16 168
16 107
16 45
16 46
16 16
16 51
16 180
16 149
16 173
16 152
16 52
16 123
16 53
17 27
17 147
17 49
17 105
17 42
17 39
17 108
17 45
17 17
17 51
17 116
17 152
17 148
17 29
18 160
18 65
18 163
18 164
18 69
18 72
18 64
18 138
18 61
18 81
18 18
18 85
18 86
18 87
18 22
18 127
18 156
18 170
18 21
19 161
19 100
19 102
19 135
19 40
19 171
19 50
19 145
19 146
19 19
19 25
19 122
19 28
20 144
20 167
20 168
20 137
20 110
20 47
20 80
20 82
20 115
20 20
20 56
20 155
20 157
21 160
21 65
21 99
21 164
21 69
21 72
21 64
21 138
21 61
21 78
21 79
21 81
21 163
21 85
21 87
21 127
21 156
21 170
21 21
22 160
22 65
22 69
22 71
22 138
22 70
22 79
22 80
22 83
22 180
22 85
22 22
22 154
22 86
22 157
22 62
23 82
23 101
23 77
23 137
23 66
23 110
23 109
23 112
23 114
23 158
23 23
23 89
23 60
23 94
23 159
24 123
24 97
24 67
24 132
24 33
24 128
24 107
24 173
24 142
24 176
24 178
24 24
24 103
25 129
25 102
25 40
25 50
25 145
25 146
25 25
25 26
25 28
25 93
25 104
25 95
26 129
26 34
26 174
26 104
26 54
26 40
26 26
26 155
26 28
27 161
27 100
27 49
27 42
27 139
27 111
27 147
27 116
27 27
27 29
27 30
28 161
28 43
28 40
28 169
28 139
28 50
28 146
28 28
28 30
29 96
29 101
29 49
29 105
29 42
29 108
29 45
29 147
29 116
29 152
29 148
29 29
30 161
30 139
30 36
30 37
30 38
30 40
30 42
30 43
30 49
30 50
30 88
30 30
30 63
31 33
31 164
31 101
31 172
31 177
31 118
31 134
31 154
31 155
31 125
31 126
31 31
32 32
32 34
32 121
32 41
32 57
32 110
32 89
32 144
32 82
32 179
32 180
32 54
32 153
32 52
32 58
32 59
32 60
32 53
33 33
33 101
33 134
33 172
33 178
33 147
33 116
33 118
33 89
33 155
33 126
34 34
34 121
34 41
34 176
34 180
34 53
34 57
34 153
34 52
34 60
35 96
35 162
35 35
35 36
35 37
35 38
35 39
35 43
35 88
35 58
35 59
36 162
36 36
36 37
36 38
36 39
36 40
36 43
36 44
36 139
37 162
37 37
37 38
37 39
37 40
37 43
37 111
37 139
37 88
38 162
38 38
38 39
38 88
38 139
38 43
39 162
39 39
39 42
39 108
39 91
39 179
39 59
39 151
39 90
39 143
39 92
39 58
40 139
40 104
40 171
40 40
40 43
41 179
41 41
41 66
41 51
41 52
41 53
41 153
41 57
41 58
41 59
41 60
42 161
42 49
42 105
42 42
42 139
42 140
42 141
42 147
42 116
43 162
43 75
43 43
43 139
43 117
44 96
44 139
44 169
44 75
44 76
44 44
44 108
44 114
44 117
44 119
44 121
44 111
44 63
45 112
45 66
45 101
45 105
45 109
45 45
45 46
45 51
45 119
45 152
45 148
45 94
46 101
46 46
46 51
46 148
46 149
46 152
46 180
46 53
46 52
47 144
47 80
47 82
47 115
47 167
47 168
47 137
47 106
47 155
47 47
48 95
48 99
48 167
48 168
48 74
48 174
48 79
48 48
48 81
48 115
48 78
48 104
48 175
48 156
48 157
48 149
49 161
49 100
49 49
49 139
49 147
49 116
49 111
50 161
50 100
50 102
50 135
50 169
50 146
50 145
50 50
50 122
51 112
51 179
51 51
51 53
51 152
51 57
51 58
51 59
51 60
52 121
52 167
52 57
52 52
52 56
52 180
52 123
52 60
52 53
52 149
53 132
53 106
53 152
53 137
53 53
54 168
54 115
54 106
54 54
54 55
54 167
54 144
55 96
55 112
55 168
55 119
55 109
55 144
55 114
55 55
55 153
55 106
56 80
56 56
56 154
56 157
56 110
57 179
57 106
57 66
57 180
57 57
57 153
57 58
57 59
57 60
58 162
58 179
58 109
58 153
58 58
58 59
58 60
59 162
59 179
59 109
59 153
59 59
59 60
60 180
60 179
60 153
60 60
60 94
61 160
61 64
61 163
61 136
61 170
61 177
61 87
61 72
61 61
61 127
62 160
62 65
62 98
62 69
62 70
62 71
62 138
62 83
62 180
62 87
62 154
62 86
62 62
63 171
63 140
63 75
63 108
63 141
63 111
63 76
63 117
63 150
63 169
63 63
64 160
64 64
64 163
64 72
64 170
64 177
64 150
64 87
64 127
65 65
65 85
65 121
65 154
65 156
65 138
65 69
66 66
66 137
66 110
66 77
66 92
66 148
66 94
66 89
66 90
66 91
66 151
66 158
66 159
67 97
67 98
67 67
67 68
67 103
67 73
67 107
67 173
67 178
67 84
67 123
68 97
68 98
68 68
68 73
68 178
68 84
68 121
68 154
68 125
69 160
69 69
69 70
69 71
69 138
69 83
69 87
69 86
69 149
70 160
70 98
70 70
70 71
70 130
70 83
70 84
70 87
70 154
70 155
70 86
71 160
71 98
71 86
71 71
71 83
71 149
71 87
71 154
72 177
72 163
72 87
72 72
72 170
72 160
72 127
73 97
73 73
73 178
73 84
73 154
73 124
73 125
74 99
74 164
74 81
74 74
74 174
74 79
74 113
74 180
74 78
74 156
74 157
74 95
75 161
75 100
75 108
75 171
75 75
75 76
75 141
75 111
75 140
75 117
75 150
75 169
76 171
76 169
76 76
76 141
76 111
76 140
76 117
76 150
76 126
77 77
77 158
77 137
77 89
77 159
77 94
77 110
78 80
78 99
78 78
78 79
78 81
78 85
78 157
78 156
78 138
79 80
79 99
79 79
79 157
79 156
79 138
79 85
80 80
80 154
80 155
80 157
81 99
81 113
81 145
81 81
81 163
81 121
81 127
81 156
81 170
81 85
81 95
82 168
82 137
82 106
82 144
82 82
82 115
82 158
82 159
83 160
83 129
83 130
83 138
83 86
83 175
83 83
83 154
83 155
83 124
83 125
84 97
84 98
84 84
84 121
84 154
84 125
85 160
85 99
85 138
85 149
85 87
85 156
85 157
85 85
86 160
86 98
86 138
86 149
86 87
86 86
87 160
87 164
87 138
87 87
88 165
88 164
88 140
88 141
88 177
88 131
88 88
88 90
88 91
88 92
88 93
88 166
89 137
89 110
89 158
89 152
89 89
89 94
89 159
90 131
90 166
90 140
90 141
90 151
90 90
90 91
90 92
90 94
91 131
91 165
91 166
91 140
91 141
91 143
91 151
91 91
91 92
91 93
92 131
92 165
92 166
92 140
92 141
92 143
92 151
92 92
92 93
93 131
93 164
93 165
93 166
93 177
93 145
93 146
93 155
93 149
93 150
93 93
94 137
94 110
94 143
94 94
94 151
94 158
94 159
95 129
95 99
95 113
95 102
95 145
95 174
95 177
95 146
95 104
95 95
96 96
96 162
96 119
96 108
96 109
96 111
96 114
96 116
96 117
96 121
97 97
97 98
97 103
97 107
97 173
97 178
97 123
98 98
98 149
98 153
99 99
99 113
99 180
99 157
99 156
99 138
100 161
100 131
100 100
100 135
100 136
100 172
100 147
100 120
100 122
100 126
101 128
101 101
101 134
101 105
101 148
101 118
101 152
101 116
102 145
102 121
102 102
102 113
102 104
102 122
102 146
103 123
103 128
103 107
103 173
103 142
103 178
103 132
103 103
103 176
104 129
104 130
104 113
104 174
104 175
104 145
104 146
104 150
104 104
105 134
105 105
105 172
105 114
105 147
105 148
105 152
105 116
106 144
106 167
106 119
106 109
106 112
106 168
106 115
106 106
107 123
107 132
107 128
107 107
107 173
107 142
107 178
107 176
108 119
108 134
108 140
108 108
108 141
108 143
108 109
108 112
108 114
108 117
108 151
108 153
108 111
108 158
109 119
109 109
109 112
109 114
109 111
109 158
109 159
110 137
110 110
110 158
110 159
111 171
111 140
111 141
111 114
111 117
111 169
111 111
111 143
112 112
112 179
112 137
112 144
112 114
112 158
112 159
113 163
113 133
113 113
113 145
113 177
113 146
113 127
114 119
114 143
114 114
114 117
114 153
114 151
114 158
114 159
115 144
115 167
115 168
115 115
115 155
116 134
116 172
116 147
116 116
116 118
116 148
117 169
117 171
117 117
117 119
117 121
118 134
118 135
118 172
118 142
118 147
118 118
118 120
118 155
118 126
119 119
119 144
119 121
119 155
120 131
120 133
120 135
120 136
120 170
120 171
120 172
120 120
120 122
120 126
120 127
121 133
121 145
121 129
121 138
121 121
121 169
122 133
122 135
122 136
122 171
122 146
122 122
122 126
122 127
123 123
123 132
123 128
123 173
123 142
123 178
123 176
124 129
124 130
124 180
124 167
124 154
124 124
124 125
124 174
124 175
125 129
125 130
125 174
125 175
125 125
126 133
126 134
126 135
126 136
126 169
126 172
126 166
126 126
127 163
127 133
127 170
127 135
127 136
127 150
127 127
128 128
128 173
128 142
128 176
128 178
128 132
129 129
129 130
129 174
129 175
129 155
130 130
130 155
130 174
130 175
131 131
131 164
131 165
131 166
131 177
131 139
131 155
132 173
132 142
132 176
132 132
133 136
133 163
133 133
133 135
133 170
134 134
134 172
134 147
134 148
134 155
135 135
135 136
135 170
135 171
136 163
136 136
136 170
136 171
137 158
137 137
137 159
138 160
138 138
138 180
138 156
138 157
139 161
139 139
139 166
140 162
140 171
140 166
140 141
140 140
140 169
140 151
140 143
141 151
141 171
141 166
141 141
141 169
141 143
142 176
142 173
142 142
143 166
143 143
143 158
143 151
144 144
144 167
144 168
145 165
145 145
145 146
146 146
147 172
147 147
147 151
147 148
148 172
148 152
148 148
149 160
149 164
149 171
149 175
149 152
149 180
149 150
149 149
150 171
150 164
150 165
150 169
150 170
150 177
150 180
150 150
151 172
151 166
151 151
152 152
152 159
152 158
153 177
153 179
153 153
154 154
155 174
155 177
155 164
155 155
155 165
156 180
156 157
156 156
157 157
158 158
158 159
159 159
160 160
161 161
162 162
163 163
163 177
163 170
164 164
164 165
164 166
164 177
165 165
165 166
165 177
166 166
166 177
167 167
167 174
167 168
167 175
168 168
169 171
169 169
170 170
171 171
172 172
173 173
173 178
173 176
174 174
174 175
175 175
176 176
177 177
178 178
179 179
180 180
