1 128
1 1
1 131
1 4
1 103
1 107
1 173
1 176
1 178
1 152
1 132
1 123
2 2
2 137
2 106
2 151
2 66
2 110
2 77
2 112
2 82
2 148
2 158
2 23
2 20
2 94
2 159
3 176
3 123
3 130
3 3
3 150
3 24
3 128
3 107
3 125
3 142
3 173
4 128
4 132
4 101
4 103
4 107
4 173
4 176
4 178
4 52
4 121
4 89
4 123
4 4
5 67
5 68
5 5
5 6
5 7
5 73
5 11
5 12
5 178
5 84
5 56
5 121
5 154
6 80
6 34
6 22
6 6
6 7
6 56
6 154
6 11
6 157
6 79
7 68
7 7
7 73
7 11
7 12
7 84
7 22
7 56
7 121
7 154
8 96
8 118
8 167
8 168
8 106
8 109
8 13
8 8
8 54
8 55
8 152
8 26
8 10
8 31
9 32
9 34
9 179
9 168
9 41
9 13
9 46
9 16
9 82
9 51
9 52
9 53
9 9
9 57
9 60
10 96
10 98
10 168
10 106
10 55
10 144
10 179
10 54
10 119
10 26
10 10
11 16
11 11
11 78
11 79
11 80
11 20
11 56
11 89
11 157
12 97
12 67
12 68
12 33
12 73
12 103
12 12
12 24
12 178
12 84
13 101
13 13
13 46
13 45
13 16
13 51
13 52
13 53
13 89
13 152
13 148
13 179
13 59
13 58
14 128
14 96
14 34
14 99
14 132
14 32
14 41
14 74
14 44
14 78
14 175
14 176
14 95
14 52
14 14
14 57
14 121
14 79
14 156
14 53
15 162
15 35
15 36
15 37
15 38
15 39
15 42
15 43
15 15
15 27
15 49
15 139
15 17
15 151
15 91
15 92
15 29
15 30
16 101
16 167
16 46
16 45
16 16
16 152
16 51
16 180
16 149
16 56
16 52
16 53
17 27
17 49
17 105
17 42
17 39
17 109
17 45
17 17
17 147
17 148
17 116
17 29
17 30
18 160
18 65
18 163
18 69
18 72
18 64
18 138
18 61
18 81
18 18
18 180
18 85
18 22
18 87
18 127
18 86
18 170
18 21
19 161
19 100
19 102
19 145
19 75
19 50
19 49
19 146
19 19
19 25
19 122
19 28
20 32
20 144
20 167
20 168
20 137
20 110
20 47
20 80
20 82
20 115
20 20
20 46
20 56
20 157
21 160
21 65
21 99
21 69
21 72
21 156
21 138
21 64
21 61
21 81
21 163
21 85
21 22
21 87
21 127
21 21
21 170
21 149
22 65
22 138
22 71
22 83
22 22
22 154
22 31
22 156
22 62
22 85
23 33
23 137
23 151
23 77
23 110
23 143
23 112
23 82
23 105
23 158
23 23
23 94
23 159
24 128
24 97
24 67
24 132
24 103
24 107
24 173
24 142
24 176
24 178
24 180
24 24
24 123
24 125
25 129
25 130
25 171
25 102
25 145
25 40
25 177
25 43
25 146
25 174
25 104
25 50
25 25
25 26
25 28
25 93
26 164
26 150
26 40
26 174
26 54
26 55
26 26
26 28
26 104
27 161
27 162
27 139
27 49
27 105
27 42
27 39
27 147
27 116
27 151
27 27
27 29
27 30
28 161
28 43
28 36
28 40
28 139
28 146
28 50
28 75
28 28
28 30
29 147
29 101
29 39
29 105
29 42
29 45
29 51
29 148
29 152
29 116
29 29
29 158
30 161
30 35
30 36
30 37
30 38
30 49
30 42
30 139
30 43
30 30
30 166
31 33
31 130
31 131
31 164
31 165
31 134
31 65
31 31
31 138
31 167
31 93
31 175
31 177
31 83
31 55
31 155
31 86
31 118
31 69
32 32
32 34
32 121
32 41
32 60
32 179
32 57
32 153
32 58
32 59
32 52
32 53
33 33
33 67
33 101
33 134
33 97
33 172
33 109
33 112
33 177
33 147
33 155
33 118
33 126
33 159
34 34
34 121
34 41
34 174
34 48
34 52
34 53
34 153
34 57
34 60
34 157
35 162
35 35
35 36
35 37
35 38
35 39
35 109
35 151
35 58
35 59
35 166
36 162
36 36
36 37
36 38
36 39
36 40
36 43
36 139
36 88
37 162
37 37
37 38
37 39
37 40
37 43
37 114
37 139
38 162
38 38
38 39
38 40
38 43
38 139
38 151
39 162
39 39
39 112
39 131
39 59
39 58
40 129
40 139
40 40
40 43
40 76
40 177
40 104
41 179
41 41
41 51
41 52
41 53
41 89
41 153
41 57
41 58
41 59
41 60
42 161
42 100
42 49
42 42
42 139
42 143
42 114
42 147
42 116
43 130
43 43
43 139
43 111
44 96
44 135
44 136
44 169
44 75
44 108
44 109
44 111
44 114
44 117
44 55
44 120
44 121
44 122
44 44
45 101
45 105
45 45
45 46
45 51
45 148
45 110
45 152
45 89
46 115
46 101
46 46
46 47
46 51
46 148
46 149
46 54
46 152
46 180
46 52
47 48
47 167
47 168
47 137
47 106
47 110
47 47
47 144
47 82
47 115
47 57
48 144
48 99
48 167
48 74
48 175
48 174
48 79
48 48
48 81
48 115
48 78
48 124
48 157
48 95
49 161
49 100
49 166
49 49
49 139
49 50
49 88
49 63
50 161
50 100
50 102
50 145
50 75
50 50
50 146
50 122
51 179
51 51
51 53
51 137
51 152
51 57
51 58
51 59
51 60
52 80
52 149
52 57
52 179
52 52
52 180
52 60
52 53
53 115
53 82
53 53
53 89
53 153
53 57
53 60
54 167
54 168
54 106
54 55
54 144
54 115
54 54
54 119
55 96
55 168
55 106
55 119
55 109
55 55
56 80
56 78
56 79
56 56
56 89
56 157
57 121
57 179
57 153
57 57
57 58
57 59
57 60
58 162
58 179
58 66
58 153
58 58
58 59
58 60
59 162
59 179
59 137
59 59
59 60
59 94
60 144
60 179
60 89
60 153
60 60
61 160
61 64
61 163
61 135
61 136
61 170
61 72
61 150
61 87
61 61
61 127
62 160
62 65
62 69
62 70
62 71
62 138
62 83
62 84
62 149
62 87
62 154
62 86
62 62
63 171
63 140
63 108
63 75
63 76
63 141
63 143
63 114
63 169
63 111
63 151
63 109
63 63
64 160
64 64
64 163
64 135
64 136
64 170
64 72
64 150
64 87
64 127
65 65
65 83
65 85
65 154
65 156
65 138
66 134
66 137
66 66
66 110
66 77
66 88
66 89
66 90
66 91
66 92
66 94
67 98
67 67
67 68
67 97
67 73
67 107
67 173
67 178
67 123
67 84
67 103
68 97
68 98
68 68
68 70
68 73
68 84
68 180
68 154
69 160
69 98
69 69
69 70
69 71
69 138
69 86
69 87
70 160
70 98
70 70
70 71
70 83
70 84
70 149
70 86
70 87
70 180
70 154
71 160
71 98
71 71
71 138
71 83
71 180
71 87
71 154
71 86
72 160
72 163
72 150
72 87
72 72
72 170
72 127
73 97
73 73
73 178
73 84
73 121
73 154
73 125
74 99
74 102
74 81
74 74
74 78
74 79
74 113
74 156
74 157
74 95
75 171
75 114
75 108
75 75
75 76
75 141
75 111
75 180
75 117
75 150
75 169
75 122
75 140
76 149
76 171
76 169
76 76
76 141
76 111
76 108
76 140
76 180
76 117
76 150
76 120
77 137
77 110
77 77
77 179
77 89
77 90
77 91
77 92
77 94
77 159
78 80
78 99
78 78
78 79
78 81
78 157
78 156
78 138
78 85
79 80
79 99
79 79
79 81
79 156
79 157
79 85
80 80
80 99
80 156
80 157
81 99
81 113
81 81
81 163
81 121
81 127
81 156
81 85
81 95
82 167
82 168
82 110
82 144
82 82
82 115
82 137
82 159
83 160
83 86
83 138
83 175
83 83
83 85
83 154
83 155
83 124
83 125
84 97
84 98
84 84
84 180
84 154
85 160
85 163
85 138
85 99
85 113
85 156
85 85
85 149
86 160
86 98
86 138
86 86
86 87
87 160
87 98
87 170
87 180
87 87
88 161
88 131
88 165
88 166
88 177
88 88
88 164
88 90
88 91
88 92
88 93
88 94
89 137
89 110
89 148
89 89
89 90
89 94
90 131
90 166
90 162
90 151
90 90
90 91
90 92
90 94
91 131
91 165
91 166
91 162
91 143
91 91
91 151
91 92
91 93
91 94
92 131
92 165
92 166
92 143
92 177
92 151
92 92
92 93
92 94
93 133
93 131
93 164
93 165
93 166
93 177
93 146
93 155
93 150
93 93
94 134
94 137
94 110
94 158
94 94
94 159
95 102
95 113
95 145
95 174
95 175
95 146
95 180
95 104
95 124
95 95
96 96
96 100
96 135
96 119
96 109
96 114
96 117
96 121
97 128
97 98
97 97
97 107
97 173
97 178
97 123
97 103
98 98
98 169
98 153
99 99
99 113
99 157
99 156
99 138
100 161
100 100
100 134
100 135
100 136
100 172
100 111
100 147
100 120
100 122
100 126
100 117
101 101
101 134
101 105
101 148
101 119
101 152
101 116
102 145
102 102
102 113
102 104
102 146
102 177
103 128
103 107
103 173
103 176
103 178
103 123
103 180
103 132
103 103
104 129
104 130
104 164
104 145
104 174
104 175
104 104
104 146
104 124
105 134
105 105
105 172
105 147
105 148
105 152
105 116
106 112
106 167
106 168
106 106
106 119
106 109
106 144
106 115
106 153
107 123
107 128
107 107
107 173
107 142
107 176
107 178
107 180
107 132
108 139
108 169
108 108
108 109
108 143
108 112
108 114
108 117
108 141
108 111
108 140
109 119
109 172
109 109
109 112
109 114
109 147
109 117
109 118
109 111
109 159
109 158
110 115
110 158
110 168
110 137
110 144
110 179
110 110
110 159
111 114
111 169
111 171
111 141
111 111
111 117
111 121
111 140
112 168
112 151
112 143
112 112
112 114
112 116
112 153
112 158
112 159
113 133
113 113
113 145
113 146
113 163
113 180
113 127
114 119
114 114
114 117
114 151
114 169
114 143
115 144
115 167
115 168
115 115
115 119
116 134
116 172
116 147
116 116
116 118
116 148
117 171
117 169
117 117
117 121
118 134
118 135
118 172
118 142
118 136
118 147
118 118
118 120
118 155
118 126
119 168
119 119
119 144
120 133
120 135
120 136
120 170
120 172
120 120
120 122
120 126
120 127
121 145
121 178
121 121
121 169
122 163
122 133
122 135
122 136
122 170
122 145
122 122
122 126
122 127
123 123
123 128
123 173
123 142
123 176
123 178
123 180
123 132
124 129
124 130
124 174
124 175
124 178
124 180
124 124
124 125
125 129
125 130
125 174
125 175
125 178
125 149
125 125
126 133
126 134
126 135
126 136
126 172
126 126
126 166
127 163
127 133
127 170
127 135
127 136
127 150
127 127
128 128
128 173
128 142
128 176
128 178
128 132
129 129
129 130
129 174
129 175
129 145
129 146
129 150
130 130
130 142
130 175
130 146
131 131
131 164
131 165
131 166
131 177
132 173
132 142
132 176
132 132
133 163
133 133
133 135
133 136
133 170
133 150
133 165
134 134
134 172
134 158
134 147
134 148
134 155
135 163
135 135
135 136
135 172
135 170
136 163
136 136
136 170
137 148
137 158
137 137
137 159
138 160
138 156
138 138
138 154
139 161
139 162
139 139
139 143
140 161
140 171
140 166
140 140
140 141
140 143
140 151
140 158
141 161
141 171
141 166
141 141
141 143
141 151
141 158
142 176
142 173
142 142
143 151
143 143
143 153
143 159
143 158
144 144
144 167
144 168
145 145
145 177
145 146
146 146
147 172
147 147
147 148
148 148
148 152
149 149
149 164
149 169
149 171
149 174
149 180
149 150
149 152
150 164
150 165
150 169
150 171
150 163
150 180
150 150
151 166
151 159
151 151
151 158
152 152
153 165
153 179
153 153
154 154
154 155
155 164
155 165
155 172
155 177
155 155
156 157
156 156
157 157
158 158
158 159
159 159
160 160
160 180
160 170
161 161
162 162
163 170
163 163
164 164
164 165
164 166
164 171
164 177
165 165
165 166
165 177
166 166
166 177
167 167
167 174
167 168
168 168
169 171
169 180
169 169
170 177
170 170
171 171
171 180
172 172
173 173
173 176
173 178
173 180
174 174
174 175
175 175
176 176
176 178
177 177
178 178
179 179
180 180
