1 128
1 1
1 131
1 4
1 103
1 107
1 173
1 176
1 147
1 88
1 132
1 90
1 123
2 112
2 2
2 20
2 158
2 23
2 56
2 137
2 58
2 82
2 110
2 159
3 129
3 130
3 3
3 149
3 103
3 24
3 107
3 125
3 178
3 142
3 173
4 128
4 67
4 132
4 97
4 9
4 103
4 12
4 173
4 107
4 53
4 118
4 89
4 4
4 123
5 68
5 101
5 6
5 7
5 73
5 12
5 178
5 84
5 89
5 154
5 62
5 5
6 80
6 22
6 6
6 7
6 56
6 154
6 11
6 138
6 46
6 157
7 68
7 7
7 73
7 11
7 12
7 84
7 22
7 56
7 89
7 154
7 62
7 101
8 16
8 8
8 144
8 106
8 54
8 55
8 168
8 96
8 10
8 167
8 26
9 32
9 132
9 179
9 9
9 57
9 13
9 46
9 45
9 16
9 51
9 52
9 53
9 41
9 152
9 60
10 96
10 98
10 131
10 150
10 104
10 10
10 55
10 144
10 54
10 119
10 25
10 26
10 60
11 101
11 11
11 110
11 80
11 20
11 22
11 56
11 89
11 154
11 157
12 97
12 98
12 67
12 73
12 103
12 12
12 46
12 178
12 84
12 24
12 68
13 176
13 101
13 106
13 45
13 46
13 13
13 16
13 17
13 82
13 51
13 52
13 53
13 119
13 152
13 29
14 128
14 129
14 67
14 33
14 126
14 14
14 18
14 84
14 57
14 24
14 153
14 96
14 97
14 34
14 163
14 32
14 146
14 103
14 41
14 44
14 173
14 52
14 117
14 121
14 123
14 62
15 162
15 35
15 36
15 37
15 38
15 39
15 42
15 139
15 15
15 27
15 49
15 17
15 43
15 90
15 143
15 29
15 30
16 65
16 101
16 167
16 46
16 45
16 16
16 51
16 180
16 149
16 22
16 152
16 52
16 53
17 51
17 66
17 27
17 49
17 105
17 42
17 39
17 45
17 17
17 114
17 147
17 116
17 152
17 148
17 29
18 160
18 65
18 99
18 69
18 64
18 72
18 156
18 138
18 78
18 61
18 18
18 163
18 87
18 127
18 21
18 170
18 85
19 161
19 100
19 102
19 104
19 171
19 146
19 145
19 50
19 19
19 40
19 25
19 122
19 28
20 167
20 168
20 137
20 110
20 79
20 80
20 82
20 115
20 20
20 56
20 57
20 47
20 157
20 31
21 160
21 65
21 99
21 72
21 64
21 138
21 127
21 61
21 78
21 79
21 163
21 85
21 22
21 87
21 155
21 156
21 170
21 21
22 65
22 71
22 69
22 80
22 138
22 70
22 83
22 52
22 22
22 56
22 154
22 86
22 62
23 137
23 151
23 108
23 114
23 110
23 143
23 112
23 82
23 105
23 23
23 109
23 158
23 159
24 128
24 97
24 67
24 68
24 103
24 107
24 173
24 142
24 176
24 178
24 52
24 24
24 132
24 123
25 161
25 165
25 102
25 129
25 104
25 50
25 145
25 146
25 40
25 25
25 26
25 28
26 104
26 146
26 40
26 54
26 153
26 28
26 26
26 174
27 161
27 27
27 49
27 105
27 42
27 139
27 143
27 111
27 147
27 116
27 29
27 30
28 161
28 139
28 40
28 169
28 43
28 50
28 146
28 28
28 30
29 147
29 101
29 49
29 105
29 42
29 45
29 46
29 51
29 116
29 77
29 152
29 148
29 29
30 161
30 139
30 100
30 37
30 40
30 42
30 43
30 49
30 50
30 117
30 30
31 160
31 33
31 130
31 131
31 164
31 134
31 172
31 177
31 118
31 155
31 124
31 126
31 31
32 32
32 34
32 121
32 41
32 179
32 180
32 57
32 153
32 56
32 52
32 58
32 59
32 60
33 33
33 101
33 134
33 172
33 177
33 147
33 126
33 118
33 155
33 158
34 34
34 179
34 113
34 104
34 41
34 138
34 175
34 81
34 178
34 83
34 180
34 85
34 73
34 57
34 153
34 121
34 60
34 52
35 162
35 35
35 36
35 37
35 38
35 39
35 43
35 143
35 59
35 88
35 58
35 166
36 162
36 36
36 37
36 38
36 39
36 40
36 139
36 43
36 166
37 162
37 37
37 38
37 39
37 40
37 139
37 43
37 88
38 139
38 162
38 38
38 39
38 88
38 42
38 43
39 162
39 39
39 42
39 114
39 51
39 58
39 59
40 139
40 40
40 171
40 43
40 50
41 41
41 57
41 179
41 180
41 53
41 89
41 153
41 52
41 58
41 59
41 60
42 161
42 49
42 42
42 139
42 44
42 147
42 116
42 90
43 162
43 75
43 43
43 139
43 117
43 63
44 96
44 169
44 119
44 108
44 109
44 111
44 114
44 117
44 55
44 121
44 44
44 63
45 128
45 110
45 101
45 105
45 45
45 46
45 51
45 148
45 53
45 152
46 80
46 101
46 46
46 47
46 51
46 148
46 149
46 55
46 152
46 52
46 53
47 48
47 167
47 168
47 106
47 47
47 144
47 82
47 115
47 60
47 157
48 48
48 99
48 113
48 168
48 74
48 167
48 174
48 175
48 144
48 81
48 115
48 52
48 95
49 161
49 100
49 49
49 139
49 116
49 111
50 161
50 100
50 102
50 135
50 171
50 50
50 145
50 146
50 122
51 51
51 137
51 179
51 53
51 152
51 58
51 59
51 60
52 99
52 149
52 74
52 60
52 57
52 52
52 180
52 154
52 156
52 53
53 53
53 152
54 96
54 167
54 168
54 106
54 119
54 174
54 144
54 115
54 54
54 55
54 60
55 96
55 115
55 167
55 119
55 109
55 144
55 168
55 179
55 55
55 121
55 106
56 101
56 137
56 77
56 110
56 80
56 56
56 89
56 157
57 179
57 180
57 57
57 153
57 58
57 59
57 60
58 66
58 179
58 162
58 58
58 59
58 60
58 94
59 162
59 179
59 59
59 60
59 94
60 115
60 179
60 168
60 89
60 180
60 153
60 60
61 64
61 160
61 163
61 180
61 72
61 170
61 127
61 61
61 85
62 65
62 70
62 73
62 138
62 71
62 83
62 87
62 154
62 86
62 62
62 69
63 171
63 108
63 76
63 141
63 75
63 117
63 169
63 111
63 140
63 63
64 64
64 160
64 163
64 180
64 72
64 170
64 127
64 85
65 65
65 69
65 87
65 138
65 160
65 85
66 66
66 166
66 77
66 110
66 143
66 151
66 88
66 89
66 90
66 91
66 92
66 94
67 128
67 97
67 98
67 67
67 103
67 107
67 173
67 178
67 84
67 68
67 123
68 97
68 98
68 68
68 73
68 178
68 84
68 121
69 160
69 69
69 70
69 71
69 138
69 83
69 87
69 121
69 86
70 70
70 71
70 73
70 83
70 84
70 87
70 121
70 154
70 86
70 125
71 160
71 83
71 71
71 121
71 154
71 87
71 86
72 160
72 163
72 72
72 170
72 180
72 87
72 85
72 127
73 73
73 178
73 84
73 154
73 125
74 99
74 133
74 113
74 74
74 78
74 79
74 81
74 115
74 174
74 156
74 157
74 95
75 108
75 75
75 117
75 169
75 111
75 76
75 171
75 140
75 141
76 171
76 100
76 169
76 76
76 141
76 143
76 140
76 149
76 150
76 111
76 117
77 137
77 77
77 110
77 143
77 179
77 151
77 89
77 90
77 91
77 92
77 94
78 99
78 156
78 78
78 79
78 80
78 81
78 155
78 124
78 157
78 85
79 99
79 79
79 80
79 81
79 157
79 155
79 156
79 138
79 85
80 138
80 80
80 110
80 157
81 99
81 113
81 81
81 163
81 85
81 95
81 156
81 127
82 112
82 167
82 168
82 137
82 106
82 109
82 144
82 82
82 115
83 160
83 138
83 86
83 130
83 175
83 83
83 85
83 154
83 124
83 125
84 97
84 98
84 178
84 84
85 99
85 163
85 138
85 160
85 157
85 170
85 156
85 85
86 160
86 121
86 138
86 87
86 86
87 160
87 138
87 87
87 121
88 164
88 92
88 177
88 131
88 88
88 100
88 90
88 91
88 165
88 93
88 166
89 134
89 89
89 90
89 94
90 166
90 90
90 91
90 92
90 94
91 131
91 165
91 166
91 140
91 162
91 141
91 91
91 92
91 93
91 94
92 131
92 164
92 165
92 166
92 140
92 162
92 141
92 177
92 92
92 93
92 94
93 131
93 164
93 165
93 166
93 177
93 102
93 145
93 146
93 155
93 150
93 93
94 166
94 140
94 110
94 141
94 143
94 116
94 94
94 151
94 158
94 159
95 129
95 164
95 102
95 113
95 104
95 145
95 174
95 175
95 146
95 95
96 96
96 101
96 119
96 109
96 121
96 106
97 128
97 97
97 98
97 103
97 107
97 173
97 176
97 178
97 123
98 98
98 101
98 103
98 107
98 173
98 153
98 123
99 99
99 113
99 124
99 156
99 157
100 172
100 161
100 100
100 135
100 136
100 169
100 146
100 126
100 118
100 120
100 122
101 134
101 105
101 172
101 152
101 147
101 116
101 148
101 101
102 136
102 102
102 113
102 104
102 135
102 146
102 145
102 120
102 122
103 107
103 128
103 103
103 173
103 176
103 178
103 148
103 142
103 132
103 123
104 129
104 113
104 177
104 104
104 130
104 174
104 175
104 145
104 146
105 123
105 134
105 105
105 172
105 147
105 148
105 152
105 116
105 159
106 112
106 115
106 167
106 106
106 119
106 109
106 114
106 144
106 168
106 179
106 153
107 123
107 128
107 107
107 173
107 142
107 176
107 152
107 132
108 162
108 108
108 109
108 111
108 112
108 114
108 117
108 169
108 159
108 158
109 144
109 114
109 111
109 112
109 148
109 119
109 109
109 158
109 159
110 158
110 137
110 110
110 159
111 171
111 169
111 111
111 112
111 114
111 172
111 117
112 137
112 112
112 114
112 148
112 158
112 159
113 164
113 133
113 113
113 145
113 174
113 146
113 163
113 149
113 120
113 136
113 127
114 114
114 117
114 158
114 159
115 144
115 167
115 168
115 115
115 155
116 132
116 134
116 172
116 147
116 116
116 118
116 148
117 169
117 171
117 118
117 121
117 117
118 155
118 134
118 135
118 172
118 142
118 147
118 118
118 121
118 120
118 123
118 126
119 168
119 119
119 144
119 121
120 131
120 133
120 135
120 136
120 120
120 122
120 126
120 127
121 139
121 172
121 130
121 153
121 121
122 133
122 135
122 136
122 146
122 145
122 122
122 126
122 165
123 128
123 173
123 176
123 123
123 142
123 132
124 129
124 174
124 167
124 175
124 125
124 124
124 130
125 160
125 129
125 130
125 174
125 175
125 180
125 125
126 133
126 134
126 135
126 136
126 171
126 172
126 126
127 163
127 133
127 170
127 135
127 136
127 127
127 149
128 128
128 173
128 176
128 142
128 132
129 129
129 130
129 174
129 175
129 145
130 160
130 130
130 174
130 175
130 142
131 162
131 131
131 132
131 165
131 166
131 135
131 177
131 155
131 164
132 173
132 176
132 147
132 132
133 149
133 163
133 133
133 136
133 135
134 134
134 172
134 147
134 148
134 155
135 135
135 136
135 146
136 165
136 163
136 136
137 137
137 148
137 158
137 159
138 160
138 156
138 138
138 154
138 157
139 161
139 139
139 140
139 141
140 169
140 171
140 140
140 141
140 143
140 158
140 151
141 169
141 141
141 143
141 171
141 150
141 151
142 173
142 142
142 176
142 149
143 171
143 158
143 151
143 143
143 159
144 144
144 167
144 168
144 153
145 145
145 146
146 165
146 146
147 172
147 147
147 148
148 172
148 152
148 148
149 149
149 164
149 169
149 171
149 150
149 180
150 165
150 166
150 164
150 150
150 169
150 171
151 159
151 158
151 151
151 172
152 173
152 152
153 179
153 153
154 154
155 164
155 165
155 174
155 157
155 177
155 155
156 157
156 156
157 157
158 158
158 159
159 159
160 160
160 170
161 161
161 166
162 162
162 179
163 163
163 170
164 164
164 165
164 166
164 177
165 165
165 166
165 177
166 166
166 177
167 167
167 174
167 168
168 168
169 171
169 180
169 169
170 180
170 170
171 171
171 180
172 172
172 176
173 173
173 176
173 178
174 174
174 175
175 175
175 180
176 176
177 177
178 178
179 179
180 180
