1 128
1 1
1 131
1 4
1 107
1 173
1 176
1 49
1 139
1 88
1 132
1 90
1 123
1 30
2 2
2 63
2 137
2 23
2 110
2 47
2 112
2 20
2 151
2 153
2 143
2 158
2 159
3 128
3 129
3 130
3 3
3 123
3 176
3 24
3 121
3 107
3 125
3 142
4 128
4 35
4 4
4 97
4 103
4 12
4 173
4 178
4 107
4 132
4 123
4 36
5 68
5 5
5 6
5 7
5 73
5 11
5 12
5 84
5 22
5 89
5 116
5 154
6 162
6 6
6 7
6 11
6 78
6 79
6 80
6 22
6 56
6 89
6 154
6 157
7 68
7 7
7 73
7 11
7 12
7 84
7 89
7 56
7 116
7 154
8 96
8 17
8 106
8 54
8 55
8 8
8 121
8 10
8 44
8 26
8 14
9 65
9 70
9 104
9 41
9 45
9 46
9 13
9 16
9 81
9 51
9 52
9 53
9 9
9 152
9 57
9 59
9 60
9 62
10 96
10 54
10 40
10 10
10 55
10 44
10 118
10 119
10 153
10 121
10 26
11 137
11 11
11 79
11 80
11 116
11 56
11 89
11 157
11 20
12 97
12 98
12 67
12 73
12 103
12 12
12 162
12 178
12 84
12 24
12 68
13 98
13 69
13 39
13 13
13 46
13 45
13 16
13 51
13 53
13 86
13 152
13 179
13 59
13 58
13 101
14 96
14 32
14 34
14 41
14 14
14 44
14 142
14 52
14 57
14 121
14 153
14 60
14 126
15 128
15 162
15 35
15 17
15 37
15 38
15 39
15 42
15 139
15 15
15 49
15 56
15 27
15 29
15 30
16 164
16 179
16 102
16 170
16 46
16 45
16 16
16 51
16 52
16 149
16 150
16 152
16 26
17 161
17 35
17 134
17 17
17 105
17 42
17 107
17 27
17 49
17 147
17 116
17 148
17 123
17 29
17 30
18 160
18 65
18 163
18 69
18 72
18 64
18 138
18 45
18 61
18 18
18 85
18 86
18 87
18 127
18 156
18 170
18 21
19 161
19 100
19 165
19 102
19 40
19 50
19 145
19 146
19 19
19 180
19 25
19 122
19 28
20 80
20 137
20 110
20 47
20 48
20 82
20 115
20 20
20 56
20 79
20 157
20 31
21 160
21 65
21 163
21 101
21 72
21 156
21 138
21 64
21 61
21 81
21 85
21 22
21 87
21 127
21 21
21 170
21 69
22 160
22 65
22 71
22 138
22 39
22 78
22 83
22 85
22 22
22 154
22 156
22 157
22 62
23 137
23 23
23 108
23 110
23 143
23 112
23 172
23 151
23 159
23 158
23 63
24 123
24 97
24 67
24 132
24 39
24 128
24 107
24 173
24 142
24 176
24 178
24 116
24 24
24 103
24 125
25 129
25 130
25 164
25 104
25 28
25 43
25 146
25 145
25 50
25 40
25 25
25 26
25 60
26 96
26 40
26 43
26 54
26 55
26 26
26 28
26 58
27 128
27 161
27 162
27 35
27 37
27 38
27 49
27 105
27 42
27 139
27 110
27 147
27 116
27 137
27 148
27 27
27 29
27 30
28 161
28 34
28 131
28 36
28 40
28 43
28 50
28 146
28 139
28 28
28 30
29 51
29 162
29 68
29 101
29 39
29 105
29 42
29 45
29 115
29 116
29 152
29 148
29 154
29 29
30 35
30 36
30 37
30 38
30 161
30 42
30 139
30 44
30 49
30 43
30 30
31 33
31 86
31 134
31 168
31 105
31 138
31 172
31 47
31 177
31 147
31 118
31 116
31 155
31 31
32 64
32 32
32 34
32 40
32 41
32 146
32 179
32 52
32 153
32 57
32 58
32 59
32 60
32 61
33 33
33 147
33 116
33 118
33 134
33 105
33 137
33 155
33 172
33 126
34 96
34 34
34 41
34 170
34 43
34 44
34 60
34 52
34 57
34 153
34 121
34 169
35 162
35 35
35 37
35 38
35 39
35 42
35 36
36 162
36 37
36 38
36 39
36 40
36 43
36 108
36 77
36 114
36 139
36 158
36 89
36 36
37 96
37 162
37 37
37 38
37 39
37 43
37 80
37 139
37 56
38 96
38 162
38 38
38 39
38 43
38 139
38 132
39 51
39 162
39 39
39 45
39 48
39 99
39 84
39 68
40 129
40 139
40 40
40 43
40 104
40 93
41 129
41 163
41 41
41 145
41 179
41 52
41 53
41 153
41 57
41 58
41 59
41 60
41 127
42 128
42 49
42 105
42 42
42 176
42 147
42 116
43 161
43 43
43 139
44 96
44 44
44 109
44 111
44 114
44 117
44 54
44 55
44 121
44 106
45 162
45 101
45 74
45 71
45 174
45 45
45 46
45 51
45 148
45 53
45 86
45 105
45 152
45 85
46 101
46 72
46 46
46 51
46 52
46 53
46 152
46 179
46 127
46 149
47 48
47 167
47 168
47 106
47 110
47 47
47 144
47 82
47 115
47 119
47 124
48 48
48 99
48 168
48 74
48 167
48 174
48 144
48 82
48 115
48 78
48 119
48 175
48 124
48 95
49 66
49 100
49 161
49 172
49 109
49 49
49 147
49 116
49 94
49 108
50 161
50 130
50 100
50 102
50 146
50 145
50 50
50 149
50 122
50 93
51 51
51 101
51 175
51 179
51 53
51 152
51 58
51 59
51 125
51 62
52 57
52 170
52 130
52 179
52 52
52 180
52 58
52 59
52 60
52 149
53 101
53 78
53 116
53 53
53 152
53 153
53 154
54 96
54 118
54 167
54 105
54 106
54 168
54 116
54 54
54 55
54 121
55 96
55 162
55 167
55 106
55 109
55 168
55 55
55 121
56 137
56 110
56 80
56 89
56 56
56 116
56 157
57 72
57 179
57 57
57 58
57 59
57 60
57 61
58 179
58 87
58 58
58 59
58 60
59 69
59 104
59 87
59 113
59 179
59 59
59 60
60 72
60 179
60 60
61 64
61 163
61 133
61 135
61 72
61 170
61 136
61 87
61 122
61 127
61 61
61 69
62 160
62 69
62 70
62 71
62 138
62 83
62 84
62 87
62 154
62 86
62 62
63 75
63 139
63 140
63 141
63 143
63 171
63 151
63 159
63 158
63 63
64 64
64 163
64 133
64 136
64 170
64 72
64 87
64 127
64 69
65 160
65 65
65 163
65 69
65 138
65 86
65 87
65 156
65 85
66 66
66 166
66 77
66 110
66 143
66 88
66 89
66 90
66 91
66 92
66 94
67 97
67 98
67 67
67 68
67 134
67 103
67 73
67 107
67 173
67 178
67 116
67 84
68 97
68 98
68 68
68 70
68 73
68 84
68 154
69 98
69 155
69 69
69 70
69 71
69 72
69 160
69 86
69 87
70 160
70 98
70 70
70 71
70 83
70 84
70 86
70 87
70 154
71 160
71 98
71 86
71 71
71 138
71 83
71 87
72 163
72 72
72 170
72 87
72 127
73 97
73 162
73 73
73 178
73 83
73 84
73 154
73 125
74 99
74 102
74 113
74 74
74 78
74 79
74 145
74 95
74 156
74 157
74 81
75 161
75 139
75 169
75 171
75 75
75 76
75 109
75 143
75 141
75 108
75 114
75 180
75 117
75 111
75 140
76 171
76 100
76 169
76 76
76 141
76 143
76 114
76 180
76 117
76 150
76 111
76 140
76 149
77 166
77 137
77 77
77 110
77 94
77 88
77 89
77 90
77 91
77 92
77 158
78 80
78 99
78 157
78 78
78 79
78 81
78 82
78 148
78 156
78 138
79 99
79 79
79 80
79 81
79 82
79 157
79 148
79 156
79 138
80 99
80 137
80 80
80 82
80 157
81 99
81 102
81 113
81 81
81 85
81 95
81 156
81 157
82 105
82 144
82 82
82 115
82 119
82 157
83 160
83 138
83 83
83 148
83 85
83 154
83 125
84 97
84 98
84 84
84 154
85 160
85 99
85 163
85 138
85 113
85 87
85 127
85 156
85 85
86 160
86 98
86 138
86 86
86 87
86 101
87 170
87 160
87 87
87 152
88 131
88 100
88 165
88 166
88 177
88 88
88 90
88 91
88 92
88 93
88 94
89 89
89 90
89 94
90 166
90 161
90 90
90 91
90 92
90 94
91 161
91 131
91 165
91 166
91 140
91 141
91 91
91 92
91 93
91 94
92 161
92 131
92 165
92 166
92 140
92 141
92 177
92 92
92 93
92 94
93 131
93 164
93 165
93 166
93 177
93 150
93 153
93 93
94 166
94 137
94 140
94 110
94 141
94 94
94 151
94 143
94 158
94 159
95 144
95 113
95 102
95 145
95 129
95 174
95 175
95 146
95 115
95 119
95 104
95 155
95 124
95 95
96 96
96 106
96 153
96 121
97 128
97 97
97 98
97 116
97 103
97 107
97 162
97 173
97 178
97 123
98 98
98 105
98 153
99 99
99 113
99 157
99 156
99 138
100 172
100 161
100 100
100 166
100 135
100 136
100 169
100 171
100 118
100 120
100 122
100 126
101 160
101 164
101 101
101 134
101 142
101 105
101 148
101 152
101 116
101 155
102 102
102 113
102 145
102 177
102 146
102 104
103 128
103 103
103 107
103 173
103 176
103 178
103 118
103 132
103 123
104 129
104 130
104 145
104 174
104 175
104 144
104 104
104 146
105 134
105 105
105 147
105 116
105 148
106 144
106 115
106 167
106 106
106 119
106 108
106 109
106 112
106 168
106 114
106 147
107 123
107 128
107 107
107 172
107 173
107 176
107 178
107 132
108 168
108 169
108 108
108 109
108 111
108 112
108 114
108 117
108 158
108 159
109 168
109 109
109 111
109 112
109 114
109 117
109 151
110 158
110 137
110 151
110 112
110 110
110 159
111 169
111 171
111 139
111 112
111 114
111 117
111 111
112 167
112 168
112 151
112 172
112 112
112 114
112 117
112 158
112 159
113 163
113 113
113 145
113 127
113 146
113 156
114 169
114 114
114 117
115 144
115 167
115 168
115 115
115 119
116 134
116 118
116 147
116 148
116 172
116 116
117 169
117 171
117 139
117 117
117 121
118 118
118 134
118 172
118 147
118 126
118 151
118 120
118 155
118 158
119 144
119 162
119 167
119 168
119 119
120 133
120 135
120 136
120 170
120 172
120 149
120 120
120 122
120 126
120 127
121 142
121 121
121 153
122 163
122 165
122 135
122 136
122 170
122 149
122 122
122 127
122 126
122 133
123 128
123 173
123 142
123 176
123 178
123 123
123 132
124 129
124 130
124 167
124 144
124 174
124 148
124 175
124 124
124 125
125 129
125 130
125 174
125 175
125 178
125 142
125 125
126 133
126 134
126 135
126 136
126 172
126 126
126 166
127 163
127 133
127 135
127 170
127 136
127 127
128 128
128 132
128 173
128 142
128 178
128 176
129 129
129 130
129 145
129 174
129 175
129 142
130 130
130 146
130 142
130 175
130 145
131 131
131 132
131 165
131 166
131 177
131 155
131 164
132 173
132 142
132 176
132 132
133 163
133 164
133 133
133 135
133 136
133 170
134 134
134 172
134 147
134 148
134 155
135 135
135 136
135 170
135 149
135 150
136 165
136 136
136 170
137 137
137 158
137 151
137 159
138 160
138 138
138 154
138 156
138 157
139 161
139 143
139 139
140 161
140 171
140 169
140 140
140 141
140 143
140 180
140 158
140 150
140 159
141 149
141 161
141 171
141 166
141 169
141 141
141 143
141 180
141 158
141 150
141 159
142 176
142 142
142 149
143 171
143 143
143 158
143 159
143 151
144 144
144 167
144 168
144 174
144 148
144 175
145 145
145 146
146 146
147 172
147 178
147 147
147 148
148 152
148 148
149 164
149 169
149 171
149 150
149 180
149 149
150 164
150 165
150 166
150 171
150 180
150 150
151 151
151 172
151 158
151 159
152 152
153 153
154 154
155 164
155 172
155 177
155 155
155 156
156 157
156 156
157 162
157 157
158 158
158 159
159 172
159 159
160 160
161 161
162 162
162 167
162 178
163 163
163 170
163 179
164 164
164 166
164 177
164 165
165 165
165 166
165 177
166 166
166 177
167 167
167 168
167 174
167 175
168 168
168 174
169 171
169 180
169 169
170 170
171 171
171 180
172 172
172 173
173 173
173 176
173 178
174 174
174 175
175 175
176 176
176 178
177 177
178 178
179 179
180 180
