1 128
1 1
1 131
1 4
1 103
1 9
1 107
1 172
1 13
1 45
1 176
1 173
1 178
1 88
1 132
1 90
1 123
2 2
2 179
2 77
2 137
2 109
2 110
2 47
2 112
2 82
2 115
2 20
2 158
2 23
2 94
2 159
3 128
3 123
3 130
3 3
3 150
3 24
3 176
3 107
3 125
3 142
3 173
4 128
4 67
4 4
4 97
4 103
4 173
4 46
4 176
4 178
4 107
4 89
4 132
4 123
5 97
5 34
5 67
5 68
5 5
5 6
5 7
5 73
5 11
5 12
5 84
5 56
5 154
6 80
6 22
6 34
6 83
6 6
6 7
6 56
6 154
6 11
6 157
7 34
7 68
7 7
7 73
7 11
7 12
7 84
7 56
7 89
7 154
7 62
8 96
8 168
8 106
8 54
8 55
8 8
8 10
8 167
8 26
8 46
8 109
9 32
9 34
9 9
9 110
9 45
9 46
9 13
9 16
9 51
9 52
9 53
9 41
9 152
9 57
9 60
10 96
10 168
10 106
10 55
10 144
10 149
10 54
10 119
10 26
10 60
10 10
10 53
11 11
11 80
11 20
11 22
11 56
11 89
11 154
11 157
11 31
12 97
12 98
12 67
12 68
12 73
12 103
12 12
12 14
12 178
12 84
12 24
12 33
13 51
13 13
13 46
13 45
13 16
13 17
13 179
13 148
13 53
13 119
13 152
13 52
13 29
13 149
14 65
14 32
14 73
14 14
14 121
14 24
14 25
14 156
14 96
14 34
14 102
14 103
14 41
14 107
14 44
14 173
14 52
14 117
14 153
14 57
14 123
15 162
15 35
15 37
15 38
15 17
15 42
15 39
15 143
15 15
15 27
15 49
15 139
15 43
15 91
15 92
15 29
15 30
16 144
16 45
16 101
16 168
16 46
16 47
16 16
16 152
16 51
16 180
16 149
16 150
16 56
16 20
16 53
16 52
17 27
17 147
17 49
17 105
17 42
17 39
17 45
17 17
17 114
17 51
17 116
17 152
17 148
17 29
17 30
18 160
18 65
18 99
18 69
18 72
18 64
18 138
18 61
18 18
18 163
18 180
18 85
18 22
18 87
18 156
18 170
18 21
19 161
19 100
19 102
19 169
19 50
19 145
19 146
19 19
19 25
19 122
19 28
19 30
20 32
20 80
20 167
20 168
20 137
20 144
20 110
20 47
20 82
20 115
20 20
20 56
20 157
21 160
21 65
21 99
21 164
21 72
21 64
21 138
21 61
21 81
21 163
21 180
21 85
21 22
21 87
21 127
21 156
21 170
21 21
22 160
22 65
22 69
22 71
22 138
22 70
22 80
22 83
22 22
22 154
22 155
22 86
22 62
22 85
23 137
23 23
23 109
23 77
23 110
23 143
23 112
23 82
23 51
23 158
23 151
23 45
23 58
23 94
23 159
24 128
24 97
24 67
24 132
24 103
24 107
24 173
24 142
24 176
24 178
24 24
24 123
24 125
25 129
25 102
25 40
25 50
25 174
25 145
25 146
25 25
25 26
25 28
25 104
26 40
26 150
26 174
26 54
26 55
26 28
26 26
26 104
27 161
27 49
27 105
27 42
27 139
27 116
27 90
27 27
27 29
27 30
28 161
28 43
28 36
28 40
28 169
28 139
28 76
28 146
28 145
28 50
28 28
28 30
29 96
29 147
29 101
29 49
29 105
29 42
29 45
29 46
29 51
29 116
29 152
29 148
29 29
30 161
30 131
30 37
30 38
30 49
30 42
30 139
30 50
30 43
30 30
30 63
31 33
31 164
31 134
31 137
31 172
31 44
31 112
31 177
31 118
31 154
31 155
31 93
31 126
31 31
32 32
32 34
32 121
32 167
32 41
32 179
32 180
32 57
32 153
32 58
32 59
32 60
32 52
33 33
33 98
33 101
33 134
33 172
33 147
33 117
33 118
33 120
33 153
33 155
33 126
34 34
34 132
34 74
34 60
34 79
34 178
34 52
34 78
34 41
34 153
34 57
34 121
34 124
34 157
34 53
35 96
35 162
35 35
35 36
35 37
35 38
35 39
35 43
35 108
35 143
35 59
35 179
35 58
36 162
36 36
36 37
36 38
36 39
36 40
36 139
36 43
36 63
37 162
37 37
37 38
37 39
37 40
37 43
37 140
37 139
37 88
37 111
37 166
38 162
38 38
38 39
38 40
38 139
38 43
38 166
39 162
39 39
39 139
39 114
39 131
39 90
39 59
39 58
40 129
40 171
40 40
40 43
40 177
40 139
40 104
41 180
41 179
41 41
41 51
41 52
41 89
41 153
41 57
41 58
41 59
41 60
42 161
42 91
42 100
42 49
42 42
42 139
42 147
42 116
43 162
43 43
43 130
43 139
43 121
44 96
44 169
44 75
44 108
44 109
44 111
44 114
44 117
44 119
44 121
44 44
45 101
45 77
45 105
45 45
45 46
45 51
45 148
45 53
45 152
45 89
46 101
46 46
46 82
46 51
46 148
46 149
46 55
46 152
46 52
46 53
47 144
47 115
47 48
47 167
47 168
47 106
47 82
47 47
48 79
48 144
48 99
48 113
48 95
48 167
48 104
48 74
48 78
48 175
48 48
48 81
48 115
48 174
48 168
48 124
48 157
48 149
49 161
49 100
49 49
49 139
49 50
49 116
49 92
50 161
50 100
50 102
50 145
50 76
50 50
50 146
50 121
50 122
51 51
51 179
51 53
51 152
51 57
51 58
51 59
51 60
52 80
52 57
52 176
52 52
52 180
52 60
52 53
52 149
53 101
53 53
53 152
54 96
54 167
54 168
54 106
54 55
54 144
54 115
54 54
54 119
54 60
55 96
55 167
55 168
55 106
55 119
55 109
55 144
55 179
55 55
55 121
56 80
56 137
56 110
56 56
56 89
56 154
56 157
57 179
57 168
57 180
57 57
57 89
57 153
57 58
57 59
57 60
58 162
58 179
58 58
58 59
58 60
58 159
59 162
59 179
59 59
59 60
59 158
60 180
60 179
60 153
60 60
61 160
61 64
61 163
61 135
61 136
61 177
61 170
61 72
61 87
61 61
61 127
62 160
62 65
62 69
62 70
62 71
62 138
62 83
62 87
62 121
62 154
62 86
62 62
63 171
63 108
63 75
63 76
63 141
63 111
63 114
63 117
63 169
63 140
63 143
63 63
64 160
64 64
64 163
64 136
64 170
64 177
64 87
64 72
64 127
65 160
65 65
65 69
65 87
65 138
65 85
66 66
66 134
66 77
66 110
66 158
66 151
66 88
66 89
66 90
66 91
66 92
66 94
67 97
67 98
67 67
67 103
67 73
67 107
67 173
67 178
67 84
67 121
67 68
67 123
68 97
68 98
68 68
68 73
68 178
68 84
68 121
68 154
69 160
69 69
69 70
69 71
69 138
69 83
69 180
69 87
69 86
70 160
70 98
70 70
70 71
70 83
70 84
70 87
70 180
70 154
70 86
71 160
71 98
71 71
71 83
71 180
71 149
71 87
71 154
71 86
72 160
72 163
72 150
72 87
72 72
72 170
72 127
73 97
73 73
73 178
73 84
73 154
73 124
73 125
74 99
74 102
74 81
74 74
74 78
74 79
74 113
74 156
74 157
74 95
75 171
75 100
75 140
75 75
75 108
75 141
75 111
75 76
75 117
75 150
75 169
76 149
76 171
76 169
76 140
76 141
76 143
76 76
76 117
76 150
76 111
77 137
77 110
77 77
77 94
77 89
77 90
77 158
77 159
78 80
78 99
78 78
78 79
78 81
78 85
78 157
78 156
78 138
79 80
79 99
79 79
79 81
79 85
79 157
79 156
79 138
80 80
80 99
80 157
81 99
81 113
81 81
81 163
81 180
81 127
81 156
81 85
81 95
82 168
82 137
82 106
82 144
82 82
82 115
82 158
82 159
83 160
83 130
83 138
83 86
83 175
83 83
83 149
83 154
83 124
83 125
84 97
84 98
84 84
84 121
84 154
85 160
85 99
85 138
85 163
85 149
85 156
85 157
85 85
86 160
86 98
86 86
86 138
86 180
86 87
87 138
87 160
87 180
87 87
87 170
88 131
88 164
88 166
88 177
88 88
88 90
88 91
88 92
88 93
88 165
89 110
89 148
89 89
89 90
89 94
90 131
90 166
90 91
90 90
90 92
90 94
91 131
91 165
91 166
91 140
91 141
91 151
91 91
91 92
91 93
91 94
92 131
92 165
92 166
92 177
92 140
92 141
92 151
92 92
92 93
92 94
93 131
93 164
93 165
93 166
93 170
93 177
93 155
93 150
93 93
93 127
94 134
94 137
94 151
94 110
94 143
94 179
94 105
94 94
94 158
94 159
95 129
95 102
95 113
95 145
95 177
95 174
95 146
95 104
95 95
96 96
96 118
96 134
96 119
96 109
96 114
96 116
96 121
97 128
97 97
97 98
97 103
97 107
97 173
97 178
97 121
97 123
98 98
98 103
98 153
99 149
99 99
99 113
99 156
99 157
100 161
100 100
100 166
100 135
100 136
100 172
100 147
100 118
100 120
100 122
100 126
101 110
101 101
101 134
101 137
101 147
101 148
101 105
101 152
101 116
102 102
102 145
102 104
102 146
102 113
102 122
103 128
103 107
103 173
103 176
103 178
103 123
103 121
103 132
103 103
104 129
104 130
104 145
104 174
104 175
104 104
104 146
104 150
105 134
105 105
105 172
105 147
105 148
105 152
105 116
106 144
106 167
106 119
106 114
106 109
106 112
106 168
106 115
106 153
106 106
107 123
107 128
107 107
107 173
107 142
107 176
107 178
107 132
108 162
108 169
108 108
108 109
108 112
108 114
108 147
108 117
108 111
108 143
108 159
108 158
109 109
109 111
109 112
109 114
109 148
109 119
109 158
109 159
110 158
110 110
110 137
110 159
111 171
111 140
111 169
111 141
111 111
111 114
111 117
111 121
112 144
112 168
112 137
112 112
112 114
112 159
112 158
113 133
113 113
113 145
113 146
113 163
113 150
113 127
114 114
114 116
114 117
114 159
114 158
115 144
115 167
115 168
115 115
115 119
115 155
116 134
116 172
116 147
116 116
116 118
116 148
117 169
117 171
117 117
117 121
118 134
118 135
118 128
118 172
118 147
118 118
118 120
118 155
118 126
119 168
119 119
119 144
119 177
119 121
120 133
120 135
120 136
120 169
120 172
120 120
120 122
120 126
120 127
121 153
121 163
121 160
121 121
121 127
122 133
122 135
122 136
122 169
122 170
122 122
122 127
123 123
123 128
123 173
123 142
123 176
123 178
123 132
124 129
124 167
124 130
124 174
124 175
124 180
124 124
124 125
125 129
125 130
125 174
125 175
125 178
125 149
125 125
126 133
126 134
126 135
126 136
126 169
126 172
126 142
126 126
127 163
127 165
127 170
127 135
127 136
127 127
127 133
128 128
128 173
128 142
128 176
128 132
129 130
129 150
129 129
129 175
129 174
130 130
130 174
130 175
130 142
130 150
131 131
131 132
131 165
131 166
131 161
131 139
131 135
131 177
131 155
131 164
131 133
132 173
132 142
132 176
132 148
132 132
133 133
133 163
133 136
133 135
133 170
134 134
134 172
134 176
134 147
134 148
134 155
135 163
135 135
135 136
135 169
135 170
135 172
136 163
136 136
136 169
136 170
137 137
137 152
137 158
137 159
138 149
138 138
138 160
138 156
139 161
139 162
139 140
139 141
139 139
140 169
140 140
140 141
140 171
140 151
140 143
141 166
141 169
141 141
141 171
141 151
141 143
142 142
142 176
142 173
143 151
143 143
143 158
143 159
144 144
144 167
144 168
144 155
145 165
145 145
145 146
146 165
146 146
147 172
147 147
147 148
148 148
148 152
148 158
149 164
149 150
149 171
149 175
149 152
149 180
149 149
150 164
150 165
150 169
150 171
150 163
150 150
151 166
151 151
151 162
151 158
151 159
152 152
153 179
153 153
154 154
155 164
155 177
155 155
155 165
156 157
156 156
157 157
158 158
158 159
159 159
160 160
160 180
161 161
162 162
163 163
163 170
164 164
164 165
164 166
164 177
165 165
165 166
165 177
166 166
166 177
167 167
167 174
167 168
167 175
168 168
169 171
169 180
169 169
170 170
171 171
171 180
172 172
173 173
173 176
173 178
174 174
174 175
174 180
175 175
176 176
177 177
178 178
179 179
180 180
