1 128
1 1
1 131
1 132
1 165
1 166
1 103
1 107
1 173
1 177
1 88
1 4
1 26
1 123
1 28
1 90
2 2
2 137
2 23
2 110
2 143
2 112
2 20
2 151
2 56
2 153
2 47
2 158
2 159
3 129
3 130
3 3
3 40
3 43
3 142
3 175
3 149
3 118
3 153
3 25
3 124
3 125
4 67
4 4
4 97
4 107
4 12
4 173
4 49
4 178
4 43
4 7
4 88
4 90
4 103
5 68
5 5
5 6
5 7
5 73
5 11
5 84
5 62
5 22
5 89
5 154
5 30
6 6
6 7
6 138
6 11
6 80
6 22
6 56
6 89
6 154
6 157
6 30
7 84
7 161
7 68
7 7
7 73
7 154
7 12
7 89
8 96
8 167
8 104
8 105
8 10
8 174
8 8
8 168
8 54
8 55
8 26
8 175
9 32
9 104
9 41
9 45
9 46
9 13
9 16
9 51
9 52
9 53
9 9
9 152
9 57
9 60
10 96
10 98
10 104
10 10
10 55
10 13
10 46
10 174
10 54
10 119
10 25
10 26
10 59
11 80
11 110
11 20
11 56
11 89
11 22
11 11
11 157
11 30
12 97
12 98
12 67
12 73
12 103
12 12
12 173
12 161
12 178
12 84
12 24
12 68
13 51
13 101
13 41
13 45
13 46
13 13
13 16
13 179
13 52
13 53
13 152
13 148
13 58
13 59
13 60
13 29
14 96
14 32
14 34
14 135
14 169
14 57
14 44
14 14
14 19
14 52
14 117
14 153
14 121
15 160
15 161
15 162
15 35
15 36
15 37
15 38
15 39
15 105
15 42
15 55
15 15
15 17
15 21
15 119
15 27
15 29
15 30
15 65
16 129
16 101
16 46
16 45
16 16
16 51
16 180
16 149
16 150
16 152
16 52
17 161
17 100
17 17
17 42
17 139
17 172
17 49
17 147
17 116
17 30
17 22
17 154
17 27
17 62
18 64
18 65
18 99
18 134
18 72
18 170
18 160
18 81
18 18
18 163
18 21
18 156
18 61
18 85
19 161
19 131
19 100
19 145
19 136
19 50
19 49
19 146
19 19
19 25
19 26
19 28
19 122
20 139
20 167
20 137
20 78
20 79
20 80
20 82
20 115
20 20
20 110
20 151
20 56
20 47
20 157
20 30
21 160
21 65
21 99
21 72
21 64
21 138
21 78
21 79
21 157
21 83
21 21
21 87
21 156
21 61
21 85
22 71
22 138
22 86
22 80
22 83
22 22
22 154
22 70
22 62
22 69
23 43
23 137
23 23
23 108
23 109
23 110
23 143
23 112
23 114
23 151
23 153
23 158
23 159
24 128
24 97
24 67
24 36
24 103
24 107
24 173
24 142
24 176
24 178
24 30
24 24
24 123
24 126
25 129
25 130
25 104
25 43
25 146
25 145
25 50
25 149
25 40
25 25
25 26
25 28
25 93
26 171
26 36
26 166
26 40
26 169
26 43
26 76
26 141
26 28
26 140
26 139
26 88
26 90
26 91
26 92
26 26
27 115
27 69
27 139
27 83
27 86
27 87
27 27
27 156
27 29
27 30
27 37
27 161
27 99
27 38
27 35
27 105
27 42
27 172
27 49
27 147
27 116
28 139
28 36
28 161
28 40
28 43
28 77
28 49
28 94
28 28
28 30
28 117
29 162
29 147
29 101
29 134
29 39
29 105
29 74
29 45
29 51
29 116
29 152
29 148
29 29
30 139
30 68
30 80
30 30
30 96
30 161
30 35
30 36
30 37
30 38
30 40
30 42
30 43
30 49
31 33
31 131
31 164
31 101
31 134
31 129
31 31
31 172
31 177
31 118
31 155
31 95
32 32
32 129
32 34
32 121
32 41
32 145
32 179
32 52
32 57
32 153
32 58
32 59
32 60
33 33
33 54
33 134
33 81
33 105
33 172
33 174
33 144
33 177
33 147
33 116
33 118
33 155
33 61
33 126
34 34
34 169
34 44
34 130
34 52
34 41
34 57
34 120
34 121
34 122
34 60
34 153
35 79
35 162
35 35
35 36
35 37
35 38
35 39
35 42
35 43
35 115
35 62
35 167
36 162
36 36
36 37
36 38
36 39
36 40
36 138
36 139
36 70
36 71
36 168
36 82
36 43
36 79
37 160
37 162
37 37
37 38
37 39
37 40
37 139
37 43
38 160
38 162
38 38
38 39
38 43
38 139
38 133
39 64
39 162
39 39
39 74
39 59
39 51
39 124
39 61
40 161
40 66
40 40
40 139
40 143
40 43
40 111
40 90
41 102
41 41
41 179
41 52
41 153
41 57
41 58
41 59
41 60
42 161
42 49
42 47
42 42
42 139
42 147
42 84
43 161
43 137
43 43
43 108
43 44
43 114
43 139
43 89
43 159
44 96
44 108
44 106
44 44
44 109
44 111
44 112
44 114
44 117
44 55
44 121
45 101
45 105
45 45
45 46
45 113
45 51
45 148
45 53
45 152
46 101
46 102
46 46
46 51
46 180
46 53
46 150
46 152
46 52
47 167
47 168
47 110
47 47
47 144
47 82
47 115
47 151
47 106
48 48
48 99
48 147
48 113
48 168
48 74
48 167
48 174
48 79
48 144
48 81
48 82
48 115
48 78
48 119
48 175
48 124
48 125
48 95
49 128
49 161
49 123
49 49
49 112
49 139
49 109
49 176
49 100
50 129
50 130
50 136
50 164
50 102
50 135
50 104
50 177
50 146
50 145
50 50
50 120
50 122
51 51
51 105
51 170
51 113
51 179
51 148
51 53
51 152
51 58
51 59
51 127
52 57
52 145
52 179
52 52
52 152
52 180
52 58
52 60
52 53
53 101
53 104
53 116
53 53
53 152
53 61
54 96
54 118
54 167
54 119
54 174
54 144
54 168
54 147
54 54
54 55
54 121
54 106
55 96
55 167
55 119
55 174
55 144
55 168
55 55
55 121
55 106
56 80
56 161
56 151
56 56
56 137
56 110
56 89
57 145
57 179
57 57
57 58
57 59
57 60
58 162
58 179
58 104
58 58
58 59
58 60
59 162
59 179
59 59
59 60
60 102
60 179
60 60
61 64
61 163
61 133
61 65
61 72
61 105
61 170
61 127
61 61
61 85
62 70
62 71
62 73
62 138
62 83
62 84
62 87
62 154
62 86
62 62
62 69
63 75
63 63
63 169
63 171
63 76
63 141
63 158
63 111
63 140
63 180
63 117
63 143
63 126
63 149
64 64
64 65
64 163
64 72
64 170
64 85
64 127
65 65
65 72
65 170
65 160
65 156
65 138
65 85
66 66
66 166
66 77
66 143
66 94
66 88
66 89
66 90
66 91
66 92
66 126
67 68
67 97
67 98
67 67
67 103
67 161
67 128
67 107
67 173
67 176
67 178
67 84
67 132
67 123
68 97
68 98
68 68
68 73
68 103
68 178
68 84
69 71
69 160
69 83
69 69
69 87
69 138
69 86
69 70
70 70
70 71
70 73
70 83
70 84
70 87
70 154
70 86
71 160
71 83
71 71
71 154
71 87
71 86
72 162
72 163
72 72
72 170
72 160
72 87
72 127
72 85
73 178
73 84
73 154
73 139
73 73
74 144
74 163
74 133
74 102
74 113
74 74
74 81
74 82
74 99
74 85
74 95
74 127
75 171
75 100
75 76
75 75
75 108
75 109
75 143
75 112
75 141
75 114
75 117
75 169
75 111
75 140
76 149
76 171
76 169
76 140
76 141
76 111
76 76
76 180
76 117
76 150
76 143
77 92
77 166
77 88
77 89
77 90
77 91
77 77
77 94
77 143
78 99
78 138
78 172
78 78
78 79
78 81
78 82
78 156
78 157
78 85
79 80
79 99
79 138
79 79
79 82
79 156
79 157
80 137
80 110
80 80
80 151
80 89
80 157
81 162
81 99
81 133
81 113
81 81
81 163
81 85
81 95
81 156
81 170
81 127
82 144
82 99
82 167
82 168
82 82
82 115
82 119
82 157
83 160
83 138
83 86
83 83
83 87
83 154
83 124
83 125
84 97
84 98
84 139
84 178
84 84
85 99
85 134
85 160
85 113
85 163
85 170
85 127
85 156
85 85
86 160
86 87
86 138
86 86
87 160
87 138
87 87
87 118
88 165
88 166
88 93
88 88
88 164
88 90
88 91
88 92
88 94
89 89
89 90
89 94
90 165
90 166
90 90
90 91
90 92
90 94
91 131
91 164
91 165
91 166
91 141
91 93
91 177
91 91
91 92
91 94
92 131
92 164
92 165
92 166
92 141
92 93
92 177
92 92
92 94
93 131
93 164
93 165
93 166
93 135
93 136
93 177
93 155
93 150
93 93
94 166
94 140
94 141
94 158
94 143
94 94
95 144
95 102
95 113
95 145
95 174
95 175
95 115
95 104
95 95
95 124
95 125
96 96
96 168
96 119
96 109
96 153
96 121
96 106
97 128
97 97
97 98
97 103
97 161
97 107
97 173
97 176
97 178
97 126
97 123
97 132
98 98
98 103
98 107
98 173
98 153
98 123
98 126
99 99
99 124
99 115
99 156
99 157
100 161
100 100
100 136
100 143
100 146
100 118
100 121
100 120
100 132
100 122
100 135
100 126
101 101
101 134
101 104
101 105
101 116
101 152
101 148
101 155
102 155
102 113
102 102
102 135
102 104
102 146
102 136
102 145
102 120
102 122
102 127
103 128
103 161
103 107
103 173
103 176
103 178
103 123
103 103
103 132
104 129
104 130
104 144
104 145
104 146
104 152
104 104
104 174
104 175
104 113
104 179
104 125
105 147
105 134
105 172
105 116
105 105
105 148
106 167
106 168
106 106
106 139
106 108
106 109
106 112
106 114
106 115
106 119
106 151
107 128
107 161
107 107
107 173
107 176
107 178
107 123
107 132
108 108
108 109
108 111
108 112
108 114
108 117
108 158
108 159
109 168
109 109
109 111
109 112
109 114
109 117
109 121
109 159
110 161
110 112
110 110
110 137
110 151
110 158
110 159
111 171
111 169
111 112
111 114
111 117
111 111
112 112
112 114
112 117
112 158
112 159
113 163
113 133
113 113
113 145
113 127
113 170
114 114
114 117
114 169
114 158
114 159
115 144
115 167
115 168
115 174
115 115
115 119
116 134
116 172
116 147
116 116
116 118
116 119
116 148
116 125
117 117
117 169
117 121
118 118
118 134
118 172
118 147
118 155
118 157
118 126
119 144
119 168
119 119
120 165
120 135
120 136
120 146
120 150
120 120
120 122
120 126
120 133
121 142
121 153
121 121
122 164
122 135
122 136
122 146
122 145
122 122
122 126
123 128
123 132
123 173
123 176
123 123
124 144
124 167
124 172
124 142
124 175
124 174
124 124
124 125
125 129
125 130
125 167
125 174
125 175
125 142
125 125
126 134
126 136
126 135
126 172
126 178
126 153
126 126
127 163
127 133
127 148
127 170
127 127
128 128
128 132
128 173
128 142
128 176
129 129
129 130
129 146
129 174
129 175
129 145
129 142
130 130
130 142
130 175
130 145
130 146
130 180
131 131
131 132
131 165
131 166
131 177
131 155
131 164
132 173
132 176
132 132
133 163
133 170
133 133
133 135
134 134
134 172
134 175
134 144
134 147
134 148
134 155
135 135
135 136
135 146
135 145
135 150
136 136
136 146
136 145
137 158
137 137
137 151
137 159
138 160
138 138
138 154
138 156
138 157
139 161
139 139
139 151
140 149
140 169
140 171
140 140
140 141
140 143
140 150
140 159
140 158
141 171
141 169
141 141
141 158
141 143
141 149
141 150
141 159
142 142
142 175
142 176
142 153
143 171
143 158
143 143
143 159
144 144
144 167
144 174
144 168
144 175
145 145
145 146
145 155
146 164
146 146
147 172
147 147
147 148
148 163
148 172
148 174
148 152
148 148
149 169
149 171
149 180
149 149
149 150
150 164
150 165
150 171
150 180
150 150
150 169
151 167
151 168
151 151
151 159
152 152
153 158
153 153
154 154
155 164
155 177
155 155
155 165
156 156
156 157
157 157
158 158
158 159
159 159
160 160
160 172
161 161
161 173
162 162
163 163
163 170
164 164
164 165
164 166
164 177
165 165
165 166
165 177
166 166
166 177
167 167
167 174
167 168
167 175
168 168
169 171
169 180
169 169
170 170
171 171
171 180
172 172
173 173
173 176
173 178
174 174
174 175
175 175
176 176
177 177
178 178
179 179
180 180
