1 128
1 1
1 131
1 4
1 166
1 103
1 91
1 107
1 45
1 173
1 176
1 88
1 178
1 152
1 132
1 90
1 123
1 92
1 126
2 2
2 101
2 137
2 151
2 110
2 47
2 112
2 82
2 115
2 20
2 23
2 143
2 158
2 159
3 128
3 130
3 3
3 103
3 107
3 173
3 142
3 176
3 24
3 153
3 123
3 63
4 67
4 4
4 134
4 97
4 107
4 12
4 173
4 176
4 178
4 123
4 132
4 103
5 33
5 68
5 5
5 70
5 7
5 73
5 12
5 178
5 83
5 84
5 89
5 154
6 65
6 6
6 7
6 138
6 11
6 14
6 175
6 80
6 83
6 22
6 56
6 154
6 124
7 68
7 7
7 73
7 83
7 84
7 89
7 121
7 154
7 70
7 62
8 96
8 168
8 106
8 101
8 54
8 55
8 8
8 10
8 167
8 26
8 109
9 41
9 45
9 46
9 13
9 16
9 51
9 52
9 53
9 89
9 9
9 152
9 57
9 60
10 96
10 107
10 168
10 10
10 55
10 44
10 173
10 54
10 119
10 26
10 123
10 106
11 65
11 66
11 80
11 11
11 77
11 78
11 79
11 16
11 20
11 22
11 56
11 89
11 124
11 157
12 96
12 97
12 98
12 67
12 103
12 73
12 12
12 178
12 84
12 24
12 68
13 168
13 13
13 46
13 45
13 16
13 17
13 51
13 53
13 152
13 89
13 29
13 149
14 96
14 32
14 34
14 145
14 41
14 44
14 14
14 60
14 81
14 52
14 57
14 25
14 121
14 124
15 51
15 131
15 36
15 37
15 38
15 39
15 42
15 139
15 45
15 15
15 27
15 17
15 35
15 151
15 49
15 91
15 92
15 29
15 30
16 132
16 46
16 45
16 16
16 152
16 51
16 52
16 149
16 150
16 56
16 53
17 27
17 101
17 49
17 105
17 42
17 139
17 45
17 46
17 109
17 17
17 51
17 116
17 53
17 152
17 148
17 29
17 30
18 160
18 65
18 163
18 69
18 72
18 156
18 138
18 64
18 61
18 18
18 85
18 22
18 87
18 21
18 170
18 149
19 161
19 131
19 100
19 102
19 104
19 50
19 145
19 146
19 19
19 25
19 122
19 28
20 48
20 167
20 168
20 137
20 144
20 110
20 47
20 80
20 82
20 115
20 20
20 23
20 56
20 60
20 157
21 160
21 65
21 163
21 64
21 72
21 156
21 138
21 61
21 78
21 79
21 99
21 149
21 22
21 127
21 21
21 170
21 85
22 160
22 65
22 69
22 71
22 138
22 83
22 22
22 87
22 56
22 121
22 154
22 86
22 62
22 85
23 137
23 23
23 140
23 141
23 110
23 143
23 112
23 82
23 151
23 155
23 158
23 159
24 128
24 97
24 130
24 132
24 103
24 107
24 173
24 142
24 176
24 178
24 67
24 119
24 24
24 123
25 129
25 102
25 145
25 40
25 43
25 50
25 174
25 104
25 146
25 25
25 26
25 28
26 104
26 40
26 165
26 54
26 55
26 167
26 26
26 174
27 161
27 27
27 49
27 105
27 42
27 139
27 147
27 148
27 116
27 91
27 28
27 29
27 30
27 63
28 129
28 43
28 161
28 40
28 169
28 139
28 50
28 28
28 30
29 101
29 49
29 105
29 42
29 139
29 109
29 45
29 46
29 116
29 152
29 148
29 29
29 30
30 161
30 49
30 42
30 139
30 111
30 50
30 30
31 33
31 131
31 164
31 70
31 134
31 171
31 172
31 177
31 52
31 118
31 154
31 155
31 126
31 31
32 32
32 34
32 121
32 133
32 41
32 179
32 180
32 57
32 153
32 52
32 58
32 59
32 60
33 33
33 68
33 133
33 134
33 172
33 177
33 179
33 118
33 120
33 58
33 155
33 126
34 34
34 121
34 104
34 41
34 74
34 78
34 79
34 177
34 179
34 52
34 57
34 153
34 58
34 60
35 162
35 35
35 36
35 37
35 38
35 39
35 51
35 151
35 179
35 59
35 58
36 162
36 36
36 37
36 38
36 39
36 40
36 43
36 108
36 130
36 139
36 155
37 162
37 37
37 38
37 39
37 40
37 43
37 177
37 139
37 59
38 162
38 38
38 39
38 40
38 43
38 109
38 143
38 59
38 155
38 139
39 51
39 162
39 39
39 58
39 59
39 92
40 129
40 139
40 40
40 43
40 177
40 104
41 167
41 41
41 179
41 52
41 57
41 153
41 58
41 59
41 60
41 94
42 161
42 49
42 105
42 42
42 139
42 108
42 45
42 114
42 92
43 129
43 130
43 139
43 177
43 43
44 96
44 119
44 169
44 75
44 108
44 109
44 44
44 176
44 114
44 117
44 55
44 121
44 111
45 45
45 101
45 105
45 106
45 46
45 51
45 148
45 53
45 152
45 89
45 137
46 144
46 46
46 47
46 51
46 149
46 152
46 53
47 48
47 115
47 167
47 168
47 137
47 106
47 47
47 144
47 82
47 179
48 48
48 99
48 81
48 104
48 74
48 167
48 78
48 144
48 113
48 115
48 174
48 52
48 79
48 157
48 95
49 50
49 139
49 49
49 161
49 140
50 161
50 100
50 102
50 145
50 171
50 50
50 146
50 122
51 162
51 137
51 51
51 53
51 152
51 94
52 80
52 57
52 157
52 179
52 52
52 149
52 180
52 58
52 60
52 53
53 82
53 53
53 152
54 96
54 167
54 168
54 177
54 106
54 109
54 144
54 54
54 55
55 96
55 98
55 106
55 119
55 109
55 142
55 168
55 114
55 55
56 80
56 77
56 78
56 79
56 110
56 56
56 89
56 157
57 121
57 66
57 179
57 180
57 57
57 153
57 58
57 59
57 60
58 162
58 179
58 153
58 58
58 59
58 60
59 162
59 91
59 179
59 59
59 60
60 121
60 66
60 179
60 180
60 153
60 60
61 64
61 163
61 136
61 170
61 72
61 180
61 87
61 61
61 85
61 127
62 160
62 65
62 69
62 70
62 71
62 138
62 83
62 149
62 87
62 154
62 86
62 62
63 140
63 169
63 171
63 75
63 108
63 141
63 143
63 112
63 76
63 114
63 117
63 111
63 109
63 63
64 64
64 163
64 180
64 87
64 72
64 170
64 127
64 85
65 160
65 65
65 138
65 87
65 121
65 85
66 66
66 166
66 105
66 77
66 110
66 92
66 89
66 151
66 88
66 90
66 91
66 94
67 96
67 97
67 98
67 67
67 103
67 107
67 173
67 178
67 84
67 68
67 123
68 98
68 68
68 70
68 97
68 73
68 130
68 178
68 84
68 125
69 160
69 69
69 70
69 71
69 138
69 83
69 180
69 87
69 86
70 160
70 155
70 70
70 73
70 71
70 83
70 84
70 149
70 86
70 87
70 154
71 149
71 160
71 83
71 71
71 154
71 87
71 86
72 160
72 163
72 180
72 87
72 72
72 170
72 127
73 73
73 178
73 83
73 84
73 180
73 154
73 124
73 125
74 99
74 133
74 102
74 81
74 74
74 78
74 79
74 113
74 174
74 156
74 157
74 95
75 161
75 98
75 171
75 169
75 75
75 76
75 109
75 111
75 108
75 114
75 180
75 117
76 149
76 98
76 171
76 169
76 76
76 141
76 111
76 108
76 114
76 180
76 117
76 150
76 140
77 91
77 148
77 94
77 89
77 90
77 92
77 77
77 110
78 80
78 99
78 78
78 79
78 81
78 156
78 157
78 85
79 80
79 99
79 79
79 81
79 156
79 157
79 85
80 80
80 99
80 156
80 157
81 149
81 95
81 99
81 113
81 133
81 102
81 81
81 145
81 163
81 127
81 156
81 85
82 167
82 168
82 137
82 106
82 144
82 177
82 82
82 115
82 158
82 159
83 160
83 138
83 86
83 175
83 124
83 83
83 149
83 154
83 125
84 96
84 97
84 98
84 130
84 178
84 84
84 125
85 99
85 164
85 138
85 157
85 163
85 170
85 156
85 85
86 160
86 180
86 154
86 87
86 86
87 138
87 160
87 180
87 87
88 131
88 164
88 165
88 166
88 177
88 120
88 88
88 90
88 91
88 92
88 93
89 110
89 148
89 89
89 90
89 91
89 92
89 94
90 165
90 166
90 179
90 90
90 91
90 92
90 93
90 94
91 165
91 166
91 91
91 92
91 93
91 94
92 165
92 166
92 92
92 93
92 94
93 131
93 164
93 165
93 166
93 177
93 170
93 113
93 150
93 119
93 93
94 137
94 110
94 105
94 151
94 94
95 99
95 102
95 113
95 145
95 174
95 146
95 149
95 104
95 95
96 96
96 97
96 130
96 105
96 119
96 114
96 117
96 116
96 121
97 97
97 98
97 103
97 128
97 107
97 173
97 178
97 123
98 98
98 103
98 107
98 173
98 111
98 153
99 99
99 164
99 113
99 156
99 157
100 161
100 100
100 166
100 134
100 135
100 136
100 169
100 172
100 146
100 116
100 147
100 118
100 120
100 122
101 164
101 101
101 134
101 105
101 173
101 110
101 147
101 116
101 152
101 148
102 131
102 102
102 113
102 145
102 135
102 146
102 104
103 123
103 128
103 107
103 173
103 142
103 176
103 178
103 119
103 132
103 103
104 113
104 174
104 175
104 145
104 146
104 104
105 134
105 105
105 147
105 116
105 148
106 112
106 167
106 109
106 119
106 108
106 114
106 144
106 168
106 115
106 106
107 123
107 128
107 107
107 173
107 142
107 176
107 178
107 132
108 112
108 171
108 169
108 108
108 109
108 111
108 114
108 117
109 109
109 168
109 111
109 112
109 114
109 148
109 117
109 119
110 137
110 151
110 110
110 179
110 158
110 159
111 171
111 169
111 111
111 114
111 117
111 155
112 144
112 168
112 137
112 140
112 162
112 112
112 114
112 143
112 159
112 158
113 165
113 133
113 113
113 145
113 135
113 146
113 136
113 127
114 114
114 169
114 119
114 117
115 144
115 115
115 167
115 168
115 153
116 134
116 172
116 147
116 116
116 118
116 148
117 171
117 169
117 147
117 180
117 117
117 119
117 121
118 155
118 134
118 135
118 172
118 147
118 118
118 120
118 123
118 126
119 119
119 144
119 121
120 133
120 134
120 135
120 136
120 172
120 142
120 120
120 122
120 126
120 127
121 163
121 134
121 136
121 138
121 135
121 172
121 121
121 122
121 127
122 133
122 135
122 136
122 170
122 172
122 146
122 122
122 126
122 127
123 123
123 134
123 173
123 142
123 176
123 132
123 128
124 129
124 130
124 174
124 175
124 154
124 124
124 125
125 129
125 130
125 149
125 175
125 178
125 125
126 133
126 134
126 136
126 135
126 172
126 155
126 126
127 163
127 165
127 170
127 135
127 136
127 127
127 133
128 132
128 128
128 172
128 173
128 142
128 176
128 131
129 130
129 155
129 129
129 174
129 175
130 130
130 169
130 175
131 131
131 132
131 165
131 139
131 176
131 177
131 164
131 155
131 166
132 132
132 173
132 142
132 147
132 176
133 133
133 136
133 135
133 149
134 155
134 134
134 172
134 143
134 147
135 163
135 135
135 136
135 170
135 172
136 163
136 136
136 170
137 137
137 158
137 159
138 160
138 138
138 156
139 161
139 141
139 139
140 171
140 140
140 141
140 143
140 150
140 153
140 159
140 151
140 158
141 171
141 141
141 143
141 150
141 153
141 159
141 151
141 158
142 173
142 142
142 176
143 151
143 143
143 159
143 158
144 144
144 164
144 167
144 168
145 145
145 146
145 174
146 146
146 180
147 161
147 148
147 172
147 147
147 151
148 148
148 176
148 152
149 149
149 169
149 171
149 175
149 150
149 152
150 164
150 165
150 169
150 170
150 171
150 150
151 151
151 158
151 159
152 152
153 179
153 153
154 175
154 154
155 162
155 172
155 177
155 158
155 164
155 155
155 159
156 164
156 157
156 156
157 157
158 158
158 159
159 159
160 160
160 180
161 161
162 162
162 177
162 179
163 163
163 170
164 165
164 164
164 166
164 174
164 177
165 165
165 166
165 177
166 166
166 177
167 167
167 174
167 168
168 168
169 171
169 180
169 169
170 170
171 171
171 180
172 172
173 173
173 176
173 178
174 174
174 175
175 175
175 180
176 176
177 177
178 180
178 178
179 179
180 180
