1 128
1 1
1 131
1 4
1 166
1 107
1 173
1 176
1 123
1 88
1 132
1 90
1 91
1 92
1 126
2 2
2 36
2 137
2 151
2 108
2 110
2 47
2 112
2 20
2 23
2 56
2 158
2 159
3 32
3 129
3 130
3 3
3 101
3 97
3 142
3 175
3 178
3 67
3 46
3 24
3 57
3 33
3 125
4 128
4 107
4 4
4 97
4 103
4 173
4 176
4 88
4 178
4 89
4 24
4 132
4 90
4 123
4 28
5 68
5 5
5 6
5 7
5 73
5 42
5 11
5 12
5 147
5 84
5 56
5 89
5 154
6 6
6 7
6 73
6 11
6 15
6 80
6 83
6 22
6 56
6 154
6 157
7 68
7 7
7 73
7 11
7 12
7 147
7 84
7 56
7 89
7 154
8 96
8 98
8 35
8 8
8 10
8 44
8 14
8 54
8 55
8 153
8 121
8 26
8 106
9 129
9 179
9 41
9 87
9 13
9 46
9 16
9 51
9 53
9 9
9 152
9 26
9 59
9 60
9 58
10 96
10 131
10 164
10 40
10 10
10 55
10 13
10 25
10 54
10 119
10 153
10 121
10 26
11 137
11 11
11 110
11 80
11 17
11 116
11 89
11 56
11 20
11 154
11 125
11 31
12 97
12 98
12 67
12 68
12 73
12 139
12 12
12 178
12 84
12 24
12 103
12 30
13 101
13 74
13 45
13 46
13 13
13 16
13 81
13 51
13 53
13 152
13 58
13 59
13 95
14 96
14 32
14 34
14 135
14 44
14 126
14 14
14 111
14 117
14 57
14 120
14 121
14 60
14 153
15 162
15 35
15 36
15 37
15 39
15 105
15 42
15 139
15 29
15 15
15 80
15 49
15 116
15 17
15 27
15 148
15 154
15 38
15 106
15 30
16 164
16 179
16 46
16 45
16 16
16 53
16 51
16 52
16 149
16 150
16 152
16 58
16 59
16 93
16 127
17 84
17 35
17 134
17 49
17 105
17 42
17 172
17 17
17 147
17 116
17 148
17 27
17 29
17 30
17 31
18 160
18 65
18 163
18 69
18 72
18 64
18 138
18 18
18 51
18 85
18 22
18 87
18 156
18 61
18 21
19 161
19 132
19 100
19 166
19 102
19 40
19 146
19 145
19 50
19 19
19 88
19 25
19 122
19 28
19 126
20 37
20 38
20 137
20 125
20 78
20 47
20 80
20 82
20 115
20 20
20 105
20 56
20 79
20 124
20 157
21 160
21 65
21 99
21 69
21 51
21 72
21 64
21 138
21 45
21 61
21 81
21 163
21 85
21 22
21 87
21 127
21 156
21 170
21 21
22 160
22 65
22 22
22 70
22 71
22 138
22 157
22 83
22 86
22 154
22 29
22 62
22 85
23 33
23 137
23 151
23 108
23 109
23 110
23 143
23 112
23 23
23 159
23 158
23 63
24 128
24 97
24 67
24 103
24 107
24 173
24 142
24 176
24 49
24 178
24 24
24 123
25 102
25 104
25 43
25 146
25 145
25 50
25 149
25 150
25 40
25 25
25 26
25 28
26 96
26 166
26 40
26 43
26 179
26 180
26 54
26 55
26 153
26 90
26 28
26 26
27 161
27 148
27 35
27 37
27 38
27 49
27 105
27 42
27 139
27 142
27 147
27 84
27 73
27 116
27 134
27 27
27 29
27 30
27 31
28 161
28 107
28 40
28 43
28 146
28 173
28 50
28 139
28 123
28 28
28 90
28 30
28 36
29 70
29 82
29 83
29 148
29 152
29 29
29 101
29 162
29 35
29 37
29 38
29 39
29 105
29 42
29 45
29 115
29 116
29 55
29 125
30 161
30 43
30 36
30 49
30 42
30 139
30 147
30 116
30 117
30 153
30 30
31 33
31 155
31 134
31 105
31 172
31 109
31 147
31 148
31 56
31 116
31 154
31 31
32 32
32 34
32 52
32 179
32 41
32 57
32 58
32 59
32 60
33 33
33 68
33 134
33 161
33 105
33 172
33 49
33 114
33 147
33 116
33 117
33 118
33 158
33 159
34 96
34 34
34 121
34 136
34 169
34 44
34 52
34 41
34 153
34 57
34 60
35 162
35 35
35 36
35 37
35 38
35 39
35 168
35 42
35 167
35 47
36 36
36 37
36 38
36 40
36 139
36 108
36 162
36 110
36 112
36 43
37 162
37 37
37 38
37 39
37 43
37 139
38 162
38 38
38 39
38 43
38 139
39 162
39 39
39 45
39 175
39 148
39 152
39 156
39 69
40 139
40 40
40 43
40 176
40 104
40 57
40 91
40 92
41 179
41 52
41 57
41 41
41 58
41 59
41 60
41 61
42 161
42 134
42 49
42 105
42 42
42 172
42 147
42 116
42 148
43 161
43 171
43 103
43 139
43 140
43 141
43 43
44 96
44 106
44 44
44 109
44 111
44 49
44 114
44 117
44 54
44 55
44 121
45 162
45 101
45 45
45 46
45 177
45 51
45 148
45 119
45 152
45 53
46 130
46 164
46 101
46 177
46 46
46 113
46 51
46 149
46 152
46 163
46 59
46 93
46 53
47 144
47 167
47 168
47 106
47 175
47 48
47 82
47 115
47 47
47 124
47 125
48 144
48 129
48 99
48 101
48 104
48 74
48 78
48 175
48 48
48 82
48 115
48 174
48 119
48 95
49 97
49 134
49 49
49 172
49 114
49 161
49 178
49 147
49 116
49 118
49 89
50 161
50 100
50 102
50 135
50 136
50 50
50 145
50 146
50 153
50 122
50 126
51 162
51 101
51 51
51 87
51 152
51 59
51 53
51 85
52 146
52 179
52 52
52 149
52 150
52 57
52 58
52 59
52 60
53 98
53 101
53 70
53 138
53 53
53 152
53 58
53 155
54 96
54 162
54 106
54 119
54 174
54 168
54 54
54 55
54 153
54 121
55 96
55 167
55 168
55 106
55 55
55 119
55 121
56 137
56 110
56 80
56 56
56 89
56 125
57 170
57 179
57 57
57 58
57 59
57 60
58 130
58 72
58 179
58 58
58 59
58 60
59 179
59 133
59 72
59 59
59 60
60 170
60 146
60 179
60 60
61 64
61 65
61 163
61 133
61 72
61 170
61 177
61 179
61 87
61 61
61 127
62 160
62 65
62 98
62 69
62 70
62 71
62 138
62 83
62 148
62 87
62 154
62 86
62 62
63 75
63 140
63 139
63 76
63 77
63 110
63 143
63 141
63 171
63 151
63 159
63 94
63 158
63 63
64 64
64 65
64 163
64 164
64 133
64 72
64 170
64 177
64 87
64 127
65 65
65 162
65 69
65 71
65 72
65 138
65 160
65 87
65 86
65 85
66 161
66 66
66 166
66 140
66 141
66 77
66 143
66 88
66 89
66 90
66 91
66 92
66 94
67 172
67 97
67 98
67 68
67 103
67 73
67 107
67 173
67 178
67 67
67 84
68 98
68 68
68 70
68 97
68 73
68 84
68 154
69 160
69 69
69 70
69 138
69 71
69 86
69 87
69 101
70 160
70 98
70 70
70 71
70 83
70 84
70 87
70 154
70 86
71 160
71 98
71 71
71 138
71 83
71 148
71 87
71 155
71 86
72 163
72 133
72 72
72 170
72 87
72 127
73 97
73 73
73 84
73 89
73 154
74 99
74 102
74 113
74 74
74 78
74 79
74 145
74 152
74 95
74 156
74 157
74 81
75 161
75 171
75 108
75 75
75 76
75 141
75 143
75 114
75 117
75 169
75 111
75 140
75 109
76 171
76 100
76 169
76 140
76 141
76 143
76 76
76 180
76 117
76 111
77 141
77 110
77 118
77 89
77 90
77 140
77 77
77 94
77 143
78 80
78 99
78 78
78 79
78 81
78 82
78 85
78 155
78 156
78 157
79 99
79 79
79 80
79 81
79 82
79 157
79 155
79 156
79 138
80 137
80 80
80 157
80 83
80 125
81 99
81 133
81 113
81 81
81 163
81 127
81 156
81 85
81 95
82 144
82 99
82 168
82 157
82 82
82 115
82 148
82 124
83 160
83 138
83 83
83 154
83 157
84 97
84 98
84 84
84 154
85 160
85 99
85 163
85 138
85 87
85 156
85 85
86 160
86 162
86 138
86 87
86 86
87 170
87 160
87 87
88 131
88 165
88 166
88 150
88 88
88 132
88 90
88 91
88 92
89 172
89 89
89 94
90 166
90 90
90 91
90 92
90 94
91 166
91 140
91 141
91 180
91 94
91 150
91 91
91 92
91 126
92 165
92 166
92 140
92 141
92 180
92 149
92 150
92 92
92 94
93 131
93 164
93 165
93 166
93 177
93 145
93 102
93 149
93 150
93 93
94 161
94 140
94 141
94 151
94 143
94 94
95 129
95 130
95 102
95 113
95 104
95 145
95 174
95 146
95 144
95 119
95 95
96 96
96 106
96 98
96 153
96 121
97 97
97 98
97 103
97 107
97 173
97 178
97 123
98 98
98 103
98 147
98 153
98 121
99 162
99 99
99 101
99 113
99 157
99 156
99 138
100 128
100 161
100 100
100 135
100 136
100 169
100 171
100 172
100 118
100 120
100 122
100 126
101 164
101 177
101 105
101 116
101 152
101 148
101 155
101 101
102 130
102 102
102 145
102 104
102 146
102 113
102 179
103 128
103 103
103 161
103 107
103 173
103 176
103 178
103 132
103 123
104 129
104 130
104 177
104 144
104 174
104 145
104 146
104 119
104 104
105 148
105 167
105 105
105 147
105 116
105 124
106 144
106 167
106 106
106 119
106 108
106 109
106 112
106 168
106 114
106 115
106 117
106 121
107 128
107 107
107 173
107 142
107 176
107 178
107 123
107 132
108 172
108 108
108 109
108 111
108 112
108 114
108 117
108 118
108 151
108 158
108 159
109 167
109 168
109 109
109 111
109 112
109 114
109 117
109 151
110 137
110 110
110 112
110 151
110 158
110 159
111 139
111 169
111 171
111 112
111 114
111 117
111 111
112 168
112 151
112 112
112 114
112 117
112 158
112 159
113 163
113 133
113 113
113 145
113 146
113 127
113 156
114 114
114 117
114 169
114 151
114 158
115 144
115 167
115 168
115 174
115 115
115 119
115 175
115 124
116 155
116 134
116 172
116 147
116 116
116 118
116 148
117 117
117 169
117 151
118 134
118 172
118 147
118 118
118 120
118 155
118 126
119 144
119 167
119 119
119 174
119 168
120 120
120 126
120 133
120 135
120 136
120 122
120 170
120 127
121 121
121 153
122 136
122 142
122 135
122 122
122 146
122 126
122 127
123 128
123 123
123 173
123 142
123 176
123 178
123 132
124 129
124 130
124 167
124 168
124 174
124 175
124 124
124 125
125 129
125 130
125 167
125 125
125 174
125 175
126 128
126 135
126 136
126 172
126 126
127 163
127 133
127 170
127 135
127 179
127 136
127 127
128 128
128 132
128 173
128 142
128 176
129 129
129 130
129 174
129 175
129 145
130 130
130 174
130 142
130 175
130 145
131 176
131 131
131 132
131 165
131 166
131 177
131 164
132 173
132 142
132 176
132 132
133 163
133 133
133 170
133 135
133 136
134 155
134 134
134 137
134 172
134 147
135 136
135 135
135 170
136 136
136 170
136 142
137 137
137 153
137 151
137 158
137 159
138 160
138 156
138 138
138 157
139 161
139 139
140 169
140 140
140 141
140 180
140 171
140 143
141 166
141 141
141 180
141 171
141 169
141 143
142 176
142 173
142 142
142 179
143 161
143 171
143 169
143 158
143 143
143 151
143 159
144 144
144 162
144 167
144 168
144 174
144 175
145 165
145 145
145 146
146 146
146 149
147 172
147 161
147 147
148 155
148 153
148 148
149 180
149 165
149 166
149 149
149 150
150 180
150 164
150 165
150 166
150 150
151 158
151 151
151 172
151 159
152 162
152 164
152 177
152 152
153 164
153 153
154 154
155 164
155 174
155 177
155 155
155 157
156 157
156 156
157 157
158 159
158 158
159 159
160 160
160 162
161 161
162 162
163 163
163 170
164 164
164 177
164 165
165 166
165 177
165 165
166 166
167 167
167 168
167 174
167 175
168 168
168 174
169 171
169 169
169 180
170 170
171 180
171 171
172 172
173 173
173 176
173 178
174 174
174 175
175 175
176 176
177 177
178 178
179 179
180 180
