1 128
1 1
1 66
1 131
1 4
1 107
1 173
1 176
1 35
1 139
1 132
1 90
1 123
2 112
2 2
2 158
2 151
2 159
2 137
2 23
2 94
2 77
2 110
2 37
3 128
3 129
3 130
3 3
3 142
3 175
3 176
3 14
3 118
3 24
3 124
3 125
4 162
4 67
4 4
4 97
4 103
4 12
4 173
4 15
4 27
4 178
4 107
4 123
5 68
5 5
5 6
5 7
5 73
5 11
5 12
5 80
5 84
5 56
5 154
5 59
6 6
6 7
6 11
6 79
6 80
6 148
6 22
6 56
6 20
6 154
6 157
7 68
7 7
7 73
7 11
7 12
7 80
7 84
7 105
7 56
7 89
7 154
8 96
8 168
8 26
8 116
8 54
8 55
8 8
8 10
8 167
8 44
8 106
9 32
9 179
9 41
9 13
9 46
9 16
9 51
9 52
9 53
9 154
9 9
9 152
9 57
9 58
9 59
9 60
9 157
10 96
10 98
10 104
10 10
10 119
10 174
10 54
10 55
10 121
10 26
10 58
11 80
11 20
11 56
11 89
11 154
11 11
11 157
11 29
12 97
12 67
12 134
12 73
12 103
12 12
12 173
12 178
12 51
12 84
12 24
12 68
12 179
13 144
13 101
13 73
13 29
13 13
13 46
13 45
13 16
13 152
13 51
13 148
13 53
13 24
13 179
13 59
13 58
14 96
14 32
14 34
14 133
14 40
14 41
14 44
14 130
14 14
14 146
14 52
14 57
14 87
14 153
14 121
14 169
15 162
15 35
15 36
15 37
15 38
15 39
15 42
15 139
15 15
15 49
15 17
15 27
15 29
15 30
16 65
16 98
16 101
16 70
16 71
16 46
16 45
16 16
16 51
16 180
16 149
16 150
16 152
16 52
17 161
17 162
17 35
17 132
17 39
17 105
17 42
17 49
17 147
17 116
17 17
17 148
17 27
17 29
17 30
18 160
18 65
18 163
18 69
18 72
18 64
18 138
18 86
18 61
18 81
18 18
18 52
18 85
18 22
18 87
18 127
18 156
18 170
18 21
19 161
19 131
19 100
19 166
19 102
19 145
19 40
19 50
19 49
19 146
19 19
19 25
19 122
19 28
20 144
20 168
20 137
20 110
20 47
20 80
20 157
20 82
20 115
20 20
20 56
20 29
21 160
21 65
21 99
21 69
21 72
21 64
21 138
21 61
21 81
21 163
21 52
21 85
21 86
21 87
21 127
21 156
21 170
21 21
22 160
22 65
22 70
22 71
22 156
22 138
22 78
22 79
22 83
22 22
22 57
22 154
22 60
22 157
22 62
23 36
23 137
23 151
23 108
23 109
23 110
23 143
23 112
23 158
23 23
23 159
23 94
23 63
24 128
24 97
24 67
24 132
24 103
24 107
24 142
24 173
24 176
24 178
24 24
24 123
24 125
25 129
25 130
25 102
25 145
25 40
25 43
25 146
25 104
25 50
25 25
25 26
25 155
25 28
26 32
26 165
26 104
26 43
26 40
26 54
26 55
26 26
26 28
27 161
27 162
27 35
27 132
27 38
27 49
27 105
27 42
27 39
27 110
27 147
27 139
27 137
27 27
27 29
27 30
27 116
28 161
28 131
28 36
28 40
28 139
28 146
28 43
28 50
28 28
28 30
29 162
29 147
29 101
29 39
29 105
29 51
29 173
29 45
29 116
29 152
29 29
29 148
30 161
30 35
30 36
30 37
30 38
30 49
30 42
30 139
30 158
30 43
30 30
31 33
31 164
31 101
31 134
31 54
31 172
31 177
31 82
31 118
31 155
31 126
31 31
32 57
32 32
32 34
32 41
32 138
32 83
32 125
32 175
32 179
32 52
32 53
32 153
32 59
32 60
32 58
33 33
33 147
33 116
33 155
33 118
33 177
33 134
33 55
33 172
33 126
34 129
34 34
34 69
34 169
34 57
34 44
34 142
34 52
34 86
34 41
34 153
34 121
34 60
35 162
35 35
35 36
35 37
35 38
35 39
35 110
36 162
36 36
36 37
36 38
36 39
36 40
36 43
36 139
36 158
36 159
37 37
37 38
37 39
37 40
37 137
37 43
37 162
37 139
38 162
38 38
38 39
38 43
38 110
38 139
39 162
39 39
39 59
39 119
39 56
39 132
40 129
40 139
40 166
40 40
40 169
40 43
40 76
40 88
40 155
41 179
41 41
41 60
41 78
41 79
41 51
41 52
41 153
41 57
41 58
41 59
41 124
41 53
42 147
42 161
42 100
42 49
42 42
42 139
42 109
42 158
42 112
42 77
42 94
43 161
43 131
43 139
43 43
43 90
43 63
44 96
44 100
44 135
44 108
44 44
44 109
44 111
44 112
44 114
44 117
44 55
44 121
45 115
45 101
45 167
45 73
45 45
45 46
45 51
45 116
45 54
45 105
45 152
45 148
45 154
46 48
46 99
46 101
46 138
46 46
46 51
46 148
46 149
46 152
46 52
46 62
47 48
47 167
47 168
47 106
47 110
47 47
47 144
47 82
47 115
47 148
47 119
48 144
48 99
48 167
48 104
48 74
48 174
48 78
48 79
48 48
48 82
48 115
48 175
48 124
48 95
49 96
49 161
49 100
49 49
49 139
49 108
49 50
49 114
50 161
50 100
50 102
50 145
50 169
50 171
50 50
50 146
50 122
51 97
51 101
51 51
51 179
51 53
51 152
51 58
51 59
51 60
52 160
52 71
52 74
52 81
52 52
52 179
52 180
52 53
52 57
52 95
52 60
52 85
52 149
53 101
53 134
53 53
53 73
53 153
53 57
53 60
54 96
54 167
54 168
54 106
54 119
54 174
54 144
54 54
54 55
55 96
55 121
55 167
55 106
55 119
55 172
55 109
55 144
55 168
55 148
55 55
55 116
56 137
56 110
56 80
56 56
56 89
56 134
57 68
57 57
57 60
57 174
57 179
57 84
57 153
57 58
57 59
57 156
58 103
58 178
58 179
58 58
58 59
58 60
59 123
59 179
59 107
59 59
59 60
60 99
60 179
60 60
60 153
60 124
61 64
61 65
61 163
61 133
61 135
61 136
61 177
61 170
61 72
61 87
61 121
61 127
61 61
61 149
62 160
62 98
62 69
62 70
62 71
62 138
62 83
62 87
62 154
62 86
62 62
63 75
63 76
63 108
63 141
63 143
63 114
63 151
63 140
63 159
63 158
63 63
64 64
64 65
64 163
64 133
64 135
64 136
64 170
64 72
64 87
64 127
64 149
65 65
65 69
65 138
65 160
65 87
65 156
65 85
66 66
66 166
66 161
66 77
66 158
66 151
66 88
66 89
66 90
66 91
66 92
66 94
67 97
67 98
67 67
67 103
67 73
67 107
67 173
67 178
67 84
67 118
67 68
68 97
68 98
68 68
68 70
68 73
68 84
68 154
69 160
69 98
69 69
69 70
69 71
69 72
69 138
69 86
69 87
69 85
70 160
70 98
70 70
70 71
70 138
70 83
70 84
70 87
70 154
70 86
71 160
71 98
71 71
71 138
71 83
71 87
71 86
72 163
72 164
72 72
72 170
72 87
72 121
72 127
72 133
73 97
73 73
73 178
73 84
73 154
73 125
74 99
74 102
74 113
74 74
74 78
74 79
74 145
74 85
74 95
74 156
74 81
75 171
75 169
75 75
75 76
75 141
75 143
75 108
75 114
75 180
75 117
75 111
75 120
75 140
76 171
76 169
76 140
76 141
76 111
76 76
76 136
76 180
76 149
76 150
76 143
76 117
77 137
77 110
77 77
77 158
77 151
77 88
77 89
77 90
77 94
77 159
78 80
78 99
78 157
78 78
78 79
78 81
78 82
78 83
78 85
78 156
78 138
79 80
79 99
79 157
79 79
79 81
79 82
79 85
79 156
79 138
80 80
80 82
80 115
80 148
80 157
81 163
81 113
81 81
81 99
81 127
81 156
81 85
81 95
82 167
82 168
82 144
82 82
82 115
82 119
82 157
83 160
83 86
83 138
83 83
83 85
83 154
83 124
83 125
84 97
84 98
84 84
84 152
84 154
85 160
85 99
85 113
85 87
85 163
85 156
85 138
85 85
86 160
86 98
86 138
86 86
86 87
87 170
87 160
87 87
88 131
88 165
88 166
88 141
88 88
88 120
88 90
88 91
88 92
88 93
88 94
89 139
89 94
89 89
89 137
89 90
89 110
90 166
90 143
90 90
90 91
90 92
90 94
91 131
91 164
91 165
91 166
91 177
91 140
91 141
91 143
91 120
91 91
91 92
91 93
91 94
92 131
92 164
92 165
92 166
92 177
92 140
92 141
92 143
92 120
92 92
92 93
92 94
93 131
93 164
93 133
93 166
93 177
93 102
93 155
93 149
93 150
93 93
93 165
94 137
94 151
94 143
94 110
94 158
94 94
94 159
95 129
95 99
95 102
95 113
95 104
95 145
95 174
95 175
95 146
95 95
96 96
96 109
96 114
96 120
96 121
96 106
97 128
97 97
97 98
97 103
97 107
97 173
97 176
97 178
97 118
97 105
97 123
98 98
98 153
99 99
99 113
99 156
99 157
99 138
100 161
100 100
100 135
100 136
100 172
100 146
100 143
100 117
100 120
100 122
100 126
101 164
101 101
101 134
101 105
101 172
101 157
101 116
101 152
101 148
102 145
102 102
102 113
102 104
102 146
103 128
103 103
103 107
103 173
103 176
103 178
103 116
103 132
103 123
104 129
104 130
104 104
104 174
104 175
104 145
104 146
104 149
104 124
105 134
105 105
105 172
105 178
105 147
105 148
105 152
105 116
106 144
106 115
106 167
106 168
106 108
106 106
106 119
106 172
106 109
106 112
106 114
106 147
107 123
107 128
107 107
107 173
107 176
107 178
107 147
107 132
108 108
108 109
108 111
108 112
108 114
108 117
108 159
108 158
109 109
109 111
109 112
109 114
109 117
109 121
109 158
109 159
110 137
110 151
110 110
110 112
110 158
110 159
111 171
111 169
111 143
111 114
111 117
111 120
111 121
111 111
112 168
112 151
112 112
112 114
112 117
112 158
112 159
113 163
113 164
113 113
113 145
113 146
113 127
114 161
114 114
114 117
114 169
114 121
114 151
114 158
115 144
115 167
115 168
115 115
115 119
116 134
116 172
116 147
116 116
116 118
116 148
117 171
117 169
117 117
117 121
118 147
118 134
118 135
118 172
118 118
118 120
118 155
118 126
119 167
119 168
119 119
119 144
120 133
120 135
120 136
120 170
120 140
120 141
120 120
120 122
120 126
120 127
121 153
121 121
122 166
122 135
122 136
122 170
122 146
122 122
122 126
122 127
123 128
123 173
123 142
123 176
123 178
123 123
123 132
124 129
124 130
124 167
124 174
124 175
124 124
124 178
124 125
125 129
125 130
125 174
125 175
125 178
125 142
125 125
126 128
126 134
126 135
126 136
126 172
126 143
126 176
126 126
127 163
127 133
127 170
127 135
127 136
127 127
127 149
128 128
128 132
128 173
128 142
128 176
128 178
129 129
129 145
129 130
129 174
129 175
129 180
129 142
130 130
130 174
130 175
130 145
130 142
130 150
131 131
131 132
131 165
131 166
131 177
131 155
132 132
132 173
132 142
132 178
132 176
133 163
133 133
133 135
133 170
133 136
134 147
134 134
134 172
134 148
134 155
135 166
135 135
135 136
135 170
136 163
136 136
136 170
137 137
137 151
137 158
137 159
138 156
138 138
138 160
138 157
139 139
139 161
139 158
140 171
140 166
140 169
140 140
140 141
140 143
140 151
141 171
141 166
141 169
141 141
141 143
141 180
141 151
142 142
142 176
142 149
143 151
143 171
143 166
143 158
143 159
143 169
143 143
144 144
144 167
144 168
144 174
144 152
145 165
145 145
145 146
146 146
147 172
147 173
147 147
147 148
148 168
148 152
148 148
149 149
149 164
149 169
149 171
149 150
149 180
150 164
150 165
150 169
150 170
150 171
150 180
150 150
151 151
151 158
151 153
151 159
152 152
153 177
153 153
153 158
154 154
155 164
155 165
155 177
155 155
156 157
156 156
157 179
157 157
158 158
158 159
159 159
160 160
161 161
162 162
163 163
163 164
163 170
164 165
164 164
164 166
164 177
165 165
165 166
165 177
166 166
166 177
167 167
167 174
167 168
167 175
168 168
169 171
169 180
169 169
170 170
171 171
171 180
172 172
173 173
173 176
173 178
174 174
174 175
175 175
176 176
176 178
177 177
178 178
179 179
180 180
