1 123
1 1
1 131
1 4
1 37
1 166
1 128
1 107
1 173
1 176
1 91
1 35
1 88
1 132
1 90
1 38
1 92
2 2
2 101
2 137
2 110
2 47
2 112
2 82
2 115
2 20
2 23
2 155
2 158
2 159
3 128
3 123
3 130
3 3
3 149
3 103
3 24
3 176
3 107
3 173
3 142
4 128
4 132
4 123
4 4
4 97
4 107
4 173
4 176
4 178
4 89
4 103
4 29
4 39
5 67
5 68
5 5
5 6
5 7
5 73
5 11
5 12
5 178
5 84
5 89
5 154
5 155
6 6
6 7
6 11
6 46
6 80
6 83
6 20
6 22
6 56
6 154
6 124
6 157
7 68
7 84
7 7
7 56
7 41
7 154
7 11
7 12
7 73
8 96
8 8
8 10
8 55
8 44
8 168
8 54
8 119
8 152
8 121
8 26
8 106
9 32
9 115
9 179
9 103
9 9
9 167
9 13
9 46
9 16
9 178
9 51
9 52
9 53
9 41
9 152
9 57
9 58
9 59
9 60
10 96
10 98
10 131
10 168
10 106
10 55
10 58
10 54
10 119
10 121
10 26
10 10
11 137
11 11
11 80
11 179
11 20
11 56
11 154
11 124
11 157
12 97
12 98
12 67
12 68
12 73
12 103
12 12
12 178
12 84
12 24
12 57
12 60
13 101
13 103
13 45
13 46
13 13
13 16
13 51
13 53
13 54
13 152
13 179
13 59
13 58
14 96
14 32
14 34
14 163
14 69
14 41
14 87
14 44
14 14
14 52
14 57
14 153
14 121
14 60
14 127
15 162
15 35
15 36
15 37
15 38
15 39
15 42
15 139
15 108
15 15
15 49
15 17
15 43
15 27
15 29
15 30
16 164
16 179
16 46
16 45
16 16
16 124
16 51
16 84
16 149
16 150
16 152
16 52
16 60
16 157
17 162
17 35
17 17
17 101
17 39
17 105
17 42
17 45
17 49
17 147
17 116
17 30
17 148
17 27
17 29
17 94
18 160
18 65
18 34
18 163
18 69
18 72
18 64
18 138
18 86
18 61
18 18
18 85
18 22
18 87
18 156
18 170
18 21
19 161
19 100
19 102
19 40
19 50
19 145
19 146
19 19
19 88
19 25
19 122
19 28
20 144
20 167
20 168
20 137
20 47
20 80
20 82
20 115
20 20
20 56
20 58
20 157
21 160
21 65
21 34
21 163
21 69
21 81
21 72
21 64
21 138
21 61
21 177
21 99
21 85
21 22
21 87
21 127
21 156
21 170
21 21
22 160
22 65
22 70
22 71
22 138
22 80
22 83
22 52
22 22
22 154
22 62
22 85
23 39
23 137
23 23
23 108
23 66
23 110
23 77
23 112
23 82
23 158
23 151
23 109
23 94
23 159
24 128
24 97
24 67
24 132
24 101
24 103
24 41
24 107
24 173
24 142
24 176
24 178
24 24
24 123
24 60
25 129
25 34
25 102
25 40
25 146
25 145
25 50
25 25
25 26
25 28
25 104
25 95
26 104
26 131
26 54
26 40
26 55
26 28
26 26
26 43
27 161
27 37
27 38
27 49
27 105
27 42
27 139
27 44
27 147
27 116
27 151
27 148
27 27
27 29
27 30
28 161
28 43
28 40
28 171
28 50
28 146
28 139
28 28
28 30
29 162
29 35
29 101
29 49
29 105
29 42
29 39
29 45
29 77
29 116
29 152
29 148
29 29
30 161
30 43
30 36
30 49
30 40
30 42
30 139
30 141
30 50
30 121
30 30
31 33
31 67
31 134
31 31
31 105
31 172
31 177
31 147
31 116
31 126
31 118
31 89
31 155
31 94
31 63
32 32
32 34
32 99
32 41
32 57
32 125
32 78
32 175
32 59
32 179
32 180
32 153
32 52
32 154
32 79
32 60
32 58
33 33
33 134
33 172
33 141
33 173
33 147
33 116
33 118
33 120
33 155
33 126
34 129
34 34
34 133
34 70
34 71
34 41
34 57
34 160
34 44
34 145
34 121
34 169
34 153
34 60
34 102
34 52
35 162
35 35
35 36
35 37
35 38
35 39
35 42
35 109
35 66
35 51
35 94
36 162
36 36
36 37
36 38
36 39
36 40
36 43
36 143
36 139
36 111
36 121
37 162
37 37
37 38
37 39
37 43
37 108
37 139
38 162
38 38
38 39
38 43
38 114
38 139
39 162
39 39
39 45
39 51
39 159
40 131
40 166
40 104
40 139
40 40
40 43
41 41
41 179
41 52
41 53
41 57
41 58
41 59
41 60
41 153
42 96
42 49
42 105
42 42
42 147
42 116
42 148
43 161
43 75
43 139
43 43
43 92
43 90
44 96
44 169
44 111
44 108
44 109
44 44
44 114
44 117
44 55
44 121
45 162
45 101
45 106
45 103
45 45
45 46
45 51
45 148
45 152
46 80
46 164
46 73
46 46
46 179
46 149
46 152
46 58
46 59
46 53
46 51
47 48
47 167
47 168
47 137
47 106
47 47
47 144
47 82
47 115
47 59
48 144
48 99
48 81
48 167
48 104
48 74
48 174
48 79
48 48
48 177
48 115
48 78
48 57
48 175
48 157
48 95
49 161
49 134
49 49
49 105
49 139
49 143
49 147
49 116
50 161
50 100
50 166
50 102
50 135
50 171
50 146
50 145
50 50
50 122
51 123
51 101
51 107
51 51
51 53
51 152
51 179
51 59
51 58
52 57
52 179
52 74
52 60
52 83
52 52
52 85
52 180
52 58
52 156
52 138
52 62
52 149
53 179
53 82
53 57
53 152
53 153
53 60
53 53
54 96
54 167
54 168
54 106
54 55
54 144
54 54
54 119
55 96
55 106
55 119
55 109
55 144
55 168
55 55
55 121
55 155
56 137
56 110
56 79
56 80
56 157
56 56
56 58
56 154
57 97
57 67
57 57
57 174
57 179
57 73
57 153
57 180
57 58
57 59
57 124
57 60
58 123
58 179
58 167
58 58
58 59
58 60
59 179
59 115
59 59
59 60
60 179
60 60
60 153
61 64
61 163
61 69
61 136
61 170
61 72
61 150
61 87
61 61
61 127
62 160
62 65
62 69
62 70
62 71
62 138
62 83
62 87
62 154
62 86
62 62
63 75
63 108
63 171
63 139
63 76
63 141
63 63
63 143
63 140
63 117
63 169
63 111
63 151
64 64
64 163
64 69
64 135
64 136
64 170
64 72
64 150
64 87
64 127
65 160
65 65
65 164
65 85
65 138
65 156
65 69
66 66
66 151
66 77
66 110
66 143
66 94
66 89
66 90
66 91
66 92
66 158
66 159
67 97
67 98
67 67
67 68
67 103
67 73
67 107
67 173
67 178
67 84
68 97
68 98
68 68
68 70
68 73
68 84
68 154
68 155
69 69
69 70
69 71
69 72
69 138
69 160
69 86
69 87
70 160
70 70
70 71
70 98
70 83
70 84
70 87
70 154
70 86
70 130
71 160
71 164
71 98
71 71
71 138
71 130
71 83
71 87
71 86
72 165
72 163
72 87
72 72
72 170
72 127
73 97
73 73
73 178
73 84
73 154
73 124
73 125
74 81
74 99
74 113
74 74
74 79
74 156
74 157
74 78
74 95
75 75
75 169
75 171
75 140
75 141
75 143
75 76
75 114
75 180
75 117
75 118
75 111
76 161
76 171
76 169
76 140
76 141
76 111
76 76
76 180
76 117
76 150
76 143
77 105
77 151
77 162
77 110
77 77
77 158
77 137
77 89
77 94
77 159
78 80
78 99
78 78
78 79
78 81
78 85
78 157
78 156
78 138
79 80
79 99
79 164
79 79
79 81
79 85
79 157
79 156
79 138
80 80
80 99
80 157
81 163
81 133
81 113
81 127
81 81
81 99
81 95
81 156
81 85
81 149
82 167
82 168
82 137
82 106
82 144
82 82
82 115
82 152
82 159
83 160
83 130
83 138
83 86
83 175
83 83
83 85
83 154
83 124
83 125
84 97
84 98
84 84
84 154
84 125
85 160
85 163
85 138
85 99
85 156
85 157
85 85
86 160
86 98
86 164
86 138
86 86
86 87
87 160
87 138
87 170
87 87
88 131
88 165
88 166
88 135
88 177
88 93
88 120
88 150
88 88
88 122
88 91
88 92
88 90
89 151
89 137
89 89
89 158
89 94
89 110
90 131
90 166
90 140
90 141
90 90
90 91
90 92
90 94
91 166
91 151
91 161
91 91
91 92
91 141
91 140
92 165
92 166
92 161
92 140
92 141
92 151
92 92
92 93
93 131
93 164
93 165
93 166
93 177
93 104
93 113
93 149
93 150
93 93
94 151
94 140
94 141
94 110
94 94
94 143
94 159
94 158
95 129
95 99
95 113
95 165
95 102
95 145
95 104
95 174
95 146
95 149
95 95
96 96
96 98
96 119
96 109
96 117
96 121
97 97
97 98
97 103
97 107
97 173
97 178
97 123
98 98
98 103
98 153
99 99
99 113
99 157
99 156
99 138
100 161
100 100
100 134
100 135
100 136
100 169
100 171
100 172
100 147
100 118
100 120
100 122
100 126
101 164
101 101
101 105
101 110
101 148
101 137
101 116
101 152
101 155
102 145
102 102
102 113
102 104
102 122
102 146
103 128
103 103
103 107
103 142
103 176
103 173
103 178
103 132
103 123
104 129
104 130
104 165
104 113
104 174
104 175
104 145
104 146
104 104
105 134
105 105
105 147
105 116
105 148
106 144
106 167
106 119
106 114
106 109
106 112
106 168
106 115
106 106
107 123
107 179
107 128
107 107
107 173
107 142
107 176
107 178
107 132
108 111
108 108
108 109
108 143
108 112
108 114
108 117
108 158
108 159
109 168
109 109
109 111
109 112
109 114
109 148
109 117
109 119
109 158
109 159
110 137
110 110
110 112
110 158
110 159
111 171
111 140
111 169
111 141
111 143
111 114
111 117
111 111
111 121
112 168
112 137
112 162
112 112
112 114
112 158
112 159
113 163
113 133
113 113
113 145
113 146
113 127
113 156
114 114
114 117
114 158
114 159
115 144
115 167
115 168
115 174
115 115
115 119
116 155
116 134
116 172
116 176
116 147
116 116
116 118
116 148
117 139
117 169
117 171
117 117
117 121
118 134
118 135
118 172
118 141
118 176
118 147
118 118
118 120
118 155
118 126
119 167
119 168
119 119
119 142
119 144
119 152
119 121
120 133
120 135
120 136
120 170
120 172
120 142
120 120
120 122
120 126
120 127
121 153
121 121
122 136
122 135
122 145
122 170
122 172
122 146
122 122
122 126
122 127
123 123
123 128
123 173
123 142
123 176
123 178
123 132
124 129
124 130
124 167
124 174
124 175
124 124
124 125
125 129
125 130
125 175
125 178
125 174
125 125
126 133
126 135
126 136
126 172
126 180
126 126
127 163
127 133
127 170
127 135
127 136
127 150
127 127
128 128
128 134
128 173
128 142
128 176
128 132
129 129
129 130
129 145
129 175
129 174
130 130
130 174
130 175
130 180
131 131
131 132
131 165
131 166
131 177
131 176
131 136
132 162
132 173
132 142
132 176
132 132
133 136
133 163
133 133
133 170
133 135
134 134
134 172
134 147
134 151
134 148
134 155
135 135
135 136
135 170
135 172
136 163
136 136
136 170
137 137
137 158
137 159
138 160
138 164
138 156
138 138
138 157
139 161
139 139
140 171
140 169
140 140
140 141
140 172
140 151
140 143
141 151
141 171
141 141
141 172
141 169
141 143
142 173
142 142
142 176
142 149
143 171
143 147
143 158
143 169
143 143
143 151
143 159
144 144
144 167
144 168
144 174
144 153
145 145
145 146
145 180
146 146
146 180
147 172
147 161
147 147
147 151
147 148
148 173
148 152
148 148
148 158
149 149
149 164
149 165
149 171
149 150
149 180
150 164
150 165
150 166
150 170
150 171
150 177
150 180
150 150
151 151
151 159
151 158
151 153
152 164
152 178
152 152
153 168
153 153
154 154
155 155
155 164
155 172
155 177
156 157
156 156
157 157
158 162
158 158
158 159
159 159
160 160
161 161
162 162
163 165
163 163
163 170
164 164
164 177
164 165
165 165
165 166
165 177
166 166
166 177
167 167
167 168
167 174
167 175
168 168
169 171
169 180
169 169
170 170
171 171
171 180
172 172
173 173
173 176
173 178
173 179
174 174
174 175
175 175
176 176
177 177
178 178
179 179
180 180
