1 176
1 1
1 66
1 131
1 132
1 89
1 17
1 4
1 90
1 77
1 128
2 2
2 35
2 105
2 106
2 23
2 77
2 110
2 112
2 116
2 158
2 137
2 89
2 159
2 94
2 63
3 128
3 33
3 3
3 132
3 123
3 103
3 24
3 176
3 107
3 173
3 142
4 128
4 131
4 132
4 5
4 105
4 107
4 173
4 176
4 148
4 89
4 4
4 123
5 32
5 97
5 67
5 5
5 6
5 7
5 73
5 11
5 12
5 16
5 178
5 56
5 68
5 154
6 80
6 22
6 155
6 6
6 7
6 56
6 154
6 11
6 157
6 79
7 32
7 68
7 7
7 73
7 11
7 12
7 80
7 178
7 22
7 56
7 154
8 96
8 101
8 167
8 8
8 10
8 119
8 168
8 54
8 55
8 152
8 26
8 106
9 32
9 132
9 179
9 167
9 41
9 13
9 46
9 16
9 51
9 52
9 53
9 9
9 56
9 57
9 58
9 60
10 96
10 164
10 168
10 106
10 55
10 16
10 54
10 119
10 121
10 26
10 59
10 10
11 80
11 179
11 20
11 56
11 11
11 157
11 78
11 79
12 97
12 34
12 67
12 68
12 73
12 103
12 12
12 173
12 178
12 84
12 24
13 179
13 101
13 13
13 46
13 45
13 16
13 51
13 53
13 119
13 152
13 58
13 59
14 96
14 129
14 34
14 133
14 102
14 32
14 169
14 76
14 142
14 111
14 113
14 52
14 14
14 25
14 153
14 121
14 44
14 85
15 162
15 35
15 36
15 37
15 38
15 39
15 105
15 42
15 139
15 15
15 112
15 49
15 17
15 30
15 27
15 29
15 158
16 128
16 51
16 164
16 46
16 45
16 16
16 179
16 52
16 149
16 150
16 152
16 57
16 58
16 59
16 60
16 53
17 162
17 35
17 17
17 134
17 39
17 105
17 42
17 172
17 49
17 147
17 116
17 89
17 23
17 148
17 27
17 29
17 30
17 159
18 160
18 65
18 163
18 69
18 71
18 138
18 86
18 18
18 83
18 21
18 150
18 87
18 22
18 156
18 62
18 85
19 161
19 100
19 102
19 145
19 40
19 28
19 75
19 146
19 49
19 50
19 19
19 25
19 122
19 92
20 80
20 167
20 168
20 137
20 110
20 47
20 144
20 82
20 115
20 20
20 56
20 58
20 157
21 160
21 65
21 163
21 69
21 72
21 64
21 138
21 61
21 81
21 99
21 85
21 150
21 87
21 22
21 127
21 156
21 170
21 21
22 160
22 65
22 164
22 138
22 83
22 22
22 154
22 157
22 62
22 85
23 134
23 137
23 151
23 109
23 110
23 77
23 112
23 158
23 23
23 159
23 94
23 63
24 128
24 97
24 34
24 132
24 103
24 107
24 173
24 142
24 176
24 178
24 67
24 24
24 123
24 125
25 129
25 171
25 166
25 102
25 40
25 43
25 50
25 145
25 146
25 25
25 88
25 104
25 26
25 28
26 104
26 52
26 40
26 54
26 55
26 43
26 26
26 174
27 161
27 162
27 35
27 37
27 38
27 49
27 105
27 42
27 39
27 109
27 147
27 139
27 148
27 116
27 27
27 29
27 30
28 161
28 131
28 36
28 40
28 139
28 146
28 145
28 50
28 43
28 90
28 28
28 30
29 162
29 35
29 101
29 134
29 39
29 105
29 45
29 110
29 147
29 116
29 137
29 152
29 148
29 29
30 96
30 161
30 35
30 36
30 37
30 38
30 49
30 42
30 139
30 43
30 30
30 63
31 33
31 67
31 134
31 97
31 105
31 172
31 109
31 110
31 177
31 178
31 147
31 118
31 121
31 155
31 126
31 31
32 32
32 34
32 48
32 179
32 52
32 53
32 41
32 153
32 57
32 58
32 60
32 157
33 33
33 134
33 105
33 172
33 108
33 114
33 147
33 116
33 118
33 120
33 121
33 155
33 126
34 34
34 103
34 169
34 57
34 60
34 52
34 53
34 73
34 41
34 121
34 154
34 156
34 125
34 153
35 35
35 37
35 38
35 39
35 162
35 89
36 162
36 139
36 36
36 37
36 38
36 39
36 40
36 43
36 114
37 162
37 37
37 38
37 39
37 43
37 109
37 139
37 158
38 162
38 38
38 39
38 43
38 77
38 139
38 159
39 162
39 39
39 45
39 110
40 139
40 40
40 43
40 146
40 104
40 50
40 92
41 41
41 57
41 80
41 179
41 52
41 53
41 153
41 58
41 59
41 60
42 161
42 100
42 49
42 42
42 139
42 172
42 147
42 63
43 161
43 131
43 139
43 43
44 96
44 100
44 135
44 44
44 75
44 108
44 109
44 111
44 114
44 117
44 121
45 162
45 101
45 105
45 45
45 46
45 51
45 148
45 55
45 152
46 176
46 115
46 164
46 101
46 46
46 51
46 149
46 152
46 58
46 59
47 144
47 48
47 167
47 168
47 106
47 47
47 80
47 82
47 115
47 119
47 58
48 144
48 99
48 79
48 167
48 104
48 74
48 78
48 175
48 48
48 81
48 115
48 52
48 174
48 124
48 157
48 95
49 96
49 161
49 100
49 49
49 139
49 108
49 50
49 151
49 122
50 161
50 100
50 102
50 135
50 145
50 75
50 50
50 146
50 122
51 101
51 51
51 53
51 119
51 152
51 179
51 59
51 58
52 57
52 107
52 173
52 178
52 179
52 52
52 149
52 150
52 180
52 123
52 60
52 58
52 53
53 144
53 132
53 53
53 153
53 57
53 60
54 96
54 167
54 168
54 106
54 119
54 144
54 115
54 54
54 55
54 59
55 96
55 101
55 167
55 168
55 106
55 119
55 109
55 55
55 121
56 79
56 80
56 82
56 179
56 56
56 157
57 132
57 179
57 153
57 57
57 58
57 59
57 60
57 149
58 115
58 179
58 58
58 59
58 60
59 115
59 179
59 82
59 152
59 59
59 60
60 80
60 132
60 179
60 153
60 60
60 149
61 64
61 163
61 133
61 136
61 169
61 170
61 72
61 86
61 87
61 127
61 61
61 69
62 160
62 65
62 98
62 68
62 69
62 70
62 71
62 138
62 62
62 83
62 84
62 85
62 87
62 86
62 150
63 66
63 143
63 112
63 94
63 151
63 159
63 158
63 63
64 64
64 163
64 69
64 135
64 136
64 170
64 171
64 72
64 86
64 87
64 127
65 160
65 65
65 83
65 164
65 138
65 156
65 85
66 66
66 91
66 172
66 77
66 110
66 94
66 151
66 89
66 90
66 92
66 158
66 159
67 97
67 98
67 67
67 68
67 103
67 73
67 107
67 173
67 178
67 84
67 123
68 97
68 98
68 68
68 70
68 73
68 71
68 84
68 154
68 155
69 160
69 98
69 69
69 70
69 71
69 72
69 170
69 93
69 86
69 87
69 121
70 160
70 98
70 70
70 71
70 130
70 83
70 84
70 150
70 87
70 121
70 86
71 160
71 98
71 71
71 138
71 130
71 83
71 84
71 86
71 87
71 121
72 163
72 86
72 87
72 72
72 169
72 170
72 127
73 97
73 73
73 178
73 84
73 154
73 125
74 99
74 133
74 102
74 113
74 74
74 78
74 79
74 81
74 174
74 157
74 156
74 93
74 95
75 171
75 140
75 169
75 75
75 76
75 114
75 141
75 108
75 180
75 117
75 136
75 111
75 143
76 169
76 170
76 171
76 140
76 141
76 111
76 76
76 180
76 117
76 151
76 143
77 137
77 110
77 77
77 147
77 158
77 89
77 90
77 94
77 159
78 80
78 99
78 164
78 124
78 78
78 79
78 81
78 85
78 157
78 156
78 138
79 80
79 99
79 164
79 124
79 79
79 81
79 85
79 157
79 156
79 138
80 99
80 155
80 80
80 82
80 157
81 99
81 113
81 133
81 177
81 81
81 163
81 127
81 156
81 93
81 85
81 95
82 144
82 167
82 168
82 137
82 82
82 115
82 119
83 160
83 130
83 164
83 86
83 138
83 175
83 83
83 85
83 154
83 124
83 125
84 97
84 98
84 84
84 149
84 154
85 160
85 163
85 138
85 99
85 156
85 85
86 160
86 98
86 138
86 86
86 87
86 121
87 160
87 163
87 170
87 93
87 87
88 131
88 165
88 166
88 140
88 141
88 177
88 88
88 153
88 90
88 91
88 92
88 93
89 137
89 110
89 89
89 90
89 94
90 131
90 166
90 92
90 140
90 94
90 90
90 91
90 126
91 131
91 165
91 166
91 140
91 141
91 143
91 177
91 120
91 91
91 92
91 93
91 94
92 131
92 165
92 166
92 177
92 140
92 141
92 143
92 120
92 151
92 153
92 92
92 93
93 155
93 164
93 166
93 177
93 149
93 150
93 93
93 165
94 137
94 151
94 172
94 110
94 94
94 159
94 158
95 165
95 102
95 113
95 104
95 145
95 174
95 175
95 146
95 95
96 96
96 109
96 114
96 117
96 121
97 128
97 97
97 98
97 103
97 107
97 173
97 176
97 178
97 123
98 98
98 180
98 153
99 99
99 164
99 124
99 113
99 157
99 156
99 138
100 161
100 100
100 135
100 136
100 172
100 143
100 117
100 118
100 120
100 122
100 126
101 164
101 101
101 134
101 105
101 148
101 152
101 116
102 145
102 102
102 113
102 104
102 146
103 128
103 132
103 103
103 107
103 173
103 142
103 176
103 178
103 123
104 129
104 130
104 145
104 174
104 175
104 104
104 146
104 180
105 134
105 105
105 172
105 147
105 116
105 148
106 144
106 167
106 168
106 106
106 119
106 109
106 112
106 115
106 148
107 128
107 107
107 173
107 142
107 176
107 178
107 132
107 123
108 108
108 109
108 111
108 112
108 114
108 117
108 169
108 143
108 151
108 158
109 172
109 109
109 112
109 114
109 117
109 111
109 121
109 159
109 158
110 137
110 110
110 112
110 158
110 159
111 171
111 135
111 169
111 143
111 141
111 114
111 117
111 111
111 121
111 140
112 137
112 112
112 114
112 147
112 117
112 118
112 159
112 158
113 163
113 133
113 113
113 145
113 146
113 127
114 139
114 114
114 117
114 151
114 121
114 158
115 144
115 155
115 167
115 168
115 137
115 115
115 119
116 134
116 172
116 147
116 116
116 118
116 148
117 169
117 117
117 121
118 134
118 135
118 172
118 147
118 118
118 120
118 155
118 126
119 167
119 119
119 144
119 168
119 152
120 133
120 135
120 136
120 170
120 141
120 120
120 122
120 126
120 127
121 153
121 121
121 127
122 135
122 136
122 170
122 141
122 122
122 126
122 127
123 128
123 173
123 142
123 176
123 178
123 132
123 123
124 129
124 130
124 174
124 175
124 155
124 124
124 125
125 129
125 130
125 174
125 175
125 178
125 155
125 125
126 133
126 135
126 136
126 140
126 172
126 141
126 126
127 163
127 133
127 170
127 135
127 136
127 127
128 128
128 132
128 173
128 142
128 178
128 176
129 129
129 130
129 165
129 175
129 145
129 146
129 174
130 130
130 165
130 175
130 146
131 131
131 166
131 177
131 132
132 132
132 173
132 142
132 176
132 152
133 163
133 133
133 136
133 170
134 134
134 172
134 147
134 148
134 155
135 135
135 136
135 170
135 141
136 163
136 136
136 170
137 162
137 137
137 158
137 159
138 149
138 138
138 160
138 154
138 156
139 161
139 139
140 171
140 166
140 169
140 140
140 141
140 180
140 151
140 143
141 151
141 171
141 166
141 141
141 180
141 169
141 143
142 173
142 142
142 176
142 180
143 151
143 171
143 166
143 169
143 143
143 158
144 144
144 167
144 168
144 174
145 145
145 171
145 146
146 169
146 171
146 146
147 172
147 147
147 148
148 172
148 152
148 148
149 180
149 164
149 165
149 156
149 174
149 150
149 149
150 160
150 164
150 165
150 169
150 171
150 180
150 150
151 161
151 151
151 158
151 159
152 168
152 152
153 177
153 153
154 154
155 172
155 165
155 177
155 164
155 155
156 157
156 156
157 157
158 158
158 159
159 159
160 160
161 161
162 162
163 163
163 170
163 180
164 164
164 166
164 175
164 177
164 165
165 165
165 166
165 177
166 166
166 177
167 167
167 174
167 168
168 168
169 171
169 180
169 169
170 170
170 171
171 171
171 180
172 172
173 173
173 176
173 178
174 174
174 175
175 175
176 176
176 178
177 177
178 178
179 179
180 180
