1 128
1 1
1 66
1 131
1 4
1 132
1 162
1 77
1 176
1 123
1 89
1 27
2 2
2 39
2 137
2 109
2 110
2 77
2 112
2 82
2 148
2 158
2 23
2 94
2 159
3 128
3 123
3 3
3 132
3 150
3 103
3 24
3 176
3 107
3 173
3 142
4 128
4 131
4 4
4 5
4 134
4 103
4 107
4 13
4 173
4 176
4 59
4 179
4 89
4 132
4 58
4 123
4 51
5 84
5 67
5 68
5 5
5 6
5 7
5 73
5 11
5 12
5 178
5 52
5 56
5 154
6 6
6 7
6 73
6 11
6 80
6 20
6 22
6 56
6 154
6 155
6 157
7 34
7 68
7 7
7 56
7 84
7 154
7 11
7 12
7 73
8 96
8 8
8 167
8 179
8 106
8 54
8 55
8 168
8 10
8 119
8 26
9 32
9 132
9 179
9 41
9 13
9 46
9 16
9 51
9 52
9 149
9 54
9 9
9 57
9 58
9 59
9 60
9 53
10 96
10 98
10 131
10 168
10 106
10 55
10 144
10 54
10 119
10 88
10 26
10 10
11 32
11 11
11 80
11 82
11 20
11 56
11 57
11 154
11 157
12 97
12 98
12 67
12 68
12 73
12 103
12 12
12 14
12 178
12 84
12 24
12 31
13 162
13 35
13 179
13 39
13 45
13 46
13 13
13 16
13 51
13 152
13 58
13 59
13 29
14 32
14 73
14 74
14 14
14 121
14 24
14 153
14 156
14 95
14 96
14 34
14 103
14 104
14 41
14 107
14 44
14 173
14 52
14 169
14 57
14 123
14 125
15 162
15 35
15 36
15 37
15 38
15 39
15 42
15 139
15 15
15 17
15 43
15 89
15 27
15 29
15 30
16 16
16 164
16 179
16 46
16 45
16 176
16 82
16 51
16 52
16 149
16 150
16 152
16 58
16 53
17 162
17 35
17 17
17 101
17 134
17 39
17 105
17 42
17 139
17 109
17 45
17 49
17 147
17 116
17 148
17 27
17 29
17 30
18 160
18 65
18 163
18 165
18 71
18 72
18 156
18 138
18 86
18 78
18 18
18 83
18 85
18 22
18 87
18 21
18 62
18 69
19 161
19 100
19 102
19 145
19 40
19 42
19 146
19 143
19 49
19 50
19 19
19 25
19 122
19 111
19 28
20 80
20 167
20 168
20 137
20 47
20 144
20 82
20 115
20 20
20 41
20 56
20 155
20 60
20 157
21 160
21 65
21 163
21 69
21 72
21 64
21 138
21 61
21 81
21 99
21 180
21 85
21 22
21 87
21 127
21 156
21 170
21 21
22 160
22 65
22 150
22 71
22 138
22 79
22 80
22 83
22 22
22 154
22 70
22 157
22 62
22 85
23 35
23 105
23 77
23 110
23 109
23 112
23 158
23 23
23 137
23 159
23 29
23 94
23 63
24 128
24 97
24 67
24 132
24 103
24 107
24 173
24 142
24 176
24 178
24 24
24 123
25 129
25 102
25 40
25 43
25 50
25 145
25 146
25 25
25 90
25 28
25 26
25 104
26 131
26 40
26 28
26 174
26 54
26 55
26 90
26 91
26 92
26 26
26 104
27 96
27 38
27 161
27 42
27 139
27 49
27 147
27 116
27 89
27 105
27 148
27 27
27 29
27 30
28 161
28 43
28 36
28 40
28 139
28 49
28 50
28 121
28 151
28 28
28 30
29 162
29 35
29 101
29 39
29 105
29 45
29 147
29 116
29 152
29 148
29 29
29 30
30 161
30 43
30 36
30 37
30 49
30 40
30 42
30 139
30 114
30 30
31 33
31 164
31 134
31 172
31 177
31 114
31 147
31 126
31 118
31 155
31 158
31 31
32 32
32 34
32 41
32 57
32 179
32 52
32 53
32 153
32 58
32 60
33 33
33 134
33 172
33 44
33 173
33 108
33 147
33 116
33 117
33 118
33 105
33 120
33 155
33 126
34 128
34 34
34 169
34 57
34 174
34 176
34 178
34 52
34 53
34 41
34 153
34 121
34 60
35 162
35 35
35 36
35 37
35 38
35 39
36 162
36 36
36 37
36 38
36 39
36 40
36 43
36 66
36 139
36 94
37 162
37 37
37 38
37 39
37 89
37 139
37 43
38 162
38 38
38 39
38 43
38 109
38 77
38 139
38 158
39 39
39 45
39 162
39 152
40 161
40 131
40 40
40 139
40 143
40 43
40 50
41 41
41 57
41 47
41 144
41 179
41 53
41 153
41 52
41 58
41 59
41 60
42 161
42 100
42 49
42 42
42 108
42 50
42 147
42 122
42 63
43 161
43 43
43 139
43 44
44 96
44 135
44 108
44 75
44 44
44 109
44 111
44 114
44 117
44 120
44 121
44 122
45 132
45 101
45 105
45 45
45 46
45 51
45 148
45 152
46 176
46 164
46 101
46 46
46 51
46 148
46 149
46 150
46 152
46 59
47 144
47 48
47 167
47 168
47 106
47 47
47 80
47 82
47 115
47 57
47 157
48 144
48 99
48 165
48 113
48 104
48 74
48 167
48 175
48 78
48 48
48 81
48 115
48 174
48 79
48 124
48 157
48 95
49 161
49 100
49 49
49 139
49 108
49 50
49 122
50 161
50 131
50 100
50 102
50 145
50 135
50 50
50 146
50 122
51 179
51 106
51 119
51 51
51 53
51 55
51 152
51 58
51 59
52 80
52 57
52 128
52 179
52 52
52 149
52 150
52 180
52 58
52 60
52 53
53 115
53 132
53 179
53 53
53 153
53 57
53 60
54 164
54 167
54 168
54 106
54 119
54 144
54 115
54 54
54 55
55 96
55 115
55 168
55 106
55 119
55 109
55 144
55 55
55 121
56 80
56 82
56 56
56 57
56 154
56 157
57 179
57 57
57 58
57 59
57 60
57 153
58 179
58 58
58 59
58 60
59 179
59 59
59 60
60 179
60 153
60 60
61 64
61 163
61 133
61 136
61 170
61 76
61 72
61 87
61 61
61 69
61 127
62 160
62 65
62 69
62 70
62 71
62 138
62 83
62 87
62 121
62 86
62 93
62 62
63 161
63 66
63 108
63 151
63 140
63 141
63 158
63 143
63 112
63 114
63 117
63 63
63 94
63 159
64 64
64 136
64 163
64 87
64 72
64 170
64 127
64 76
64 69
65 160
65 65
65 150
65 85
65 138
65 156
65 69
66 66
66 159
66 77
66 110
66 94
66 151
66 89
66 90
66 91
66 92
66 158
67 97
67 98
67 67
67 68
67 103
67 73
67 107
67 173
67 178
67 84
67 121
68 97
68 98
68 68
68 70
68 73
68 178
68 84
68 121
68 154
68 125
69 69
69 70
69 71
69 72
69 138
69 160
69 180
69 86
69 87
70 160
70 98
70 70
70 71
70 130
70 83
70 84
70 87
70 86
70 93
71 160
71 130
71 71
71 138
71 98
71 83
71 84
71 87
71 180
71 86
72 163
72 87
72 72
72 170
72 127
72 76
73 97
73 73
73 178
73 84
73 149
73 154
73 124
73 125
74 99
74 133
74 102
74 113
74 74
74 174
74 78
74 79
74 81
74 95
74 156
74 85
75 171
75 169
75 75
75 76
75 141
75 145
75 146
75 180
75 117
75 151
75 111
75 140
75 143
76 130
76 171
76 102
76 169
76 76
76 141
76 111
76 140
76 180
76 117
76 151
76 143
76 127
77 137
77 110
77 77
77 147
77 158
77 118
77 89
77 94
77 159
78 80
78 99
78 138
78 78
78 79
78 81
78 85
78 150
78 157
78 156
78 93
79 80
79 99
79 157
79 138
79 81
79 85
79 79
79 156
79 93
80 80
80 82
80 154
80 157
81 99
81 133
81 113
81 81
81 163
81 180
81 127
81 156
81 85
81 95
82 144
82 167
82 168
82 137
82 106
82 82
82 115
83 160
83 130
83 86
83 138
83 125
83 175
83 83
83 84
83 85
83 154
83 124
83 93
84 97
84 98
84 130
84 84
84 121
84 154
84 125
85 160
85 163
85 165
85 157
85 99
85 156
85 138
85 85
86 160
86 98
86 138
86 130
86 86
86 87
86 165
87 160
87 170
87 177
87 87
88 131
88 165
88 166
88 140
88 141
88 177
88 151
88 88
88 90
88 91
88 92
88 93
89 137
89 172
89 110
89 158
89 118
89 89
89 90
89 94
89 159
90 131
90 166
90 151
90 140
90 141
90 90
90 91
90 92
90 94
91 131
91 165
91 166
91 140
91 141
91 93
91 143
91 177
91 151
91 91
91 92
92 131
92 165
92 166
92 140
92 141
92 93
92 143
92 177
92 146
92 151
92 92
93 160
93 155
93 164
93 165
93 138
93 177
93 149
93 150
93 93
93 166
94 139
94 110
94 158
94 159
94 151
94 94
95 129
95 102
95 113
95 104
95 145
95 174
95 175
95 146
95 95
96 96
96 119
96 109
96 114
96 117
96 121
97 128
97 97
97 98
97 103
97 107
97 173
97 176
97 178
97 121
97 123
98 98
98 103
98 153
98 155
99 99
99 113
99 177
99 157
99 156
99 138
100 161
100 100
100 134
100 145
100 136
100 135
100 172
100 146
100 147
100 118
100 120
100 122
100 126
100 117
101 164
101 101
101 134
101 105
101 176
101 147
101 148
101 152
101 116
102 102
102 145
102 104
102 169
102 146
102 174
102 113
103 128
103 103
103 107
103 173
103 176
103 178
103 142
103 121
103 132
103 123
104 129
104 113
104 104
104 174
104 175
104 145
104 146
105 134
105 105
105 139
105 172
105 112
105 147
105 116
105 148
105 159
106 144
106 115
106 167
106 168
106 106
106 119
106 109
106 112
107 128
107 107
107 173
107 142
107 176
107 178
107 132
107 123
108 108
108 109
108 143
108 112
108 114
108 117
108 151
108 121
108 111
108 158
109 134
109 109
109 112
109 114
109 117
109 119
109 158
109 159
110 137
110 110
110 112
110 148
110 158
110 159
111 171
111 169
111 141
111 120
111 114
111 117
111 151
111 111
111 121
111 140
111 143
112 137
112 112
112 114
112 116
112 159
112 158
113 133
113 113
113 145
113 171
113 146
113 163
113 127
114 139
114 158
114 114
114 117
114 121
114 159
115 144
115 167
115 168
115 119
115 115
115 157
116 134
116 172
116 147
116 116
116 118
116 148
116 158
117 117
117 169
117 121
118 134
118 135
118 172
118 147
118 118
118 120
118 155
118 126
119 119
119 144
119 168
120 133
120 135
120 136
120 170
120 172
120 120
120 122
120 126
120 127
121 163
121 153
121 121
122 135
122 136
122 122
122 126
122 127
123 128
123 173
123 142
123 176
123 178
123 123
123 132
124 129
124 130
124 150
124 167
124 124
124 125
124 174
124 175
125 129
125 130
125 175
125 178
125 180
125 125
126 133
126 135
126 136
126 172
126 151
126 126
127 163
127 133
127 166
127 170
127 135
127 136
127 127
128 128
128 173
128 142
128 176
128 178
128 132
129 129
129 130
129 169
129 171
129 174
129 175
129 146
130 130
130 175
131 131
131 166
131 177
131 136
131 132
132 142
132 173
132 176
132 152
132 148
132 132
133 163
133 133
133 136
133 170
133 180
134 148
134 134
134 172
134 142
134 147
134 155
135 135
135 136
135 172
135 170
136 163
136 136
136 170
136 140
136 141
137 137
137 148
137 158
137 159
138 160
138 156
138 138
139 161
139 139
140 171
140 166
140 169
140 141
140 140
140 180
140 151
140 143
141 151
141 171
141 166
141 141
141 180
141 169
141 143
142 176
142 173
142 142
143 151
143 171
143 169
143 143
144 144
144 164
144 167
144 168
144 174
145 145
145 146
146 146
147 172
147 147
147 148
148 172
148 152
148 148
149 164
149 165
149 157
149 180
149 149
149 150
149 152
150 164
150 165
150 171
150 180
150 150
151 171
151 166
151 151
152 152
153 166
153 153
154 160
154 154
154 155
155 164
155 165
155 167
155 168
155 172
155 177
155 155
156 165
156 177
156 157
156 156
157 157
158 158
158 159
159 159
160 160
161 161
162 162
163 163
163 169
163 170
164 164
164 166
164 177
164 165
165 165
165 166
165 177
166 166
166 170
166 177
167 167
167 174
167 168
168 168
169 171
169 180
169 169
170 170
171 171
171 180
172 172
173 173
173 176
173 178
174 174
174 175
174 177
175 180
175 175
176 178
176 176
177 177
178 178
179 179
180 180
