1 128
1 1
1 131
1 4
1 103
1 107
1 13
1 173
1 176
1 178
1 147
1 88
1 132
1 123
1 126
2 2
2 39
2 137
2 151
2 110
2 47
2 112
2 82
2 115
2 20
2 23
2 143
2 158
2 159
3 128
3 129
3 130
3 3
3 36
3 134
3 43
3 44
3 142
3 176
3 24
3 125
4 34
4 67
4 4
4 97
4 103
4 12
4 173
4 178
4 107
4 152
4 123
5 68
5 5
5 6
5 7
5 73
5 12
5 16
5 83
5 84
5 89
5 52
5 154
5 70
6 6
6 7
6 138
6 11
6 46
6 80
6 83
6 22
6 56
6 154
6 157
7 34
7 68
7 7
7 73
7 11
7 83
7 84
7 89
7 154
7 70
7 62
8 96
8 33
8 167
8 8
8 10
8 172
8 174
8 168
8 54
8 55
8 26
8 106
9 32
9 144
9 34
9 41
9 57
9 13
9 46
9 45
9 16
9 51
9 20
9 53
9 9
9 152
9 52
9 60
10 96
10 167
10 168
10 177
10 10
10 144
10 26
10 54
10 55
10 58
10 106
11 11
11 77
11 78
11 79
11 80
11 20
11 22
11 89
11 56
11 57
11 157
12 97
12 98
12 67
12 103
12 73
12 12
12 178
12 84
12 121
12 24
12 68
12 125
13 39
13 168
13 45
13 46
13 13
13 16
13 17
13 51
13 52
13 53
13 152
13 29
14 65
14 32
14 73
14 138
14 14
14 146
14 83
14 85
14 22
14 25
14 153
14 154
14 96
14 33
14 34
14 102
14 41
14 44
14 178
14 52
14 57
14 121
14 60
14 125
15 162
15 131
15 36
15 37
15 38
15 39
15 42
15 139
15 45
15 15
15 49
15 35
15 17
15 43
15 27
15 29
15 30
16 16
16 45
16 46
16 176
16 51
16 52
16 149
16 150
16 152
16 179
16 53
17 161
17 27
17 147
17 101
17 17
17 105
17 42
17 45
17 109
17 49
17 51
17 116
17 152
17 148
17 29
17 30
18 160
18 65
18 99
18 69
18 72
18 64
18 138
18 61
18 18
18 163
18 85
18 22
18 87
18 121
18 156
18 170
18 21
19 145
19 50
19 19
19 100
19 102
19 49
19 25
19 171
19 28
19 146
19 161
20 144
20 167
20 110
20 47
20 80
20 56
20 82
20 115
20 20
20 137
20 23
20 58
20 157
21 160
21 65
21 163
21 164
21 72
21 64
21 138
21 78
21 61
21 81
21 99
21 85
21 22
21 127
21 156
21 170
21 21
22 160
22 65
22 69
22 71
22 138
22 83
22 22
22 87
22 154
22 86
22 62
22 85
23 105
23 137
23 151
23 109
23 162
23 110
23 143
23 112
23 82
23 23
23 29
23 158
23 159
24 128
24 97
24 130
24 132
24 103
24 107
24 173
24 142
24 176
24 178
24 67
24 118
24 24
24 123
24 125
25 129
25 165
25 145
25 40
25 50
25 175
25 104
25 146
25 174
25 25
25 26
25 28
26 40
26 164
26 174
26 54
26 55
26 28
26 26
26 104
27 96
27 161
27 49
27 105
27 42
27 139
27 148
27 116
27 27
27 28
27 29
27 30
28 161
28 43
28 129
28 40
28 139
28 50
28 121
28 28
28 30
29 77
29 101
29 49
29 105
29 42
29 45
29 46
29 51
29 116
29 152
29 148
29 29
29 30
30 161
30 49
30 42
30 139
30 143
30 50
30 30
31 33
31 131
31 164
31 70
31 134
31 71
31 172
31 177
31 118
31 154
31 155
31 126
31 31
32 32
32 34
32 121
32 133
32 48
32 179
32 52
32 41
32 153
32 57
32 58
32 59
32 60
32 157
33 33
33 34
33 68
33 133
33 134
33 169
33 172
33 130
33 77
33 76
33 177
33 84
33 118
33 151
33 120
33 89
33 155
33 126
34 34
34 121
34 81
34 104
34 41
34 44
34 60
34 113
34 52
34 124
34 153
34 57
34 156
35 162
35 35
35 36
35 37
35 38
35 39
35 43
35 112
35 58
35 59
35 90
35 158
36 96
36 162
36 36
36 37
36 38
36 39
36 40
36 43
36 130
36 142
36 139
36 88
36 166
37 162
37 37
37 38
37 39
37 40
37 43
37 109
37 177
37 139
37 91
37 92
38 162
38 38
38 39
38 40
38 43
38 177
38 139
38 59
39 51
39 39
39 137
39 162
39 59
39 179
39 58
39 94
40 129
40 130
40 139
40 40
40 43
40 165
41 131
41 179
41 41
41 51
41 52
41 153
41 57
41 58
41 59
41 60
42 161
42 49
42 105
42 42
42 139
42 114
42 116
42 90
43 162
43 139
43 140
43 130
43 141
43 43
43 63
44 96
44 169
44 55
44 108
44 109
44 44
44 114
44 117
44 119
44 121
44 111
45 101
45 105
45 55
45 45
45 46
45 82
45 51
45 148
45 53
45 152
46 80
46 132
46 101
46 167
46 46
46 51
46 148
46 149
46 54
46 152
46 52
46 53
47 48
47 167
47 168
47 137
47 106
47 47
47 144
47 82
47 115
47 59
48 144
48 99
48 113
48 168
48 74
48 167
48 78
48 48
48 81
48 115
48 174
48 79
48 95
49 96
49 161
49 91
49 49
49 139
49 50
49 116
50 161
50 100
50 102
50 145
50 169
50 171
50 50
50 146
51 51
51 82
51 179
51 53
51 152
51 58
51 60
52 57
52 99
52 133
52 74
52 78
52 79
52 179
52 52
52 180
52 60
52 149
53 101
53 167
53 82
53 115
53 116
53 53
53 152
54 96
54 167
54 168
54 106
54 144
54 179
54 174
54 54
54 55
55 96
55 167
55 168
55 106
55 109
55 55
56 137
56 77
56 110
56 79
56 80
56 78
56 56
56 89
56 60
56 157
57 131
57 59
57 179
57 180
57 57
57 153
57 58
57 155
57 60
58 162
58 179
58 58
58 59
58 60
59 162
59 144
59 179
59 59
59 60
60 180
60 179
60 155
60 60
60 153
61 64
61 163
61 135
61 136
61 170
61 72
61 149
61 87
61 122
61 127
61 61
61 85
62 160
62 69
62 70
62 71
62 83
62 87
62 154
62 155
62 86
62 62
63 75
63 108
63 171
63 76
63 141
63 142
63 143
63 114
63 117
63 169
63 111
63 140
63 151
63 63
64 64
64 163
64 135
64 136
64 170
64 72
64 149
64 87
64 127
64 85
65 160
65 65
65 87
65 138
65 79
65 156
65 85
66 66
66 166
66 77
66 110
66 116
66 94
66 151
66 88
66 89
66 90
66 91
66 92
66 158
67 68
67 97
67 98
67 67
67 103
67 73
67 107
67 173
67 178
67 180
67 84
68 98
68 68
68 70
68 97
68 73
68 178
68 84
69 160
69 86
69 70
69 71
69 138
69 83
69 87
69 155
69 69
70 160
70 98
70 70
70 73
70 71
70 83
70 84
70 86
70 87
70 154
71 160
71 98
71 71
71 83
71 87
71 154
71 86
72 160
72 163
72 87
72 72
72 170
72 127
72 149
73 73
73 83
73 84
73 154
73 124
73 125
74 99
74 102
74 81
74 74
74 78
74 79
74 113
74 156
74 157
74 95
75 171
75 118
75 169
75 75
75 76
75 141
75 111
75 108
75 114
75 180
75 117
75 150
75 140
76 149
76 171
76 100
76 169
76 76
76 141
76 111
76 108
76 140
76 180
76 117
76 150
77 166
77 137
77 77
77 110
77 151
77 89
77 90
77 91
77 92
77 94
78 80
78 99
78 78
78 79
78 81
78 156
78 157
78 85
79 99
79 80
79 79
79 81
79 85
79 157
79 156
79 138
80 99
80 80
80 155
80 156
80 157
81 99
81 113
81 102
81 81
81 145
81 163
81 127
81 156
81 85
81 95
82 115
82 168
82 137
82 144
82 82
82 158
82 159
83 160
83 138
83 86
83 175
83 124
83 83
83 154
84 98
84 84
84 97
84 154
85 99
85 160
85 138
85 157
85 163
85 170
85 156
85 85
86 160
86 98
86 86
86 138
86 87
86 155
87 138
87 160
87 149
87 87
88 131
88 164
88 165
88 166
88 177
88 88
88 90
88 91
88 92
88 93
88 94
89 110
89 89
89 90
89 91
89 92
89 94
90 165
90 166
90 139
90 151
90 90
90 91
90 92
90 94
91 166
91 151
91 91
91 92
91 93
91 94
91 165
92 164
92 166
92 151
92 92
92 93
92 94
92 165
93 131
93 164
93 165
93 166
93 170
93 177
93 150
93 93
93 127
94 134
94 166
94 110
94 94
94 151
94 158
94 159
95 144
95 99
95 102
95 113
95 145
95 177
95 174
95 146
95 104
95 95
96 96
96 118
96 119
96 172
96 109
96 114
96 117
96 121
97 97
97 98
97 103
97 128
97 107
97 173
97 178
97 180
97 123
98 98
98 103
98 149
98 119
98 153
99 99
99 113
99 156
99 157
100 161
100 100
100 134
100 135
100 136
100 172
100 146
100 116
100 147
100 122
101 164
101 101
101 103
101 105
101 106
101 147
101 148
101 152
101 116
102 102
102 113
102 145
102 104
102 146
103 128
103 134
103 107
103 173
103 176
103 178
103 123
103 132
103 103
104 129
104 104
104 174
104 175
104 145
104 146
104 124
105 105
105 147
105 148
105 116
105 159
106 112
106 167
106 168
106 106
106 119
106 108
106 109
106 144
106 114
106 115
107 128
107 107
107 173
107 142
107 176
107 178
107 123
107 180
107 132
108 169
108 108
108 109
108 142
108 111
108 112
108 114
108 147
108 117
108 119
108 143
108 158
109 168
109 109
109 111
109 112
109 114
109 117
109 119
109 158
109 159
110 167
110 137
110 148
110 110
110 158
110 159
111 171
111 169
111 141
111 111
111 114
111 117
111 118
111 121
112 168
112 137
112 151
112 143
112 112
112 114
112 158
112 159
113 133
113 113
113 145
113 146
113 163
113 122
113 127
113 156
114 134
114 114
114 147
114 117
114 169
114 119
114 158
115 144
115 167
115 168
115 115
115 119
116 134
116 148
116 172
116 147
116 116
116 132
117 171
117 134
117 169
117 180
117 117
117 119
117 121
118 133
118 134
118 135
118 136
118 172
118 120
118 118
118 122
118 155
118 126
119 144
119 119
119 121
120 133
120 134
120 135
120 136
120 170
120 172
120 120
120 121
120 122
120 126
120 127
121 163
121 121
121 129
121 136
121 135
121 153
121 169
121 160
121 127
122 163
122 133
122 135
122 136
122 170
122 172
122 180
122 122
122 126
122 127
123 128
123 173
123 142
123 176
123 178
123 180
123 132
123 123
124 129
124 130
124 175
124 124
124 178
124 174
124 125
125 129
125 130
125 174
125 175
125 178
125 125
125 149
126 133
126 134
126 136
126 135
126 172
126 155
126 126
127 163
127 133
127 170
127 135
127 136
127 127
128 132
128 128
128 173
128 142
128 176
128 178
128 131
128 180
129 129
129 130
129 174
129 175
129 150
130 130
130 142
130 175
131 131
131 132
131 165
131 166
131 176
131 177
131 164
131 155
132 132
132 173
132 176
132 177
132 178
132 147
132 142
132 180
133 163
133 133
133 135
133 136
133 170
134 134
134 135
134 172
134 147
134 155
135 163
135 135
135 136
135 170
135 172
136 163
136 136
136 170
137 137
137 148
137 158
137 159
138 160
138 156
138 138
139 161
139 139
140 140
140 141
140 143
140 171
140 150
140 151
140 159
140 158
141 161
141 169
141 141
141 143
141 171
141 150
141 151
141 158
142 142
142 176
143 151
143 172
143 143
143 158
143 153
143 159
144 144
144 167
144 168
145 180
145 146
145 145
146 161
146 146
147 148
147 161
147 172
147 147
148 176
148 152
148 148
149 163
149 169
149 171
149 174
149 150
149 152
149 180
149 175
149 149
150 171
150 164
150 169
150 150
151 151
151 159
151 158
152 152
153 164
153 168
153 179
153 153
154 154
155 164
155 172
155 177
155 155
156 157
156 156
157 157
158 158
158 159
159 159
160 160
161 161
162 162
162 179
163 170
163 163
164 165
164 164
164 166
164 177
165 165
165 166
165 177
166 166
167 167
167 174
167 168
167 175
168 168
169 171
169 180
169 169
170 170
171 171
171 180
172 172
173 173
173 176
173 178
173 180
174 174
174 175
175 175
176 178
176 176
177 177
178 178
179 179
180 180
