1 128
1 1
1 131
1 132
1 166
1 103
1 107
1 173
1 176
1 88
1 36
1 90
1 123
1 4
2 2
2 137
2 42
2 23
2 110
2 143
2 112
2 20
2 151
2 56
2 47
2 158
2 159
3 129
3 130
3 3
3 97
3 98
3 142
3 175
3 67
3 118
3 24
3 153
3 125
4 67
4 4
4 97
4 103
4 12
4 173
4 178
4 107
4 139
4 132
4 123
4 30
5 68
5 84
5 5
5 6
5 7
5 73
5 154
5 12
5 118
5 62
5 89
6 6
6 7
6 138
6 11
6 80
6 83
6 116
6 22
6 56
6 89
6 154
6 124
6 157
6 134
7 178
7 172
7 84
7 7
7 68
7 154
7 73
7 12
7 89
8 96
8 167
8 168
8 10
8 44
8 174
8 8
8 148
8 54
8 55
8 26
8 106
9 32
9 34
9 71
9 9
9 45
9 174
9 98
9 46
9 13
9 16
9 51
9 52
9 53
9 41
9 152
9 57
9 60
9 125
10 96
10 164
10 177
10 104
10 10
10 119
10 174
10 54
10 55
10 25
10 58
10 26
11 80
11 147
11 20
11 22
11 137
11 56
11 89
11 11
11 157
11 110
12 97
12 98
12 67
12 73
12 103
12 12
12 178
12 84
12 24
12 68
12 39
13 65
13 101
13 29
13 45
13 46
13 13
13 16
13 51
13 52
13 53
13 152
13 179
13 59
13 58
14 96
14 32
14 34
14 40
14 41
14 170
14 44
14 130
14 14
14 52
14 57
14 153
14 121
14 169
15 162
15 35
15 17
15 37
15 38
15 39
15 105
15 42
15 139
15 29
15 15
15 49
15 27
15 106
15 30
16 101
16 72
16 45
16 46
16 16
16 51
16 180
16 149
16 152
16 52
16 53
16 133
17 161
17 67
17 17
17 134
17 97
17 105
17 42
17 49
17 178
17 147
17 116
17 148
17 27
17 29
17 30
18 160
18 65
18 83
18 99
18 72
18 64
18 138
18 61
18 18
18 163
18 85
18 87
18 152
18 31
18 156
18 170
18 21
19 161
19 100
19 102
19 135
19 136
19 171
19 50
19 145
19 146
19 19
19 120
19 25
19 122
19 28
20 167
20 168
20 137
20 39
20 110
20 79
20 80
20 82
20 115
20 20
20 78
20 56
20 47
20 157
21 160
21 65
21 83
21 99
21 101
21 72
21 64
21 138
21 61
21 78
21 79
21 163
21 85
21 22
21 87
21 31
21 156
21 170
21 21
22 160
22 65
22 69
22 33
22 138
22 71
22 70
22 80
22 83
22 22
22 58
22 86
22 154
22 62
23 137
23 23
23 108
23 109
23 110
23 143
23 112
23 114
23 151
23 153
23 158
23 159
24 128
24 97
24 67
24 68
24 103
24 107
24 173
24 142
24 176
24 178
24 24
24 132
24 58
24 123
25 129
25 34
25 50
25 165
25 102
25 40
25 43
25 130
25 145
25 146
25 25
25 104
25 26
25 28
26 104
26 131
26 139
26 54
26 40
26 43
26 28
26 26
27 97
27 35
27 49
27 161
27 42
27 139
27 147
27 116
27 105
27 148
27 27
27 29
27 30
28 161
28 43
28 36
28 40
28 91
28 139
28 49
28 50
28 75
28 28
28 30
28 63
29 147
29 101
29 167
29 105
29 42
29 45
29 82
29 51
29 148
29 152
29 116
29 29
29 30
30 128
30 161
30 43
30 37
30 38
30 49
30 42
30 139
30 112
30 158
30 151
30 30
31 33
31 130
31 155
31 164
31 101
31 134
31 172
31 79
31 177
31 147
31 118
31 47
31 31
32 160
32 32
32 34
32 121
32 69
32 104
32 87
32 113
32 179
32 52
32 57
32 86
32 41
32 153
32 58
32 59
32 60
33 33
33 86
33 134
33 105
33 172
33 118
33 147
33 116
33 155
33 125
33 126
34 129
34 34
34 121
34 72
34 41
34 44
34 52
34 57
34 153
34 60
34 61
34 127
35 162
35 35
35 36
35 37
35 38
35 39
35 42
35 43
35 110
35 139
35 89
35 106
36 162
36 36
36 37
36 38
36 39
36 40
36 43
36 77
36 109
36 139
36 158
36 94
37 162
37 37
37 38
37 39
37 40
37 43
37 139
37 89
38 162
38 38
38 39
38 40
38 43
38 139
38 89
39 162
39 39
39 168
39 80
39 59
39 178
39 51
39 58
39 47
40 129
40 130
40 131
40 40
40 169
40 43
40 139
40 171
41 179
41 41
41 74
41 51
41 52
41 153
41 57
41 58
41 59
41 60
41 62
42 107
42 161
42 123
42 49
42 42
42 139
42 173
42 147
42 128
43 92
43 139
43 140
43 111
43 43
43 117
43 88
43 91
43 166
44 96
44 161
44 169
44 106
44 75
44 108
44 109
44 44
44 114
44 117
44 55
44 121
44 111
45 101
45 105
45 45
45 46
45 124
45 51
45 148
45 53
45 152
45 156
45 69
46 101
46 74
46 46
46 51
46 180
46 149
46 152
46 52
46 53
47 48
47 168
47 106
47 167
47 47
47 144
47 82
47 115
47 119
48 79
48 144
48 99
48 113
48 168
48 74
48 167
48 174
48 78
48 175
48 48
48 81
48 82
48 115
48 53
48 95
49 161
49 66
49 100
49 49
49 139
49 108
49 114
49 132
50 131
50 100
50 102
50 135
50 136
50 50
50 145
50 146
50 120
50 122
51 144
51 179
51 79
51 51
51 53
51 152
51 58
51 59
51 60
52 163
52 72
52 57
52 179
52 52
52 180
52 60
52 53
52 149
53 83
53 101
53 78
53 53
53 152
53 125
53 62
54 96
54 167
54 168
54 106
54 119
54 174
54 144
54 148
54 54
54 55
55 96
55 134
55 167
55 119
55 109
55 144
55 168
55 55
55 121
55 106
56 137
56 162
56 110
56 80
56 147
56 56
56 89
56 157
57 71
57 175
57 179
57 153
57 57
57 58
57 59
57 60
57 95
58 162
58 99
58 68
58 179
58 58
58 59
58 60
59 162
59 78
59 179
59 154
59 59
59 60
60 65
60 179
60 133
60 70
60 81
60 153
60 60
61 64
61 65
61 163
61 72
61 170
61 61
61 85
61 127
62 69
62 70
62 71
62 73
62 138
62 87
62 83
62 105
62 154
62 86
62 62
63 171
63 100
63 169
63 75
63 140
63 141
63 143
63 76
63 180
63 149
63 111
63 158
63 63
64 64
64 65
64 163
64 72
64 170
64 155
64 85
64 127
65 65
65 72
65 156
65 138
65 160
65 170
65 87
65 85
66 161
66 66
66 166
66 77
66 143
66 88
66 89
66 90
66 91
66 92
66 94
67 128
67 97
67 98
67 103
67 107
67 173
67 178
67 67
67 84
67 68
67 123
68 97
68 98
68 68
68 73
68 178
68 84
69 160
69 69
69 70
69 71
69 138
69 83
69 87
69 86
70 70
70 71
70 105
70 87
70 86
70 83
70 84
70 73
70 154
71 160
71 71
71 83
71 86
71 87
71 154
72 163
72 72
72 170
72 87
72 127
72 85
73 73
73 178
73 147
73 84
73 118
73 154
73 125
74 99
74 133
74 102
74 113
74 74
74 127
74 78
74 79
74 81
74 163
74 155
74 156
74 95
75 171
75 140
75 75
75 108
75 141
75 111
75 76
75 114
75 117
75 169
75 143
76 149
76 171
76 169
76 76
76 141
76 143
76 140
76 180
76 117
76 150
76 111
76 126
77 110
77 151
77 88
77 89
77 90
77 91
77 92
77 77
77 94
78 80
78 99
78 124
78 78
78 79
78 81
78 82
78 156
78 157
78 85
79 80
79 99
79 124
79 79
79 81
79 82
79 115
79 156
79 157
79 85
80 80
80 137
80 157
81 99
81 133
81 113
81 81
81 163
81 85
81 95
81 156
81 127
82 144
82 167
82 168
82 157
82 82
82 115
82 119
83 160
83 124
83 138
83 86
83 175
83 83
83 148
83 85
83 154
83 125
84 97
84 98
84 178
84 147
84 84
85 99
85 163
85 138
85 160
85 170
85 152
85 127
85 156
85 85
86 138
86 160
86 87
86 86
87 138
87 160
87 87
88 131
88 165
88 166
88 177
88 88
88 90
88 91
88 92
88 93
88 94
89 89
89 90
89 94
90 126
90 166
90 90
90 91
90 92
90 94
91 165
91 166
91 141
91 91
91 92
91 93
91 94
92 164
92 165
92 166
92 141
92 92
92 93
92 94
93 131
93 164
93 165
93 166
93 177
93 145
93 102
93 155
93 150
93 93
94 166
94 140
94 110
94 141
94 151
94 143
94 94
95 129
95 102
95 104
95 145
95 174
95 175
95 113
95 144
95 95
96 96
96 98
96 119
96 109
96 121
96 106
97 123
97 97
97 98
97 103
97 128
97 107
97 173
97 176
97 178
98 98
98 103
98 107
98 173
98 153
98 123
99 99
99 113
99 156
99 157
100 161
100 100
100 146
100 135
100 136
100 172
100 141
100 118
100 121
100 120
100 132
100 122
100 126
101 164
101 101
101 134
101 142
101 105
101 147
101 116
101 152
101 148
102 136
102 113
102 102
102 135
102 104
102 146
102 145
102 120
102 122
103 128
103 107
103 173
103 176
103 178
103 123
103 132
103 103
103 126
104 129
104 130
104 113
104 104
104 174
104 175
104 145
104 146
105 134
105 105
105 172
105 147
105 116
105 118
105 148
106 144
106 167
106 108
106 106
106 119
106 109
106 168
106 112
106 115
106 114
106 147
107 128
107 107
107 173
107 142
107 176
107 178
107 123
107 132
108 108
108 109
108 111
108 112
108 114
108 117
108 158
108 159
109 168
109 109
109 111
109 112
109 114
109 117
109 158
109 159
110 137
110 110
110 158
110 151
110 159
111 169
111 171
111 111
111 112
111 114
111 117
111 121
112 137
112 151
112 158
112 112
112 114
112 117
112 159
113 133
113 145
113 113
113 146
113 163
113 127
114 114
114 121
114 117
114 169
114 158
114 159
115 144
115 167
115 168
115 115
115 119
115 148
116 172
116 147
116 116
116 118
116 148
116 134
117 169
117 117
117 121
118 134
118 172
118 147
118 137
118 120
118 155
118 118
118 126
119 162
119 168
119 119
119 144
119 155
120 133
120 135
120 136
120 120
120 122
120 126
120 166
121 135
121 121
121 153
122 131
122 133
122 135
122 136
122 146
122 145
122 122
122 126
123 128
123 173
123 142
123 176
123 178
123 123
123 132
124 129
124 130
124 167
124 174
124 175
124 124
124 125
125 160
125 130
125 129
125 174
125 142
125 175
125 152
125 154
125 125
126 134
126 136
126 169
126 135
126 172
126 126
127 163
127 133
127 136
127 170
127 127
128 128
128 132
128 173
128 142
128 176
129 129
129 145
129 130
129 174
129 175
129 142
130 130
130 142
130 174
130 175
131 131
131 132
131 165
131 166
131 177
131 176
131 136
131 164
131 155
132 132
132 177
132 173
132 176
133 163
133 133
133 136
133 135
134 155
134 134
134 172
134 147
134 148
134 154
135 135
135 136
135 146
136 136
136 146
137 137
137 172
137 151
137 158
137 159
138 160
138 138
138 157
138 179
138 156
138 154
139 161
139 176
139 139
140 171
140 169
140 140
140 141
140 143
140 158
140 150
140 159
141 171
141 169
141 141
141 143
141 158
141 150
141 159
142 142
142 176
142 149
143 171
143 143
143 153
143 159
143 151
143 158
144 144
144 167
144 168
144 174
145 145
145 146
145 180
145 149
145 150
146 165
146 146
147 148
147 172
147 147
148 172
148 157
148 152
148 148
149 169
149 171
149 180
149 149
149 150
150 164
150 165
150 169
150 171
150 180
150 150
151 151
151 158
151 159
152 152
153 167
153 153
153 158
153 159
154 154
155 164
155 165
155 177
155 155
156 157
156 179
156 156
157 157
158 159
158 158
159 159
160 160
161 161
161 176
162 162
162 176
162 179
163 163
163 170
164 165
164 164
164 166
164 177
165 165
165 166
165 177
166 166
166 177
167 167
167 174
167 168
167 175
168 168
169 171
169 180
169 169
170 170
171 171
171 180
172 172
173 173
173 176
173 178
174 174
174 175
175 175
176 176
177 177
178 178
179 179
180 180
