1 128
1 1
1 132
1 131
1 4
1 103
1 107
1 173
1 15
1 176
1 88
1 89
1 90
1 123
2 112
2 33
2 2
2 20
2 110
2 23
2 137
2 151
2 94
2 158
2 159
3 96
3 97
3 130
3 3
3 103
3 24
3 67
3 107
3 125
3 142
3 173
4 128
4 132
4 4
4 103
4 107
4 172
4 173
4 176
4 178
4 179
4 89
4 123
5 33
5 67
5 68
5 101
5 6
5 7
5 73
5 11
5 12
5 178
5 84
5 56
5 154
5 5
6 6
6 7
6 73
6 11
6 46
6 157
6 80
6 22
6 56
6 154
6 125
7 68
7 7
7 73
7 11
7 12
7 178
7 84
7 56
7 154
7 101
8 96
8 168
8 26
8 54
8 55
8 8
8 167
8 106
8 119
8 10
8 45
9 32
9 34
9 179
9 41
9 11
9 173
9 46
9 13
9 16
9 51
9 52
9 53
9 9
9 56
9 57
9 58
9 60
10 96
10 165
10 168
10 106
10 55
10 93
10 144
10 10
10 54
10 119
10 26
10 59
10 58
11 73
11 11
11 80
11 152
11 20
11 89
11 56
11 57
11 154
11 157
12 97
12 98
12 67
12 68
12 73
12 103
12 12
12 34
12 178
12 84
12 24
13 123
13 179
13 101
13 13
13 46
13 45
13 16
13 51
13 53
13 152
13 58
13 59
13 29
14 96
14 32
14 34
14 67
14 121
14 102
14 41
14 44
14 14
14 60
14 83
14 52
14 85
14 22
14 57
14 153
14 156
15 162
15 35
15 36
15 37
15 38
15 39
15 42
15 139
15 77
15 15
15 49
15 17
15 27
15 29
15 30
15 159
16 68
16 101
16 46
16 45
16 16
16 51
16 180
16 149
16 150
16 152
16 52
16 154
16 53
17 161
17 162
17 35
17 132
17 134
17 39
17 105
17 42
17 172
17 49
17 147
17 116
17 17
17 148
17 27
17 29
17 30
18 160
18 65
18 99
18 69
18 72
18 64
18 138
18 86
18 78
18 61
18 18
18 163
18 85
18 22
18 87
18 121
18 156
18 170
18 21
19 161
19 100
19 102
19 135
19 40
19 145
19 75
19 146
19 49
19 50
19 19
19 25
19 122
19 28
20 144
20 167
20 168
20 137
20 110
20 47
20 80
20 56
20 82
20 115
20 20
20 152
20 157
21 160
21 65
21 99
21 69
21 72
21 64
21 138
21 61
21 78
21 79
21 81
21 163
21 85
21 87
21 121
21 127
21 156
21 170
21 21
22 160
22 65
22 70
22 71
22 138
22 80
22 83
22 85
22 22
22 154
22 157
22 62
23 35
23 137
23 151
23 109
23 110
23 143
23 112
23 94
23 23
23 158
23 159
24 128
24 97
24 34
24 132
24 103
24 107
24 173
24 142
24 176
24 178
24 67
24 24
24 123
25 129
25 171
25 102
25 40
25 43
25 50
25 145
25 146
25 25
25 26
25 28
25 104
26 32
26 98
26 131
26 104
26 43
26 174
26 40
26 54
26 55
26 26
27 161
27 162
27 35
27 49
27 105
27 42
27 139
27 77
27 112
27 147
27 116
27 30
27 148
27 39
27 27
27 29
27 158
28 161
28 139
28 36
28 40
28 43
28 140
28 146
28 141
28 50
28 121
28 28
28 30
29 128
29 147
29 101
29 134
29 39
29 105
29 45
29 46
29 51
29 116
29 152
29 148
29 29
29 30
30 96
30 161
30 43
30 36
30 37
30 38
30 49
30 42
30 139
30 151
30 30
31 33
31 164
31 101
31 134
31 71
31 172
31 80
31 177
31 126
31 118
31 155
31 70
31 62
31 31
32 128
32 80
32 34
32 121
32 32
32 41
32 57
32 176
32 179
32 52
32 53
32 153
32 59
32 60
32 58
33 33
33 68
33 134
33 105
33 172
33 109
33 110
33 147
33 116
33 118
33 121
33 155
33 126
34 34
34 99
34 121
34 104
34 41
34 78
34 175
34 52
34 73
34 57
34 79
34 60
34 125
34 153
34 53
35 162
35 35
35 36
35 37
35 38
35 39
35 66
35 59
35 94
35 159
36 162
36 36
36 37
36 38
36 39
36 40
36 43
36 114
36 139
36 151
37 162
37 37
37 38
37 39
37 40
37 43
37 109
37 139
38 162
38 38
38 39
38 139
38 43
38 66
39 162
39 39
39 137
39 59
40 139
40 166
40 104
40 43
40 76
40 40
40 146
40 88
41 179
41 41
41 51
41 52
41 53
41 56
41 57
41 58
41 59
41 60
41 153
42 147
42 100
42 139
42 49
42 161
42 42
42 151
43 161
43 43
43 92
43 139
43 111
43 117
43 91
44 96
44 136
44 169
44 108
44 109
44 111
44 114
44 117
44 55
44 120
44 121
44 44
45 101
45 103
45 105
45 45
45 46
45 51
45 148
45 119
45 152
46 101
46 73
46 46
46 51
46 180
46 149
46 152
46 148
46 52
47 144
47 48
47 82
47 115
47 179
47 167
47 168
47 137
47 106
47 47
48 144
48 99
48 167
48 104
48 74
48 78
48 79
48 48
48 81
48 82
48 115
48 52
48 174
48 175
48 124
48 95
49 161
49 100
49 49
49 139
49 108
49 50
49 114
49 122
50 161
50 131
50 100
50 166
50 102
50 145
50 136
50 135
50 50
50 146
50 120
50 122
51 128
51 179
51 168
51 51
51 53
51 54
51 152
51 58
51 59
51 60
52 149
52 57
52 60
52 179
52 52
52 180
52 154
52 124
52 53
53 144
53 107
53 173
53 53
53 57
53 123
53 60
54 96
54 167
54 168
54 106
54 119
54 144
54 54
54 55
54 152
55 96
55 167
55 106
55 55
55 109
55 168
55 148
55 119
55 121
56 110
56 80
56 56
56 89
56 154
56 60
56 157
57 179
57 153
57 57
57 58
57 59
57 60
58 179
58 115
58 58
58 59
58 60
59 162
59 179
59 59
59 60
60 179
60 60
60 153
61 64
61 163
61 136
61 170
61 177
61 87
61 72
61 61
61 85
61 127
62 160
62 65
62 98
62 69
62 70
62 71
62 138
62 83
62 87
62 154
62 86
62 62
63 171
63 100
63 108
63 75
63 76
63 141
63 111
63 114
63 169
63 140
63 151
63 143
63 158
63 63
64 64
64 177
64 163
64 87
64 72
64 170
64 127
64 85
65 160
65 65
65 69
65 87
65 121
65 138
65 85
66 66
66 139
66 77
66 110
66 158
66 151
66 88
66 89
66 90
66 91
66 92
66 94
67 97
67 98
67 68
67 103
67 73
67 107
67 173
67 178
67 67
67 84
67 121
67 123
68 98
68 68
68 97
68 73
68 178
68 84
68 154
69 160
69 130
69 69
69 70
69 71
69 72
69 138
69 86
69 87
69 155
70 160
70 98
70 70
70 71
70 83
70 84
70 87
70 154
70 86
71 160
71 98
71 71
71 138
71 83
71 87
71 86
72 163
72 150
72 87
72 72
72 170
72 127
73 97
73 73
73 178
73 84
73 154
73 125
74 149
74 99
74 164
74 133
74 102
74 113
74 74
74 78
74 79
74 81
74 174
74 95
74 156
74 85
75 171
75 169
75 75
75 76
75 141
75 111
75 108
75 114
75 180
75 117
75 120
75 140
75 143
76 149
76 171
76 169
76 140
76 141
76 111
76 76
76 146
76 180
76 117
76 150
76 143
77 137
77 162
77 110
77 77
77 158
77 151
77 89
77 90
77 94
77 159
78 80
78 99
78 124
78 138
78 78
78 79
78 81
78 157
78 156
78 85
79 80
79 99
79 124
79 79
79 81
79 157
79 156
79 138
79 85
80 80
80 154
80 157
81 163
81 133
81 113
81 127
81 81
81 99
81 95
81 156
81 85
81 149
82 144
82 82
82 115
82 167
82 168
82 137
82 152
82 157
83 160
83 130
83 86
83 138
83 175
83 83
83 85
83 154
83 124
83 125
84 97
84 98
84 84
84 121
84 154
85 99
85 163
85 160
85 138
85 157
85 156
85 85
86 160
86 98
86 138
86 130
86 86
86 87
86 153
86 155
87 138
87 160
87 170
87 87
87 149
88 131
88 164
88 165
88 166
88 135
88 177
88 88
88 90
88 91
88 92
88 93
89 110
89 118
89 89
89 90
89 94
90 131
90 100
90 166
90 90
90 91
90 92
90 94
91 131
91 165
91 166
91 140
91 141
91 143
91 91
91 92
91 93
91 94
92 131
92 165
92 166
92 140
92 141
92 143
92 177
92 92
92 93
92 94
93 131
93 164
93 165
93 166
93 177
93 93
93 113
93 155
93 150
93 153
93 170
93 127
94 137
94 151
94 143
94 110
94 158
94 94
94 159
95 129
95 113
95 102
95 177
95 104
95 145
95 174
95 175
95 146
95 95
96 96
96 119
96 109
96 117
96 121
97 128
97 97
97 98
97 103
97 107
97 173
97 178
97 121
97 123
98 98
98 153
99 99
99 113
99 156
99 157
100 161
100 100
100 135
100 136
100 172
100 117
100 118
100 120
100 122
100 126
101 164
101 134
101 168
101 105
101 147
101 116
101 152
101 148
101 101
102 145
102 102
102 113
102 104
102 146
103 107
103 134
103 105
103 128
103 103
103 142
103 173
103 176
103 178
103 148
103 132
103 123
104 129
104 145
104 177
104 174
104 175
104 104
104 146
104 180
104 150
105 134
105 105
105 172
105 147
105 116
105 152
105 148
106 144
106 167
106 168
106 106
106 119
106 109
106 112
106 114
106 115
106 148
107 123
107 128
107 107
107 173
107 142
107 176
107 178
107 118
107 132
108 169
108 108
108 109
108 111
108 112
108 114
108 117
108 151
108 158
109 168
109 109
109 111
109 112
109 114
109 117
109 119
109 158
109 159
110 134
110 137
110 151
110 110
110 158
110 116
110 159
111 169
111 171
111 111
111 114
111 117
111 121
111 126
112 168
112 137
112 151
112 112
112 114
112 117
112 158
112 159
113 163
113 133
113 113
113 145
113 146
113 180
113 127
114 161
114 139
114 114
114 117
114 121
115 144
115 167
115 168
115 174
115 115
115 119
116 134
116 172
116 147
116 116
116 118
116 148
117 117
117 169
117 121
118 155
118 134
118 135
118 172
118 147
118 118
118 120
118 126
118 159
119 168
119 119
119 144
120 133
120 135
120 136
120 120
120 122
120 126
120 127
121 121
121 153
122 166
122 145
122 136
122 135
122 146
122 122
122 126
122 127
123 128
123 142
123 173
123 176
123 178
123 123
123 132
124 129
124 130
124 167
124 174
124 175
124 124
124 125
125 129
125 130
125 174
125 175
125 154
125 125
126 134
126 135
126 136
126 172
126 132
126 126
127 163
127 133
127 170
127 135
127 136
127 127
128 128
128 173
128 142
128 176
128 147
128 132
129 129
129 130
129 150
129 145
129 175
129 174
130 160
130 130
130 164
130 175
130 155
131 131
131 132
131 165
131 166
131 136
131 177
131 155
132 173
132 142
132 176
132 179
132 132
133 133
133 163
133 165
133 136
133 135
133 170
134 134
134 172
134 147
134 142
134 137
134 148
134 155
135 135
135 136
135 170
136 136
136 170
136 163
137 137
137 158
137 159
138 160
138 156
138 138
138 155
139 161
139 139
140 171
140 166
140 169
140 140
140 141
140 143
140 151
141 171
141 166
141 169
141 141
141 143
141 151
142 176
142 173
142 142
143 151
143 171
143 143
143 153
143 159
143 158
144 144
144 167
144 168
144 174
144 155
145 145
145 171
145 146
146 169
146 171
146 146
147 172
147 147
147 148
148 172
148 152
148 148
149 164
149 169
149 171
149 180
149 149
149 150
150 164
150 165
150 169
150 171
150 180
150 150
151 158
151 151
151 159
152 178
152 152
153 168
153 153
154 154
155 160
155 164
155 165
155 174
155 157
155 177
155 155
156 157
156 156
157 157
158 159
158 158
159 172
159 159
160 160
161 161
162 162
163 163
163 177
163 170
164 164
164 165
164 166
164 177
165 166
165 177
165 165
166 166
166 177
167 179
167 167
167 174
167 168
168 168
169 171
169 180
169 169
170 170
171 171
171 180
172 172
173 173
173 176
173 178
174 174
174 175
175 175
176 176
177 177
178 178
179 179
180 180
