1 1
1 66
1 131
1 4
1 77
1 176
1 49
1 19
1 89
1 132
1 90
1 94
2 161
2 2
2 137
2 151
2 110
2 112
2 94
2 23
2 153
2 159
2 158
2 63
3 128
3 123
3 3
3 132
3 176
3 103
3 24
3 169
3 107
3 173
3 142
4 128
4 132
4 131
4 4
4 5
4 10
4 107
4 172
4 173
4 176
4 89
4 123
5 97
5 67
5 5
5 6
5 7
5 73
5 11
5 12
5 152
5 178
5 179
5 56
5 154
6 6
6 7
6 41
6 11
6 79
6 80
6 179
6 73
6 56
6 154
6 157
7 32
7 68
7 7
7 73
7 11
7 12
7 80
7 178
7 84
7 56
7 57
7 154
7 60
8 96
8 118
8 134
8 8
8 10
8 55
8 168
8 54
8 119
8 121
8 26
8 106
9 32
9 34
9 179
9 41
9 142
9 144
9 51
9 52
9 53
9 9
9 57
9 58
9 60
10 96
10 68
10 165
10 168
10 106
10 55
10 13
10 46
10 93
10 26
10 51
10 84
10 54
10 119
10 121
10 10
11 80
11 79
11 20
11 56
11 154
11 11
11 13
11 157
12 97
12 67
12 68
12 73
12 103
12 12
12 173
12 14
12 16
12 178
12 84
12 24
12 154
13 128
13 16
13 162
13 35
13 101
13 51
13 167
13 39
13 45
13 46
13 13
13 179
13 152
13 58
13 59
13 29
14 96
14 32
14 34
14 169
14 74
14 44
14 14
14 111
14 53
14 121
14 57
14 156
14 95
15 162
15 35
15 36
15 37
15 38
15 39
15 105
15 139
15 15
15 17
15 148
15 55
15 27
15 29
15 30
16 164
16 179
16 46
16 142
16 45
16 16
16 24
16 51
16 52
16 149
16 150
16 152
16 57
16 58
16 59
16 60
16 93
17 161
17 132
17 134
17 17
17 105
17 42
17 172
17 49
17 147
17 116
17 148
17 27
17 29
17 30
18 96
18 65
18 163
18 69
18 70
18 71
18 138
18 160
18 86
18 18
18 83
18 85
18 22
18 87
18 156
18 62
18 21
19 100
19 102
19 33
19 145
19 161
19 42
19 146
19 49
19 50
19 19
19 40
19 117
19 151
19 25
19 28
20 162
20 167
20 137
20 110
20 47
20 80
20 82
20 115
20 20
20 56
20 39
20 157
21 160
21 65
21 163
21 165
21 133
21 177
21 72
21 156
21 138
21 64
21 61
21 81
21 21
21 22
21 87
21 127
21 86
21 170
21 85
21 69
22 160
22 65
22 99
22 164
22 138
22 78
22 79
22 83
22 22
22 121
22 154
22 156
22 157
22 62
22 85
23 112
23 33
23 63
23 110
23 23
23 137
23 151
23 94
23 158
23 159
24 128
24 97
24 34
24 132
24 103
24 107
24 173
24 142
24 178
24 67
24 24
24 176
24 123
24 31
25 102
25 40
25 43
25 146
25 111
25 145
25 50
25 25
25 104
25 26
25 28
26 103
26 104
26 43
26 174
26 89
26 40
26 54
26 55
26 26
27 161
27 37
27 38
27 105
27 42
27 139
27 176
27 147
27 116
27 134
27 148
27 27
27 29
27 30
28 161
28 139
28 36
28 40
28 43
28 109
28 49
28 30
28 89
28 28
28 158
29 162
29 35
29 147
29 101
29 38
29 39
29 168
29 105
29 45
29 51
29 116
29 152
29 148
29 29
29 30
30 161
30 43
30 36
30 37
30 49
30 105
30 42
30 139
30 147
30 132
30 30
31 33
31 134
31 137
31 172
31 147
31 116
31 118
31 105
31 155
31 126
31 31
32 32
32 34
32 123
32 41
32 48
32 178
32 179
32 52
32 53
32 57
32 58
32 59
32 60
33 33
33 155
33 100
33 134
33 161
33 172
33 112
33 147
33 118
33 126
33 159
34 96
34 34
34 99
34 121
34 103
34 104
34 41
34 44
34 175
34 52
34 53
34 73
34 57
34 154
34 60
35 162
35 35
35 36
35 37
35 38
35 39
35 168
35 45
35 51
35 119
35 132
36 162
36 36
36 37
36 38
36 39
36 40
36 139
36 43
36 132
37 162
37 37
37 38
37 39
37 40
37 139
37 43
37 132
38 162
38 38
38 39
38 40
38 139
38 43
38 132
39 162
39 39
39 45
39 152
39 56
40 161
40 139
40 40
40 43
40 108
40 77
40 114
40 117
40 89
40 63
41 179
41 41
41 51
41 52
41 53
41 57
41 58
41 59
41 60
42 161
42 100
42 146
42 49
42 42
42 172
42 77
42 50
42 147
42 122
42 159
43 161
43 43
43 139
43 112
44 96
44 163
44 69
44 108
44 44
44 50
44 111
44 114
44 117
44 86
44 55
44 121
44 109
45 51
45 162
45 164
45 101
45 167
45 173
45 46
45 45
45 107
45 148
45 152
45 123
46 164
46 179
46 46
46 51
46 149
46 150
46 152
46 58
46 59
46 93
46 101
47 48
47 101
47 167
47 168
47 137
47 144
47 47
47 80
47 82
47 115
47 119
48 144
48 99
48 167
48 104
48 74
48 78
48 79
48 48
48 82
48 115
48 174
48 175
48 124
48 157
48 95
49 66
49 100
49 145
49 161
49 135
49 146
49 49
49 50
49 94
49 122
50 129
50 100
50 102
50 145
50 50
50 146
50 122
50 126
51 51
51 101
51 179
51 53
51 152
51 58
51 59
52 179
52 52
52 149
52 150
52 57
52 58
52 59
52 60
52 154
52 53
53 128
53 179
53 53
53 57
53 60
54 96
54 98
54 167
54 168
54 106
54 55
54 144
54 54
54 119
55 96
55 118
55 106
55 119
55 172
55 168
55 147
55 55
55 121
56 80
56 82
56 56
56 154
56 157
57 179
57 57
57 58
57 59
57 60
57 157
58 128
58 179
58 58
58 59
58 60
59 128
59 179
59 59
59 60
60 179
60 60
61 64
61 163
61 69
61 136
61 170
61 75
61 72
61 87
61 153
61 61
61 127
62 160
62 65
62 98
62 68
62 69
62 70
62 71
62 138
62 83
62 84
62 85
62 87
62 86
62 93
62 62
63 137
63 66
63 110
63 77
63 158
63 151
63 89
63 63
63 94
63 159
64 64
64 163
64 69
64 136
64 170
64 75
64 72
64 87
64 120
64 153
64 127
65 160
65 65
65 83
65 121
65 138
65 156
65 85
66 66
66 77
66 110
66 151
66 88
66 89
66 90
66 91
66 92
66 94
67 96
67 97
67 98
67 67
67 68
67 103
67 73
67 107
67 173
67 178
67 84
67 123
68 97
68 98
68 68
68 70
68 73
68 71
68 84
68 154
69 160
69 98
69 69
69 70
69 71
69 72
69 170
69 130
69 86
69 87
69 153
69 165
70 160
70 98
70 70
70 71
70 130
70 83
70 84
70 86
70 87
70 153
70 93
71 160
71 98
71 71
71 169
71 138
71 130
71 83
71 84
71 86
71 87
71 153
72 163
72 72
72 170
72 111
72 180
72 86
72 87
72 153
72 127
73 97
73 73
73 178
73 84
73 154
73 125
74 99
74 133
74 102
74 113
74 74
74 174
74 78
74 175
74 81
74 79
74 156
74 95
75 130
75 171
75 114
75 145
75 169
75 170
75 75
75 76
75 141
75 111
75 108
75 140
75 180
75 117
75 143
76 98
76 171
76 169
76 76
76 141
76 143
76 108
76 114
76 180
76 111
76 140
77 137
77 77
77 110
77 158
77 89
77 90
77 94
77 159
78 80
78 99
78 164
78 124
78 157
78 78
78 79
78 81
78 85
78 156
78 138
79 80
79 99
79 164
79 124
79 157
79 79
79 81
79 85
79 156
79 138
80 80
80 82
80 152
80 157
81 99
81 133
81 102
81 113
81 81
81 163
81 95
81 156
81 85
81 165
82 167
82 168
82 144
82 152
82 82
82 115
82 119
82 157
83 160
83 130
83 138
83 83
83 85
83 154
83 124
83 125
83 149
84 97
84 98
84 84
84 154
84 125
85 160
85 99
85 133
85 138
85 121
85 163
85 156
85 85
86 160
86 130
86 169
86 138
86 98
86 86
86 87
86 153
87 163
87 170
87 177
87 87
87 153
88 131
88 165
88 166
88 140
88 141
88 177
88 102
88 88
88 90
88 91
88 92
88 93
89 137
89 110
89 89
89 90
89 94
90 131
90 166
90 136
90 140
90 90
90 91
90 92
90 94
91 131
91 165
91 166
91 140
91 141
91 143
91 177
91 153
91 91
91 92
91 94
92 131
92 165
92 166
92 140
92 141
92 143
92 177
92 153
92 92
92 94
93 149
93 164
93 166
93 175
93 177
93 174
93 150
93 93
93 165
94 137
94 151
94 159
94 110
94 158
94 94
95 144
95 102
95 113
95 145
95 174
95 175
95 146
95 104
95 95
96 160
96 97
96 114
96 96
96 109
96 142
96 121
97 97
97 98
97 103
97 128
97 107
97 173
97 178
97 123
98 98
98 171
98 153
99 99
99 133
99 113
99 124
99 157
99 156
99 138
100 100
100 145
100 136
100 161
100 135
100 172
100 146
100 142
100 118
100 120
100 122
100 126
101 155
101 164
101 101
101 134
101 105
101 115
101 148
101 152
101 116
102 129
102 102
102 113
102 145
102 171
102 146
102 174
102 104
103 128
103 132
103 103
103 107
103 173
103 176
103 178
103 123
104 129
104 104
104 174
104 175
104 145
104 146
105 161
105 134
105 105
105 139
105 142
105 147
105 116
105 148
106 167
106 172
106 106
106 119
106 108
106 109
106 112
106 168
106 114
106 115
106 117
107 128
107 107
107 142
107 173
107 176
107 178
107 132
107 123
108 108
108 109
108 143
108 112
108 114
108 117
108 151
108 120
108 111
108 158
109 109
109 111
109 112
109 114
109 117
109 151
109 121
109 158
110 137
110 151
110 172
110 110
110 158
110 159
111 130
111 140
111 171
111 114
111 121
111 117
111 169
111 111
111 143
111 127
112 168
112 112
112 114
112 117
112 151
112 158
112 159
113 163
113 133
113 113
113 145
113 169
113 146
113 127
114 169
114 136
114 114
114 117
114 151
114 121
114 126
115 144
115 167
115 168
115 115
115 119
115 153
116 155
116 134
116 172
116 176
116 147
116 116
116 148
117 135
117 117
117 151
117 121
117 158
118 134
118 135
118 172
118 147
118 118
118 120
118 132
118 122
118 155
118 126
119 162
119 167
119 119
119 144
119 168
120 120
120 135
120 136
120 122
120 170
120 126
120 127
121 133
121 146
121 121
121 138
122 135
122 136
122 172
122 142
122 122
122 126
122 127
123 128
123 142
123 173
123 176
123 178
123 148
123 132
123 123
124 129
124 130
124 164
124 174
124 175
124 124
124 125
125 129
125 130
125 149
125 175
125 178
125 174
125 125
126 135
126 136
126 172
126 126
127 163
127 133
127 135
127 170
127 136
127 127
128 128
128 142
128 173
128 176
128 178
128 132
129 129
129 171
129 145
129 175
129 146
129 130
130 130
130 177
130 175
131 131
131 166
131 136
131 142
131 177
131 132
132 132
132 173
132 142
132 176
132 139
133 133
133 163
133 156
134 155
134 134
134 172
134 147
134 148
135 136
135 135
135 170
136 136
136 170
137 137
137 159
137 158
138 149
138 138
138 160
138 156
139 161
139 139
140 171
140 166
140 169
140 140
140 141
140 145
140 180
140 151
140 143
141 171
141 166
141 169
141 141
141 143
141 145
141 180
141 151
142 173
142 142
142 176
143 151
143 171
143 166
143 146
143 180
143 169
143 143
143 158
144 144
144 179
144 167
144 168
144 174
145 145
145 146
146 146
147 155
147 161
147 172
147 176
147 147
147 148
148 152
148 148
149 164
149 165
149 169
149 171
149 174
149 150
149 180
149 149
150 160
150 164
150 165
150 169
150 171
150 180
150 150
151 158
151 151
151 159
152 164
152 152
153 167
153 153
154 154
155 164
155 167
155 172
155 177
155 155
156 157
156 156
157 157
158 158
158 159
159 159
160 160
161 172
161 161
162 162
163 163
163 170
163 171
164 165
164 164
164 177
165 165
165 166
165 177
166 166
166 170
166 177
167 167
167 168
167 174
168 168
169 171
169 180
169 169
170 170
171 171
171 180
172 172
173 173
173 176
173 178
174 174
174 175
175 175
176 178
176 176
177 177
178 178
179 179
180 180
