1 128
1 1
1 131
1 4
1 166
1 176
1 19
1 88
1 132
1 90
1 91
1 92
2 2
2 137
2 106
2 151
2 108
2 110
2 112
2 23
2 56
2 42
2 158
2 159
3 129
3 130
3 3
3 107
3 34
3 142
3 175
3 180
3 149
3 118
3 24
3 123
3 124
3 125
4 66
4 123
4 4
4 103
4 40
4 89
4 90
4 107
4 178
4 173
5 68
5 5
5 6
5 7
5 73
5 11
5 12
5 17
5 147
5 84
5 56
5 154
5 134
6 80
6 22
6 20
6 6
6 7
6 56
6 154
6 11
6 157
6 15
7 68
7 84
7 7
7 56
7 73
7 154
7 11
7 134
7 89
8 96
8 167
8 168
8 106
8 45
8 174
8 8
8 54
8 55
8 121
8 26
8 10
9 32
9 65
9 179
9 41
9 10
9 13
9 46
9 16
9 51
9 52
9 53
9 9
9 57
9 60
10 96
10 131
10 165
10 104
10 10
10 55
10 174
10 54
10 119
10 25
10 26
11 36
11 137
11 11
11 110
11 80
11 20
11 56
11 89
11 154
11 27
12 97
12 98
12 67
12 68
12 103
12 73
12 139
12 12
12 173
12 178
12 172
12 84
12 24
13 162
13 99
13 101
13 71
13 39
13 45
13 46
13 13
13 16
13 51
13 53
13 152
13 179
13 59
13 58
14 96
14 32
14 34
14 169
14 171
14 76
14 14
14 44
14 146
14 57
14 153
14 121
14 111
15 162
15 35
15 36
15 37
15 39
15 105
15 42
15 139
15 15
15 80
15 17
15 20
15 27
15 73
15 148
15 38
15 29
15 30
16 51
16 74
16 142
16 16
16 81
16 149
16 150
16 152
16 93
16 164
16 41
16 45
16 46
16 179
16 52
16 53
16 57
16 58
16 59
16 60
17 161
17 35
17 134
17 49
17 105
17 42
17 139
17 172
17 17
17 147
17 116
17 56
17 148
17 27
17 29
17 30
18 160
18 65
18 99
18 69
18 138
18 78
18 79
18 81
18 18
18 83
18 85
18 86
18 87
18 22
18 59
18 156
18 21
19 100
19 102
19 161
19 40
19 145
19 146
19 49
19 50
19 19
19 25
19 132
19 122
19 28
20 167
20 168
20 137
20 47
20 80
20 82
20 115
20 20
20 105
20 56
20 157
21 160
21 65
21 99
21 69
21 72
21 64
21 138
21 61
21 81
21 163
21 85
21 87
21 59
21 156
21 170
21 21
22 160
22 70
22 71
22 138
22 39
22 78
22 79
22 83
22 22
22 154
22 157
22 62
23 161
23 158
23 137
23 23
23 108
23 109
23 110
23 112
23 117
23 151
23 94
23 159
24 128
24 97
24 67
24 132
24 103
24 107
24 173
24 142
24 176
24 178
24 139
24 24
24 123
25 129
25 130
25 102
25 145
25 40
25 43
25 146
25 104
25 50
25 25
25 26
25 91
25 28
26 128
26 139
26 36
26 40
26 43
26 140
26 141
26 26
26 123
26 28
26 104
27 161
27 35
27 37
27 38
27 49
27 105
27 42
27 29
27 147
27 116
27 148
27 139
27 27
27 106
27 30
28 161
28 139
28 40
28 42
28 43
28 77
28 49
28 117
28 28
28 30
29 162
29 35
29 101
29 38
29 39
29 105
29 167
29 45
29 51
29 116
29 152
29 148
29 29
29 37
30 161
30 43
30 36
30 49
30 40
30 105
30 42
30 139
30 178
30 147
30 30
31 33
31 147
31 116
31 118
31 134
31 105
31 153
31 155
31 172
31 126
31 31
32 32
32 34
32 41
32 113
32 179
32 52
32 153
32 57
32 58
32 59
32 60
33 33
33 100
33 134
33 161
33 172
33 109
33 110
33 112
33 147
33 116
33 118
33 155
33 126
34 34
34 121
34 169
34 170
34 44
34 145
34 52
34 41
34 153
34 57
34 60
35 162
35 35
35 36
35 37
35 38
35 39
35 168
35 119
35 68
35 154
36 96
36 162
36 36
36 37
36 38
36 39
36 40
36 98
36 43
36 139
37 162
37 37
37 38
37 39
37 43
37 139
37 154
38 162
38 38
38 39
38 47
38 43
38 139
38 84
38 154
39 51
39 162
39 39
39 45
39 157
39 115
40 161
40 43
40 40
40 139
40 77
40 111
40 176
40 63
40 94
41 41
41 87
41 179
41 52
41 53
41 153
41 57
41 58
41 59
41 60
42 96
42 161
42 134
42 49
42 42
42 139
42 172
42 110
42 147
42 116
43 161
43 107
43 108
43 139
43 44
43 173
43 43
43 114
43 158
43 151
43 123
43 159
44 96
44 44
44 108
44 109
44 111
44 112
44 114
44 117
44 55
44 121
45 144
45 162
45 101
45 71
45 45
45 46
45 51
45 148
45 152
45 124
46 149
46 164
46 179
46 46
46 142
46 51
46 174
46 87
46 152
46 58
46 59
46 101
47 144
47 167
47 168
47 106
47 47
47 80
47 82
47 115
47 119
47 56
48 144
48 99
48 167
48 168
48 74
48 78
48 79
48 48
48 81
48 82
48 115
48 174
48 152
48 175
48 124
48 95
49 161
49 100
49 49
49 139
49 108
49 50
50 100
50 102
50 136
50 92
50 171
50 50
50 145
50 146
50 126
50 88
50 122
50 91
50 135
50 120
51 101
51 70
51 51
51 53
51 152
51 58
51 59
51 62
52 163
52 72
52 57
52 142
52 113
52 179
52 52
52 149
52 150
52 104
52 58
52 60
52 53
53 99
53 101
53 70
53 138
53 174
53 53
53 153
53 57
53 60
54 96
54 101
54 167
54 168
54 119
54 174
54 144
54 54
54 55
54 106
55 96
55 167
55 119
55 144
55 168
55 148
55 55
55 121
55 106
56 137
56 110
56 80
56 56
56 89
57 133
57 179
57 153
57 57
57 58
57 59
57 60
58 69
58 175
58 174
58 179
58 59
58 60
58 58
59 179
59 86
59 152
59 59
59 60
59 85
60 133
60 179
60 60
60 95
61 64
61 65
61 163
61 133
61 72
61 170
61 93
61 87
61 61
61 85
61 127
62 160
62 83
62 69
62 71
62 138
62 87
62 70
62 86
62 62
63 141
63 66
63 158
63 151
63 143
63 159
63 140
63 77
63 94
63 63
64 64
64 65
64 163
64 133
64 136
64 170
64 93
64 72
64 85
64 87
64 127
65 65
65 69
65 72
65 138
65 160
65 86
65 87
65 152
65 156
65 85
66 66
66 166
66 140
66 141
66 77
66 143
66 89
66 151
66 88
66 153
66 90
66 91
66 92
66 94
67 97
67 98
67 67
67 68
67 139
67 103
67 73
67 107
67 173
67 178
67 84
67 118
68 97
68 98
68 68
68 73
68 178
68 116
68 84
68 154
69 160
69 69
69 70
69 71
69 85
69 86
69 87
70 160
70 98
70 70
70 71
70 138
70 83
70 84
70 87
70 86
70 101
71 160
71 98
71 71
71 138
71 83
71 87
71 86
72 163
72 133
72 72
72 170
72 87
72 127
72 85
73 97
73 98
73 73
73 178
73 84
73 154
73 125
74 99
74 113
74 133
74 102
74 177
74 74
74 78
74 81
74 163
74 85
74 164
74 127
74 156
74 95
75 171
75 100
75 169
75 75
75 108
75 141
75 143
75 76
75 114
75 180
75 117
75 111
75 140
76 135
76 169
76 171
76 140
76 141
76 143
76 76
76 114
76 180
76 117
76 120
76 122
76 111
77 77
77 143
77 94
77 151
77 89
77 90
77 158
77 159
78 99
78 82
78 78
78 79
78 157
78 85
78 155
78 156
78 138
79 80
79 99
79 101
79 138
79 82
79 79
79 115
79 85
79 156
79 157
80 80
80 82
80 154
80 157
81 99
81 133
81 81
81 113
81 163
81 127
81 156
81 85
81 95
82 162
82 99
82 167
82 168
82 144
82 82
82 115
82 119
82 157
83 160
83 101
83 138
83 86
83 83
83 154
83 124
83 125
84 97
84 98
84 84
84 154
84 125
85 99
85 160
85 163
85 138
85 87
85 156
85 85
86 160
86 138
86 86
86 87
86 152
86 155
87 160
87 179
87 87
88 131
88 165
88 166
88 140
88 141
88 177
88 88
88 153
88 122
88 91
88 92
88 90
89 161
89 137
89 110
89 158
89 89
89 94
90 166
90 141
90 94
90 90
90 91
90 92
90 126
91 165
91 166
91 171
91 140
91 141
91 143
91 91
91 92
92 131
92 165
92 166
92 140
92 141
92 143
92 150
92 92
92 93
93 131
93 164
93 165
93 166
93 177
93 127
93 93
93 113
93 149
93 150
93 155
93 133
94 151
94 140
94 141
94 143
94 158
94 153
94 159
94 94
95 129
95 130
95 102
95 113
95 104
95 145
95 174
95 175
95 144
95 95
96 96
96 106
96 119
96 109
96 121
96 153
97 97
97 98
97 139
97 103
97 107
97 173
97 178
97 123
98 98
98 103
98 153
98 116
99 99
99 156
99 157
99 138
100 128
100 100
100 161
100 136
100 172
100 146
100 111
100 118
100 120
100 121
100 122
100 143
100 135
100 126
101 164
101 101
101 105
101 177
101 125
101 116
101 152
101 148
101 155
102 131
102 102
102 145
102 104
102 146
102 113
102 127
103 128
103 103
103 161
103 107
103 173
103 176
103 178
103 132
103 123
104 129
104 130
104 113
104 104
104 174
104 175
104 145
104 146
105 148
105 134
105 105
105 142
105 147
105 116
106 115
106 167
106 168
106 106
106 119
106 108
106 109
106 112
106 114
106 147
107 128
107 107
107 173
107 142
107 176
107 178
107 132
107 123
108 108
108 109
108 111
108 112
108 114
108 117
108 151
108 158
108 159
109 151
109 109
109 112
109 114
109 117
109 121
109 158
109 159
110 137
110 110
110 112
110 118
110 151
110 158
110 159
111 171
111 140
111 169
111 141
111 114
111 117
111 111
111 121
111 143
112 137
112 151
112 112
112 114
112 117
112 158
112 159
113 163
113 133
113 113
113 145
113 170
113 127
114 114
114 117
114 151
114 121
114 158
114 159
115 144
115 162
115 168
115 167
115 115
115 119
115 124
116 134
116 172
116 147
116 116
116 118
116 148
117 169
117 117
117 121
117 158
117 159
118 134
118 172
118 147
118 118
118 120
118 155
118 126
119 167
119 168
119 119
119 144
120 135
120 136
120 169
120 170
120 120
120 132
120 122
120 126
120 127
121 153
121 121
122 136
122 135
122 145
122 146
122 122
122 126
123 128
123 173
123 142
123 176
123 178
123 132
123 123
124 129
124 130
124 167
124 168
124 144
124 174
124 175
124 124
124 125
125 129
125 130
125 167
125 174
125 175
125 125
126 135
126 136
126 172
126 141
126 126
127 163
127 133
127 135
127 170
127 136
127 127
128 128
128 173
128 142
128 176
128 178
128 132
129 129
129 130
129 174
129 175
129 145
129 149
130 149
130 130
130 142
130 175
130 145
130 174
130 150
131 131
131 132
131 165
131 176
131 177
131 166
132 132
132 173
132 142
132 176
133 163
133 133
133 170
134 134
134 172
134 147
134 148
134 155
135 136
135 146
135 135
135 170
136 166
136 136
136 170
136 146
136 142
137 137
137 172
137 151
137 158
137 159
138 160
138 138
138 155
138 156
138 157
139 161
139 178
139 139
140 171
140 166
140 140
140 141
140 180
140 169
140 143
141 171
141 166
141 141
141 143
141 180
141 169
142 176
142 173
142 180
142 142
142 148
143 171
143 180
143 169
143 143
144 144
144 167
144 168
144 174
144 175
145 145
145 146
146 166
146 146
147 161
147 172
147 147
147 148
148 167
148 152
148 148
149 164
149 165
149 169
149 171
149 149
149 150
149 180
150 164
150 165
150 166
150 171
150 177
150 150
150 180
151 158
151 159
151 151
152 164
152 152
152 156
153 174
153 153
154 154
155 160
155 164
155 172
155 177
155 155
156 157
156 156
157 157
158 158
158 159
159 161
159 159
160 160
161 172
161 161
162 162
162 167
163 163
163 170
164 164
164 165
164 177
165 165
165 166
165 177
166 166
166 177
167 167
167 174
167 168
167 175
168 168
169 171
169 180
169 169
170 170
171 171
171 180
172 172
173 173
173 176
173 178
174 174
174 175
175 175
176 176
176 178
177 177
178 178
179 179
180 180
