1 128
1 1
1 66
1 131
1 4
1 105
1 134
1 41
1 107
1 173
1 176
1 51
1 116
1 89
1 132
1 57
1 123
1 60
2 2
2 137
2 94
2 109
2 110
2 77
2 112
2 82
2 20
2 46
2 23
2 56
2 158
2 159
3 128
3 123
3 3
3 132
3 176
3 103
3 24
3 121
3 107
3 173
3 142
4 128
4 66
4 131
4 4
4 101
4 103
4 132
4 173
4 176
4 107
4 89
4 123
5 97
5 178
5 67
5 68
5 5
5 73
5 7
5 84
5 154
5 12
5 34
6 65
6 34
6 6
6 7
6 138
6 11
6 80
6 20
6 22
6 56
6 154
6 157
7 65
7 34
7 68
7 7
7 73
7 11
7 12
7 84
7 56
7 154
8 144
8 168
8 52
8 106
8 54
8 55
8 8
8 96
8 26
8 167
8 10
9 32
9 179
9 9
9 23
9 13
9 46
9 16
9 51
9 52
9 53
9 41
9 152
9 57
9 58
9 60
10 96
10 168
10 166
10 54
10 55
10 25
10 10
10 119
10 26
10 104
11 80
11 65
11 52
11 22
11 56
11 20
11 154
11 11
11 157
12 97
12 98
12 67
12 68
12 73
12 103
12 12
12 14
12 178
12 84
12 24
13 45
13 179
13 13
13 77
13 46
13 109
13 16
13 17
13 51
13 53
13 152
13 58
13 59
13 29
13 158
14 128
14 65
14 73
14 78
14 79
14 81
14 14
14 22
14 121
14 24
14 153
14 154
14 156
14 95
14 32
14 34
14 99
14 103
14 104
14 41
14 107
14 44
14 173
14 175
14 113
14 52
14 117
14 169
14 57
14 123
14 124
14 125
15 162
15 35
15 36
15 37
15 38
15 39
15 42
15 139
15 44
15 15
15 49
15 17
15 43
15 27
15 29
15 30
16 164
16 101
16 46
16 45
16 16
16 82
16 51
16 180
16 149
16 150
16 152
16 52
16 53
17 27
17 147
17 101
17 39
17 105
17 42
17 108
17 45
17 17
17 51
17 116
17 152
17 148
17 49
17 29
18 160
18 65
18 99
18 69
18 72
18 64
18 138
18 61
18 78
18 79
18 18
18 163
18 180
18 85
18 22
18 87
18 156
18 170
18 21
19 161
19 131
19 100
19 102
19 104
19 75
19 146
19 145
19 50
19 19
19 40
19 25
19 122
19 28
19 30
20 144
20 167
20 168
20 137
20 79
20 80
20 82
20 115
20 20
20 56
20 52
20 47
20 157
21 64
21 160
21 99
21 72
21 138
21 61
21 78
21 79
21 81
21 163
21 85
21 150
21 87
21 127
21 156
21 170
21 21
22 160
22 65
22 69
22 71
22 138
22 86
22 80
22 83
22 85
22 22
22 56
22 154
22 70
22 62
23 114
23 137
23 23
23 109
23 66
23 110
23 77
23 112
23 82
23 179
23 158
23 94
23 159
24 128
24 97
24 98
24 132
24 103
24 107
24 173
24 142
24 176
24 178
24 67
24 24
24 123
25 161
25 166
25 102
25 129
25 104
25 50
25 145
25 146
25 40
25 25
25 26
25 28
26 166
26 40
26 174
26 54
26 55
26 153
26 26
26 28
26 104
27 161
27 27
27 49
27 105
27 42
27 139
27 143
27 147
27 148
27 116
27 29
27 30
28 161
28 131
28 36
28 40
28 43
28 50
28 139
28 28
28 30
29 45
29 101
29 49
29 105
29 42
29 139
29 108
29 46
29 147
29 116
29 148
29 39
29 152
29 29
30 161
30 139
30 36
30 37
30 38
30 40
30 42
30 43
30 49
30 50
30 151
30 30
31 33
31 101
31 134
31 105
31 172
31 77
31 111
31 177
31 147
31 118
31 155
31 126
31 31
32 32
32 34
32 41
32 57
32 179
32 180
32 53
32 54
32 153
32 52
32 58
32 60
33 33
33 100
33 134
33 63
33 172
33 176
33 147
33 116
33 118
33 155
33 126
34 34
34 132
34 41
34 57
34 80
34 52
34 53
34 169
34 153
34 121
34 60
34 157
35 162
35 35
35 36
35 37
35 38
35 39
35 43
35 108
35 179
35 58
35 59
36 162
36 36
36 37
36 38
36 39
36 40
36 43
36 131
36 139
36 151
36 111
37 162
37 37
37 38
37 39
37 40
37 43
37 44
37 139
38 162
38 38
38 39
38 139
38 43
38 108
39 162
39 39
39 43
39 108
39 59
40 161
40 139
40 40
40 75
40 43
41 41
41 106
41 179
41 52
41 53
41 153
41 57
41 58
41 59
41 60
42 161
42 49
42 44
42 42
42 139
42 172
42 147
42 116
43 162
43 43
43 140
43 139
43 90
43 91
44 96
44 169
44 108
44 109
44 111
44 114
44 147
44 117
44 119
44 121
44 44
45 101
45 105
45 45
45 46
45 77
45 51
45 148
45 152
46 164
46 101
46 137
46 46
46 51
46 148
46 149
46 152
46 52
47 48
47 164
47 167
47 168
47 106
47 47
47 144
47 82
47 115
47 52
47 157
48 99
48 165
48 81
48 167
48 104
48 74
48 175
48 78
48 79
48 48
48 113
48 115
48 180
48 174
48 168
48 124
48 93
48 95
49 161
49 100
49 134
49 49
49 139
49 172
49 50
49 147
49 116
49 111
50 161
50 131
50 100
50 102
50 145
50 50
50 146
50 122
51 179
51 51
51 53
51 57
51 152
51 89
51 58
51 59
51 60
52 180
52 179
52 57
52 168
52 115
52 56
52 52
52 60
52 53
52 149
53 55
53 53
53 153
53 57
53 60
54 96
54 177
54 168
54 106
54 167
54 144
54 115
54 54
54 55
54 153
54 119
55 96
55 168
55 106
55 119
55 109
55 144
55 115
55 55
55 121
55 60
56 65
56 137
56 110
56 80
56 56
56 154
56 157
57 179
57 110
57 82
57 153
57 57
57 58
57 59
57 60
58 66
58 179
58 112
58 58
58 59
58 60
58 94
59 162
59 109
59 179
59 119
59 59
59 60
59 94
60 179
60 137
60 60
60 153
61 64
61 163
61 87
61 72
61 121
61 170
61 61
61 85
61 127
62 160
62 65
62 69
62 70
62 71
62 138
62 83
62 180
62 87
62 154
62 86
62 62
63 171
63 169
63 75
63 108
63 141
63 143
63 76
63 140
63 117
63 118
63 151
63 111
63 63
64 64
64 163
64 69
64 136
64 170
64 72
64 87
64 121
64 127
65 160
65 65
65 164
65 138
65 80
65 149
65 154
65 85
66 66
66 137
66 77
66 110
66 143
66 148
66 94
66 89
66 91
66 92
66 90
66 158
66 159
67 97
67 98
67 67
67 68
67 103
67 73
67 107
67 173
67 178
67 84
67 155
67 123
68 97
68 98
68 68
68 70
68 73
68 178
68 84
68 149
68 154
69 160
69 69
69 70
69 71
69 72
69 138
69 83
69 87
69 121
69 86
70 160
70 98
70 70
70 71
70 73
70 83
70 84
70 87
70 180
70 154
70 86
71 160
71 98
71 71
71 138
71 83
71 84
71 87
71 180
71 86
72 163
72 87
72 72
72 121
72 170
72 127
73 73
73 178
73 84
73 154
73 124
73 125
74 99
74 133
74 113
74 74
74 78
74 79
74 81
74 180
74 174
74 150
74 156
74 157
74 95
75 171
75 169
75 75
75 76
75 141
75 111
75 140
75 180
75 117
75 151
76 171
76 169
76 76
76 141
76 111
76 140
76 180
76 117
76 150
76 151
76 122
77 101
77 77
77 137
77 110
77 158
77 89
77 159
77 94
78 80
78 99
78 78
78 79
78 81
78 85
78 156
78 157
79 80
79 99
79 79
79 81
79 156
79 157
79 85
80 80
80 157
81 163
81 133
81 113
81 81
81 99
81 95
81 156
81 170
81 127
82 144
82 112
82 168
82 137
82 106
82 109
82 110
82 82
82 115
82 158
82 159
83 160
83 130
83 138
83 86
83 175
83 83
83 180
83 85
83 154
83 124
83 125
84 97
84 98
84 84
84 149
84 154
84 125
85 160
85 99
85 163
85 138
85 157
85 180
85 156
85 85
86 160
86 130
86 86
86 138
86 87
86 121
87 160
87 138
87 170
87 150
87 87
87 121
88 131
88 164
88 165
88 166
88 177
88 136
88 141
88 145
88 146
88 150
88 151
88 120
88 88
88 90
88 91
88 92
88 93
89 179
89 110
89 148
89 158
89 89
89 90
89 91
89 92
89 94
90 131
90 165
90 166
90 140
90 141
90 151
90 90
90 91
90 92
90 93
91 161
91 131
91 166
91 140
91 141
91 143
91 151
91 91
91 92
92 161
92 131
92 166
92 140
92 141
92 143
92 151
92 92
92 93
93 177
93 166
93 164
93 149
93 150
93 93
93 165
94 137
94 110
94 143
94 158
94 94
94 159
95 129
95 102
95 113
95 145
95 174
95 146
95 104
95 95
96 96
96 98
96 119
96 109
96 114
96 152
96 121
96 155
96 106
97 128
97 97
97 98
97 103
97 107
97 173
97 176
97 178
97 155
97 123
98 98
98 103
98 153
99 99
99 113
99 156
99 157
100 100
100 134
100 161
100 136
100 135
100 172
100 146
100 147
100 118
100 120
100 121
100 122
100 126
101 148
101 101
101 134
101 105
101 132
101 147
101 116
101 152
101 164
101 155
102 171
102 102
102 113
102 104
102 135
102 146
102 145
102 122
102 126
103 128
103 103
103 107
103 173
103 176
103 178
103 142
103 132
103 123
104 129
104 130
104 113
104 104
104 175
104 145
104 146
104 174
105 134
105 105
105 108
105 147
105 148
105 152
105 116
106 112
106 167
106 168
106 106
106 119
106 109
106 144
106 115
107 123
107 128
107 107
107 173
107 142
107 176
107 178
107 132
108 162
108 114
108 159
108 108
108 109
108 143
108 112
108 117
108 111
108 158
109 144
109 114
109 119
109 109
109 112
109 158
109 159
110 158
110 137
110 110
110 112
110 159
111 139
111 140
111 172
111 141
111 114
111 117
111 169
111 111
111 121
111 151
111 143
112 112
112 137
112 144
112 114
112 158
112 159
113 133
113 113
113 145
113 135
113 146
113 163
113 174
113 120
113 136
113 127
114 119
114 114
114 148
114 117
114 158
114 159
115 144
115 167
115 168
115 115
115 157
116 134
116 172
116 147
116 116
116 118
116 148
117 161
117 169
117 171
117 117
117 121
118 155
118 134
118 135
118 172
118 140
118 142
118 147
118 118
118 151
118 120
118 126
119 168
119 119
119 144
119 121
120 133
120 135
120 136
120 170
120 120
120 122
120 126
120 127
121 135
121 161
121 163
121 169
121 170
121 136
121 121
121 122
121 127
122 135
122 136
122 146
122 145
122 122
122 126
123 123
123 128
123 173
123 142
123 176
123 178
123 132
124 129
124 130
124 174
124 167
124 124
124 125
124 175
125 129
125 130
125 174
125 175
125 178
125 125
126 133
126 135
126 136
126 171
126 172
126 155
126 126
127 163
127 133
127 170
127 135
127 136
127 127
128 128
128 173
128 142
128 176
128 178
128 132
129 129
129 130
129 146
129 177
129 175
129 174
130 160
130 130
130 165
130 174
130 175
131 132
131 131
131 165
131 166
131 177
132 173
132 142
132 176
132 132
133 136
133 163
133 180
133 133
133 135
134 134
134 172
134 147
134 148
134 155
135 135
135 136
135 169
135 170
135 172
136 163
136 136
136 170
137 158
137 137
137 159
138 160
138 138
138 180
138 156
139 161
139 162
139 139
139 143
140 166
140 169
140 141
140 140
140 171
140 151
140 153
140 143
141 171
141 166
141 169
141 141
141 151
141 153
141 143
142 176
142 173
142 142
143 147
143 158
143 151
143 143
144 144
144 164
144 167
144 168
145 145
145 171
145 146
146 146
147 172
147 147
147 148
148 148
148 152
149 180
149 164
149 165
149 167
149 157
149 149
149 150
149 152
150 164
150 165
150 171
150 177
150 180
150 150
151 151
151 171
151 166
151 169
152 152
152 158
153 179
153 153
154 154
155 164
155 172
155 177
155 178
155 155
156 157
156 156
157 157
158 158
158 159
159 179
159 159
160 160
160 180
161 161
161 172
162 162
163 163
163 170
164 164
164 177
164 165
165 165
165 166
165 177
166 166
166 177
167 167
167 174
167 168
167 175
168 168
169 171
169 180
169 169
170 170
171 171
171 180
172 172
173 173
173 176
173 178
174 177
174 174
174 175
175 175
176 176
177 177
178 178
179 179
180 180
