1 128
1 1
1 132
1 131
1 4
1 166
1 107
1 173
1 176
1 123
1 88
1 25
1 90
1 91
1 92
2 2
2 134
2 137
2 106
2 151
2 108
2 109
2 110
2 112
2 23
2 158
2 159
3 96
3 129
3 130
3 3
3 134
3 128
3 107
3 142
3 176
3 24
3 123
3 125
4 128
4 66
4 67
4 4
4 97
4 40
4 103
4 12
4 173
4 176
4 178
4 107
4 123
5 98
5 68
5 5
5 6
5 7
5 73
5 11
5 12
5 84
5 56
5 116
5 154
5 31
6 36
6 6
6 7
6 11
6 80
6 83
6 20
6 22
6 56
6 154
6 124
7 68
7 7
7 73
7 11
7 12
7 17
7 84
7 56
7 116
7 154
7 27
8 96
8 101
8 167
8 168
8 106
8 45
8 174
8 175
8 8
8 54
8 55
8 26
8 10
9 160
9 65
9 99
9 32
9 41
9 13
9 45
9 46
9 175
9 16
9 51
9 52
9 53
9 9
9 152
9 57
9 156
9 60
10 96
10 54
10 104
10 10
10 55
10 142
10 174
10 150
10 119
10 25
10 26
10 149
11 80
11 20
11 56
11 105
11 154
11 11
11 110
11 137
12 97
12 98
12 67
12 68
12 73
12 103
12 12
12 178
12 84
12 24
12 30
13 144
13 162
13 35
13 101
13 39
13 83
13 45
13 46
13 13
13 16
13 51
13 53
13 152
13 29
13 62
14 96
14 32
14 34
14 169
14 44
14 130
14 14
14 111
14 52
14 121
14 153
14 57
14 60
15 35
15 36
15 37
15 38
15 39
15 105
15 42
15 43
15 45
15 15
15 17
15 148
15 73
15 139
15 27
15 29
15 30
16 164
16 179
16 41
16 87
16 174
16 46
16 45
16 16
16 51
16 52
16 149
16 150
16 152
16 93
16 53
17 161
17 101
17 134
17 17
17 105
17 42
17 139
17 49
17 147
17 116
17 148
17 27
17 29
17 30
18 160
18 65
18 99
18 69
18 138
18 78
18 46
18 79
18 18
18 85
18 86
18 87
18 22
18 156
18 21
19 128
19 161
19 100
19 135
19 145
19 75
19 140
19 50
19 49
19 146
19 19
19 25
19 122
19 28
20 167
20 168
20 137
20 106
20 47
20 80
20 82
20 115
20 148
20 56
20 20
20 157
21 64
21 65
21 69
21 72
21 138
21 78
21 79
21 81
21 99
21 85
21 87
21 156
21 160
21 163
21 164
21 170
21 74
21 58
21 59
21 61
21 21
22 160
22 65
22 83
22 86
22 71
22 138
22 78
22 79
22 80
22 51
22 22
22 154
22 70
22 157
22 62
23 137
23 151
23 108
23 109
23 110
23 112
23 114
23 172
23 23
23 89
23 31
23 159
23 158
23 63
24 128
24 97
24 67
24 132
24 103
24 107
24 173
24 142
24 176
24 178
24 24
24 123
24 30
25 130
25 50
25 49
25 102
25 129
25 40
25 43
25 76
25 141
25 145
25 146
25 25
25 104
25 90
25 28
25 26
26 66
26 107
26 36
26 40
26 43
26 77
26 143
26 139
26 173
26 104
26 26
26 123
26 28
26 94
27 161
27 49
27 105
27 42
27 139
27 147
27 148
27 116
27 27
27 29
27 30
28 161
28 43
28 40
28 42
28 107
28 44
28 49
28 139
28 151
28 28
28 30
29 35
29 101
29 168
29 105
29 45
29 51
29 148
29 55
29 152
29 116
29 29
29 37
30 97
30 43
30 49
30 40
30 105
30 42
30 139
30 161
30 178
30 147
30 116
30 137
30 30
31 33
31 134
31 105
31 172
31 110
31 108
31 147
31 116
31 117
31 73
31 155
31 118
31 126
31 31
32 32
32 34
32 104
32 41
32 113
32 179
32 52
32 57
32 153
32 58
32 59
32 60
33 33
33 98
33 100
33 134
33 161
33 172
33 147
33 118
33 120
33 155
33 126
34 34
34 169
34 170
34 44
34 52
34 41
34 57
34 153
34 121
34 60
35 162
35 35
35 36
35 37
35 38
35 39
35 82
35 51
35 68
35 154
36 162
36 36
36 37
36 39
36 40
36 73
36 43
36 139
36 38
37 162
37 37
37 38
37 39
37 40
37 139
37 98
37 47
37 43
38 162
38 38
38 39
38 168
38 43
38 98
38 40
38 82
38 51
38 84
38 139
39 162
39 39
39 45
39 51
39 59
39 157
40 43
40 40
40 139
40 89
41 41
41 87
41 81
41 179
41 52
41 153
41 57
41 58
41 59
41 60
42 96
42 161
42 134
42 49
42 42
42 139
42 172
42 147
42 116
43 43
43 103
43 139
43 173
44 96
44 44
44 75
44 108
44 109
44 111
44 112
44 114
44 117
44 121
45 83
45 164
45 101
45 45
45 46
45 157
45 51
45 148
45 53
45 152
46 149
46 48
46 164
46 69
46 46
46 51
46 52
46 85
46 150
46 152
46 53
46 101
47 144
47 167
47 168
47 106
47 47
47 80
47 82
47 115
47 119
47 157
48 48
48 99
48 81
48 167
48 168
48 124
48 74
48 174
48 78
48 79
48 144
48 104
48 115
48 175
48 156
48 95
49 161
49 100
49 49
49 108
49 172
49 147
50 132
50 100
50 102
50 135
50 136
50 50
50 145
50 146
50 120
50 122
51 58
51 144
51 162
51 101
51 51
51 53
51 152
51 179
51 124
52 163
52 95
52 179
52 52
52 150
52 57
52 58
52 59
52 60
52 53
52 149
53 101
53 78
53 79
53 53
53 152
53 175
54 96
54 101
54 167
54 168
54 119
54 174
54 144
54 54
54 55
54 106
55 96
55 167
55 168
55 106
55 55
55 109
55 115
55 148
55 119
55 121
56 80
56 56
56 116
56 154
56 110
56 137
57 179
57 153
57 57
57 58
57 59
57 60
57 95
58 162
58 133
58 179
58 59
58 60
58 58
58 69
59 162
59 179
59 86
59 59
59 60
59 125
60 179
60 153
60 60
60 95
61 64
61 163
61 133
61 81
61 72
61 170
61 142
61 113
61 87
61 61
61 127
62 160
62 86
62 83
62 69
62 71
62 138
62 87
62 70
62 62
63 75
63 63
63 76
63 171
63 108
63 142
63 143
63 114
63 180
63 117
63 151
63 111
63 158
63 159
64 64
64 163
64 133
64 81
64 72
64 170
64 142
64 113
64 87
64 127
64 165
65 160
65 65
65 87
65 138
65 156
65 69
65 85
66 66
66 140
66 141
66 77
66 143
66 151
66 88
66 89
66 90
66 91
66 92
66 94
67 97
67 98
67 67
67 68
67 103
67 73
67 173
67 178
67 172
67 84
68 97
68 98
68 68
68 73
68 178
68 84
68 154
68 125
69 160
69 69
69 70
69 71
69 138
69 83
69 86
69 87
69 85
70 160
70 98
70 70
70 71
70 138
70 83
70 84
70 154
70 155
70 86
70 125
71 160
71 83
71 71
71 152
71 138
71 87
71 86
72 163
72 133
72 72
72 170
72 93
72 81
72 85
72 87
72 127
73 97
73 98
73 73
73 178
73 84
73 154
73 125
74 99
74 133
74 102
74 113
74 104
74 74
74 174
74 81
74 179
74 163
74 95
74 156
74 127
75 171
75 100
75 169
75 75
75 108
75 141
75 143
75 76
75 114
75 180
75 117
75 111
75 140
76 171
76 169
76 140
76 141
76 142
76 143
76 76
76 114
76 180
76 149
76 111
77 77
77 110
77 151
77 89
77 159
77 94
77 90
77 158
77 143
78 144
78 99
78 138
78 82
78 78
78 79
78 152
78 156
78 157
78 85
79 80
79 99
79 124
79 138
79 82
79 79
79 156
79 157
79 85
80 80
80 82
80 148
80 154
80 157
81 163
81 133
81 113
81 142
81 81
81 99
81 170
81 127
81 156
81 85
81 95
82 144
82 101
82 167
82 168
82 82
82 115
82 119
82 157
83 160
83 124
83 138
83 86
83 175
83 83
83 154
83 155
83 125
84 97
84 98
84 84
84 105
84 154
84 125
85 160
85 99
85 138
85 87
85 156
85 157
85 85
86 160
86 138
86 87
86 86
87 138
87 160
87 179
87 87
88 131
88 165
88 166
88 136
88 140
88 141
88 88
88 153
88 90
88 91
88 92
88 93
89 137
89 151
89 110
89 94
89 118
89 89
89 158
89 159
90 166
90 141
90 94
90 90
90 91
90 92
90 126
91 165
91 166
91 140
91 141
91 143
91 146
91 150
91 91
91 92
92 165
92 166
92 140
92 141
92 143
92 150
92 153
92 92
93 130
93 131
93 164
93 165
93 166
93 177
93 149
93 150
93 93
94 141
94 158
94 151
94 143
94 140
94 94
95 129
95 130
95 163
95 113
95 102
95 145
95 104
95 174
95 95
95 127
96 96
96 106
96 119
96 109
96 139
96 117
96 153
96 121
97 97
97 98
97 103
97 107
97 173
97 178
97 172
98 98
98 103
98 153
99 144
99 99
99 157
99 175
99 156
99 138
100 100
100 161
100 136
100 172
100 146
100 111
100 118
100 120
100 121
100 122
100 143
100 135
100 126
101 164
101 101
101 177
101 105
101 116
101 119
101 152
101 148
101 155
102 131
102 102
102 113
102 104
102 146
102 142
102 145
102 136
102 127
102 126
103 128
103 103
103 107
103 173
103 176
103 178
103 132
103 123
104 129
104 130
104 165
104 113
104 104
104 174
104 175
104 145
105 148
105 139
105 134
105 105
105 147
105 116
106 167
106 106
106 119
106 108
106 109
106 112
106 168
106 115
106 116
107 128
107 107
107 173
107 142
107 176
107 178
107 123
107 132
108 108
108 109
108 111
108 112
108 114
108 117
108 118
108 159
108 158
109 109
109 142
109 112
109 114
109 172
109 117
109 121
109 158
109 159
110 137
110 110
110 112
110 153
110 159
110 151
110 158
111 171
111 143
111 169
111 141
111 142
111 111
111 114
111 180
111 121
111 140
111 117
112 137
112 151
112 112
112 114
112 172
112 117
112 158
112 159
113 163
113 133
113 145
113 113
113 170
113 127
114 142
114 114
114 117
114 121
114 159
114 158
115 144
115 167
115 168
115 119
115 142
115 115
115 157
116 155
116 134
116 172
116 147
116 116
116 118
116 148
117 169
117 117
117 121
117 158
118 134
118 135
118 172
118 147
118 118
118 120
118 155
118 126
119 167
119 168
119 119
119 144
120 135
120 136
120 170
120 176
120 120
120 122
120 126
120 127
121 153
121 121
122 135
122 136
122 169
122 146
122 145
122 180
122 132
122 122
122 126
123 128
123 173
123 142
123 176
123 178
123 132
123 123
124 129
124 130
124 167
124 174
124 175
124 154
124 124
124 125
125 129
125 130
125 174
125 175
125 152
125 125
126 135
126 136
126 171
126 146
126 126
127 163
127 133
127 150
127 170
127 136
127 127
128 128
128 173
128 142
128 176
128 131
128 132
129 129
129 130
129 174
129 175
129 145
129 150
130 130
130 142
130 174
130 145
130 150
130 175
131 131
131 132
131 165
131 177
131 176
131 166
132 132
132 173
132 142
132 176
132 177
133 163
133 170
133 133
134 134
134 161
134 172
134 147
134 137
134 155
135 135
135 136
135 169
135 171
135 146
135 176
135 145
136 136
136 145
136 170
136 146
137 137
137 147
137 158
137 151
137 159
138 160
138 156
138 138
138 152
138 157
139 161
139 139
140 171
140 166
140 169
140 141
140 140
140 180
140 143
141 171
141 166
141 141
141 180
141 169
141 143
142 142
142 155
142 163
142 176
143 171
143 169
143 151
143 143
144 144
144 167
144 168
144 174
144 152
145 166
145 145
145 146
146 146
146 180
147 172
147 161
147 147
147 148
148 148
148 152
149 165
149 169
149 171
149 149
149 150
149 180
150 164
150 165
150 166
150 177
150 150
150 170
151 151
151 159
151 158
152 164
152 152
153 166
153 167
153 177
153 153
154 154
155 164
155 172
155 177
155 155
156 157
156 156
157 162
157 157
158 161
158 158
158 172
158 159
159 172
159 159
160 160
161 161
161 172
162 162
163 163
163 170
164 164
164 165
164 177
165 165
165 166
165 177
166 166
166 177
167 167
167 174
167 168
167 175
168 168
169 171
169 180
169 169
170 170
171 171
171 180
172 172
173 173
173 176
173 178
174 174
174 175
175 179
175 175
176 176
177 177
178 178
179 179
180 180
