1 128
1 1
1 131
1 132
1 97
1 9
1 103
1 173
1 176
1 107
1 88
1 4
1 123
2 2
2 59
2 137
2 23
2 109
2 110
2 47
2 112
2 82
2 115
2 20
2 151
2 58
2 143
2 158
2 159
3 129
3 130
3 3
3 36
3 37
3 38
3 142
3 43
3 125
3 126
3 35
4 107
4 178
4 67
4 4
4 53
4 123
4 97
4 103
4 12
4 173
5 68
5 5
5 6
5 7
5 73
5 12
5 46
5 84
5 134
5 154
5 70
5 62
6 6
6 7
6 138
6 11
6 46
6 80
6 83
6 22
6 56
6 89
6 154
6 157
7 68
7 7
7 73
7 11
7 12
7 84
7 89
7 148
7 154
7 70
7 62
8 96
8 167
8 8
8 106
8 13
8 174
8 168
8 54
8 55
8 26
8 10
8 126
9 32
9 34
9 41
9 13
9 45
9 46
9 47
9 16
9 51
9 52
9 53
9 9
9 152
9 57
9 60
10 96
10 104
10 144
10 106
10 54
10 55
10 10
10 168
10 26
10 16
11 32
11 11
11 110
11 80
11 56
11 20
11 22
11 152
11 89
11 157
12 97
12 98
12 67
12 73
12 103
12 12
12 178
12 84
12 24
12 68
12 52
13 45
13 13
13 46
13 47
13 16
13 17
13 51
13 180
13 53
13 56
13 20
13 152
13 168
13 29
13 52
14 160
14 129
14 34
14 96
14 133
14 70
14 71
14 41
14 57
14 44
14 14
14 145
14 18
14 32
14 52
14 117
14 25
14 121
14 31
14 102
14 69
15 161
15 162
15 35
15 17
15 37
15 38
15 39
15 42
15 139
15 108
15 15
15 49
15 27
15 29
15 30
16 65
16 99
16 68
16 101
16 16
16 46
16 45
16 48
16 24
16 51
16 180
16 149
16 152
16 84
16 156
16 138
16 62
16 52
17 161
17 27
17 147
17 17
17 105
17 42
17 45
17 109
17 49
17 51
17 116
17 151
17 148
17 90
17 29
17 30
18 64
18 65
18 163
18 72
18 138
18 160
18 61
18 81
18 18
18 85
18 87
18 127
18 156
18 170
18 21
19 145
19 50
19 19
19 100
19 177
19 102
19 161
19 25
19 28
19 146
19 30
20 144
20 167
20 168
20 137
20 110
20 47
20 80
20 82
20 115
20 20
20 56
20 157
21 160
21 65
21 99
21 33
21 72
21 64
21 138
21 61
21 78
21 79
21 81
21 85
21 87
21 156
21 170
21 21
22 65
22 22
22 69
22 71
22 138
22 80
22 83
22 52
22 86
22 87
22 56
22 154
22 70
22 62
23 137
23 23
23 140
23 141
23 110
23 143
23 112
23 82
23 158
23 151
23 29
23 109
23 94
23 159
24 128
24 97
24 67
24 132
24 103
24 176
24 173
24 142
24 178
24 107
24 24
24 123
24 125
25 129
25 130
25 145
25 40
25 146
25 174
25 104
25 50
25 25
25 26
25 28
26 40
26 174
26 54
26 153
26 55
26 28
26 26
26 104
27 161
27 131
27 49
27 42
27 139
27 143
27 27
27 147
27 116
27 39
27 91
27 92
27 29
27 30
28 129
28 139
28 164
28 161
28 40
28 43
28 50
28 146
28 171
28 36
28 28
28 30
28 31
29 147
29 49
29 105
29 42
29 45
29 46
29 51
29 116
29 77
29 152
29 148
29 29
29 159
30 161
30 43
30 37
30 38
30 49
30 42
30 139
30 50
30 111
30 30
31 33
31 131
31 164
31 165
31 134
31 31
31 170
31 93
31 177
31 163
31 118
31 155
31 74
31 95
32 32
32 34
32 121
32 41
32 80
32 179
32 180
32 57
32 153
32 52
32 58
32 59
32 60
33 33
33 131
33 164
33 38
33 134
33 40
33 43
33 172
33 78
33 79
33 177
33 35
33 118
33 36
33 155
33 126
34 34
34 121
34 81
34 104
34 41
34 138
34 175
34 176
34 113
34 83
34 52
34 85
34 153
34 57
34 154
34 60
34 125
34 53
35 96
35 162
35 36
35 37
35 38
35 39
35 43
35 140
35 141
35 142
35 35
35 139
35 58
35 59
35 93
36 162
36 36
36 37
36 38
36 39
36 40
36 139
36 142
36 43
36 164
36 63
37 162
37 37
37 38
37 39
37 40
37 43
37 44
37 139
37 111
38 162
38 38
38 39
38 43
38 44
38 142
38 139
39 162
39 39
39 139
39 59
39 179
39 119
39 58
39 166
40 130
40 139
40 129
40 40
40 43
40 104
40 150
41 180
41 179
41 41
41 59
41 51
41 52
41 89
41 153
41 57
41 58
41 155
41 60
42 96
42 161
42 100
42 166
42 49
42 42
42 139
42 108
42 114
42 51
42 116
43 162
43 139
43 130
43 142
43 43
43 75
44 96
44 169
44 75
44 108
44 109
44 111
44 114
44 117
44 119
44 121
44 44
44 63
45 101
45 105
45 55
45 45
45 46
45 82
45 51
45 116
45 53
45 152
45 148
46 148
46 103
46 46
46 157
46 178
46 51
46 180
46 149
46 105
46 152
46 52
46 53
46 101
47 48
47 167
47 168
47 106
47 110
47 47
47 144
47 82
47 115
48 144
48 48
48 99
48 167
48 168
48 74
48 78
48 79
48 81
48 115
48 174
48 157
48 95
49 161
49 100
49 49
49 139
49 140
49 50
50 161
50 100
50 102
50 145
50 50
50 146
50 121
50 122
51 110
51 179
51 106
51 55
51 51
51 53
51 152
51 57
51 58
51 59
51 60
52 128
52 149
52 156
52 52
52 103
52 107
52 173
52 180
52 53
52 73
52 57
52 123
52 60
53 101
53 82
53 116
53 53
53 152
54 96
54 134
54 167
54 168
54 106
54 174
54 144
54 54
54 55
55 96
55 167
55 168
55 106
55 172
55 109
55 144
55 55
56 137
56 110
56 77
56 80
56 89
56 56
56 148
56 157
57 179
57 180
57 57
57 89
57 153
57 58
57 59
57 60
58 179
58 137
58 106
58 162
58 153
58 58
58 59
58 60
59 179
59 162
59 153
59 88
59 59
59 60
60 131
60 179
60 180
60 153
60 60
61 64
61 65
61 163
61 72
61 121
61 170
61 127
61 61
61 85
62 69
62 70
62 73
62 138
62 71
62 83
62 87
62 154
62 86
62 62
63 161
63 171
63 108
63 75
63 76
63 141
63 114
63 117
63 150
63 169
63 111
63 140
63 63
64 64
64 65
64 163
64 72
64 121
64 170
64 127
64 85
65 65
65 72
65 138
65 160
65 170
65 87
65 156
65 85
66 66
66 179
66 166
66 151
66 88
66 89
66 90
66 91
66 92
66 77
66 94
67 128
67 97
67 98
67 67
67 103
67 107
67 173
67 176
67 178
67 84
67 68
67 123
67 126
68 97
68 98
68 68
68 73
68 103
68 178
68 84
69 160
69 69
69 70
69 71
69 138
69 83
69 87
69 154
69 86
70 98
70 70
70 73
70 71
70 83
70 84
70 87
70 154
70 86
71 160
71 98
71 86
71 71
71 83
71 87
71 154
72 163
72 72
72 170
72 160
72 121
72 85
72 127
73 73
73 178
73 84
73 154
73 125
74 99
74 102
74 113
74 74
74 78
74 79
74 145
74 95
74 85
74 156
74 81
75 169
75 171
75 75
75 108
75 141
75 111
75 76
75 114
75 149
75 150
75 140
75 117
76 149
76 171
76 140
76 108
76 141
76 111
76 76
76 117
76 150
76 169
76 126
77 166
77 77
77 110
77 147
77 151
77 88
77 89
77 90
77 91
77 92
77 94
78 99
78 80
78 78
78 79
78 81
78 85
78 157
78 156
78 138
79 99
79 80
79 79
79 81
79 85
79 157
79 156
79 138
80 99
80 80
80 89
80 157
81 99
81 102
81 113
81 81
81 163
81 127
81 156
81 85
81 95
82 115
82 168
82 137
82 144
82 82
82 179
82 157
82 159
83 160
83 138
83 86
83 175
83 83
83 154
83 124
84 97
84 98
84 178
84 84
84 125
85 99
85 113
85 160
85 163
85 138
85 170
85 127
85 156
85 85
86 160
86 121
86 154
86 87
86 86
87 160
87 138
87 87
87 121
88 131
88 164
88 165
88 166
88 177
88 91
88 88
88 90
88 92
88 93
88 94
89 172
89 89
89 90
89 94
90 165
90 166
90 179
90 151
90 90
90 91
90 92
90 93
90 94
91 164
91 165
91 166
91 151
91 91
91 92
91 93
91 94
92 164
92 165
92 166
92 151
92 92
92 93
92 94
93 164
93 165
93 166
93 93
93 177
93 131
93 155
93 150
93 122
94 166
94 151
94 110
94 143
94 179
94 158
94 94
94 159
95 102
95 113
95 145
95 174
95 175
95 146
95 104
95 95
96 96
96 162
96 119
96 109
96 114
96 117
96 121
97 128
97 98
97 97
97 107
97 173
97 176
97 178
97 123
97 126
97 103
97 132
98 98
98 134
98 103
98 173
98 153
99 99
99 113
99 157
99 156
99 138
100 161
100 131
100 147
100 135
100 136
100 172
100 120
100 100
100 122
101 144
101 115
101 101
101 134
101 105
101 172
101 147
101 116
101 152
101 148
101 154
102 136
102 102
102 113
102 145
102 135
102 146
102 104
102 122
103 123
103 128
103 148
103 173
103 176
103 178
103 107
103 103
103 132
104 129
104 145
104 174
104 175
104 104
104 146
104 124
105 128
105 134
105 105
105 172
105 147
105 116
105 152
105 148
106 144
106 115
106 167
106 168
106 106
106 119
106 109
106 112
106 114
106 153
107 128
107 107
107 173
107 176
107 178
107 123
107 132
108 143
108 169
108 108
108 109
108 112
108 114
108 117
108 119
108 111
108 158
109 109
109 111
109 112
109 114
109 147
109 119
109 158
109 159
110 137
110 110
110 158
110 151
110 159
111 139
111 169
111 171
111 111
111 114
111 117
111 121
112 144
112 168
112 137
112 151
112 143
112 112
112 114
112 147
112 158
112 159
113 133
113 113
113 145
113 146
113 163
113 127
114 169
114 114
114 119
114 117
114 158
115 144
115 167
115 168
115 115
115 119
116 132
116 134
116 172
116 147
116 116
116 148
117 161
117 171
117 169
117 117
117 119
117 121
118 130
118 133
118 134
118 167
118 172
118 175
118 147
118 118
118 120
118 155
118 126
119 142
119 144
119 119
119 121
120 120
120 133
120 135
120 136
120 180
120 122
120 172
120 126
120 127
121 130
121 121
121 169
121 127
122 163
122 133
122 135
122 136
122 170
122 122
122 126
122 127
123 128
123 173
123 176
123 178
123 123
123 132
124 129
124 178
124 180
124 167
124 175
124 124
124 130
124 174
124 125
125 129
125 130
125 142
125 175
125 178
125 174
125 125
126 172
126 133
126 134
126 169
126 135
126 136
126 180
126 126
127 163
127 133
127 170
127 135
127 136
127 127
128 128
128 132
128 173
128 176
129 129
129 130
129 142
129 174
129 175
129 149
130 130
130 142
130 175
131 131
131 165
131 166
131 135
131 176
131 177
131 155
131 164
131 132
132 132
132 155
132 173
132 176
132 152
132 147
133 163
133 133
133 135
133 136
133 170
134 134
134 172
134 147
134 148
135 163
135 135
135 136
135 170
136 165
136 163
136 136
136 170
137 137
137 151
137 158
137 159
138 160
138 138
138 154
138 156
138 157
139 161
139 162
139 177
139 139
140 151
140 140
140 141
140 143
140 171
140 150
140 159
140 158
141 141
141 143
141 171
141 150
141 169
141 151
141 158
141 159
142 142
143 151
143 162
143 158
143 143
143 159
144 144
144 167
144 168
145 145
145 146
146 150
146 146
147 148
147 172
147 147
147 158
148 148
148 152
149 171
149 149
149 150
149 169
149 180
150 171
150 164
150 169
150 150
151 151
151 158
151 159
152 168
152 152
153 179
153 153
154 154
155 164
155 165
155 161
155 177
155 155
156 157
156 156
157 157
158 158
158 159
159 159
160 160
161 161
162 162
162 179
162 165
163 170
163 163
164 165
164 166
164 177
164 164
165 165
165 166
165 177
166 166
166 177
167 167
167 174
167 168
167 175
168 168
169 171
169 169
170 170
171 171
172 172
173 173
173 176
173 178
174 174
174 175
174 180
175 175
176 176
177 177
178 178
179 179
180 180
