1 128
1 1
1 131
1 132
1 103
1 41
1 107
1 173
1 176
1 178
1 148
1 9
1 152
1 4
1 123
2 33
2 2
2 66
2 137
2 106
2 77
2 110
2 109
2 112
2 82
2 158
2 23
2 89
2 59
2 94
2 159
3 128
3 129
3 130
3 3
3 14
3 123
3 24
3 176
3 107
3 125
3 142
4 32
4 4
4 103
4 128
4 107
4 173
4 46
4 176
4 178
4 132
4 123
5 97
5 67
5 68
5 5
5 6
5 7
5 73
5 11
5 12
5 84
5 56
5 52
5 154
6 16
6 6
6 7
6 11
6 79
6 80
6 20
6 22
6 56
6 154
6 157
7 68
7 7
7 73
7 11
7 12
7 80
7 84
7 22
7 56
7 52
7 154
8 96
8 101
8 167
8 8
8 10
8 174
8 168
8 54
8 55
8 26
8 60
8 106
9 32
9 101
9 41
9 13
9 46
9 45
9 16
9 82
9 51
9 52
9 53
9 9
9 152
9 57
9 60
10 96
10 167
10 168
10 41
10 10
10 55
10 174
10 53
10 54
10 119
10 26
11 32
11 11
11 47
11 80
11 20
11 56
11 89
11 79
11 157
12 97
12 67
12 68
12 33
12 73
12 103
12 12
12 24
12 178
12 84
13 57
13 179
13 41
13 106
13 55
13 45
13 46
13 13
13 16
13 51
13 52
13 53
13 152
13 148
13 58
13 59
13 29
13 101
14 96
14 32
14 34
14 69
14 102
14 71
14 169
14 171
14 44
14 142
14 145
14 146
14 52
14 14
14 86
14 121
14 25
14 117
15 162
15 35
15 36
15 37
15 38
15 39
15 42
15 139
15 143
15 27
15 49
15 17
15 15
15 29
15 30
16 32
16 176
16 101
16 167
16 46
16 45
16 16
16 51
16 180
16 149
16 54
16 152
16 52
16 53
17 51
17 49
17 105
17 42
17 39
17 45
17 17
17 147
17 148
17 116
17 90
17 27
17 29
18 160
18 65
18 163
18 69
18 81
18 72
18 156
18 138
18 64
18 61
18 113
18 18
18 85
18 86
18 87
18 127
18 21
18 170
18 149
19 145
19 50
19 19
19 100
19 102
19 161
19 25
19 171
19 28
19 146
19 30
20 80
20 167
20 168
20 110
20 47
20 144
20 82
20 115
20 20
20 46
20 56
20 57
20 157
21 160
21 65
21 163
21 69
21 81
21 72
21 64
21 138
21 127
21 61
21 113
21 85
21 22
21 87
21 155
21 156
21 170
21 21
22 65
22 99
22 138
22 78
22 79
22 83
22 85
22 22
22 154
22 31
22 156
22 157
22 62
23 134
23 77
23 137
23 151
23 66
23 110
23 109
23 112
23 158
23 23
23 89
23 94
23 159
24 123
24 97
24 67
24 132
24 33
24 128
24 107
24 173
24 142
24 176
24 178
24 24
24 103
24 124
24 125
25 129
25 130
25 102
25 104
25 146
25 174
25 145
25 50
25 40
25 25
25 26
25 155
25 28
26 104
26 40
26 54
26 129
26 175
26 26
26 174
26 31
27 161
27 139
27 49
27 42
27 39
27 143
27 27
27 147
27 116
27 91
27 92
27 29
27 30
28 161
28 139
28 36
28 165
28 40
28 43
28 76
28 50
28 177
28 146
28 28
28 30
29 147
29 49
29 105
29 42
29 39
29 109
29 45
29 51
29 116
29 152
29 148
29 29
30 161
30 35
30 37
30 38
30 42
30 43
30 49
30 50
30 139
30 111
30 30
31 33
31 130
31 164
31 70
31 134
31 129
31 118
31 172
31 174
31 93
31 177
31 82
31 83
31 126
31 155
31 154
31 62
31 31
32 32
32 80
32 34
32 41
32 179
32 180
32 57
32 153
32 52
32 58
32 60
33 33
33 67
33 101
33 134
33 97
33 172
33 110
33 120
33 178
33 147
33 118
33 155
33 126
34 57
34 34
34 68
34 121
34 104
34 169
34 138
34 81
34 83
34 180
34 85
34 41
34 84
34 60
34 52
35 162
35 35
35 36
35 37
35 38
35 39
35 43
35 108
35 143
35 59
35 139
36 177
36 162
36 36
36 37
36 38
36 40
36 139
36 43
37 162
37 37
37 38
37 39
37 40
37 43
37 44
37 139
38 162
38 38
38 39
38 139
38 143
38 43
38 166
39 58
39 96
39 162
39 39
39 139
39 179
39 59
39 90
40 129
40 130
40 43
40 40
40 171
40 104
40 139
41 180
41 41
41 179
41 52
41 153
41 57
41 58
41 59
41 60
42 161
42 100
42 49
42 42
42 139
42 143
42 147
42 116
43 162
43 43
43 177
43 139
43 117
44 96
44 169
44 75
44 108
44 109
44 111
44 49
44 114
44 117
44 121
44 44
44 63
45 101
45 105
45 45
45 46
45 51
45 116
45 53
45 89
45 152
45 148
46 101
46 168
46 46
46 152
46 51
46 148
46 149
46 56
46 47
46 53
46 52
47 144
47 167
47 168
47 106
47 110
47 47
47 80
47 82
47 115
47 119
47 56
48 48
48 99
48 167
48 168
48 74
48 78
48 79
48 144
48 81
48 115
48 52
48 174
48 156
48 157
48 95
49 161
49 100
49 166
49 49
49 139
49 147
49 88
49 63
50 161
50 100
50 102
50 169
50 50
50 145
50 146
50 122
51 51
51 105
51 119
51 179
51 53
51 137
51 152
51 58
51 59
51 60
52 128
52 78
52 79
52 57
52 157
52 176
52 103
52 107
52 173
52 180
52 73
52 52
52 123
52 60
52 149
53 101
53 168
53 148
53 53
53 152
53 153
54 144
54 167
54 168
54 106
54 174
54 115
54 54
54 55
54 57
55 96
55 167
55 168
55 106
55 119
55 109
55 144
55 55
56 110
56 80
56 82
56 56
56 89
56 157
57 179
57 180
57 57
57 153
57 58
57 59
57 60
58 162
58 179
58 137
58 77
58 153
58 58
58 59
58 60
59 66
59 179
59 137
59 162
59 153
59 59
59 60
59 94
60 179
60 144
60 168
60 115
60 153
60 60
61 160
61 64
61 163
61 133
61 135
61 136
61 170
61 72
61 150
61 87
61 122
61 61
61 127
62 160
62 98
62 69
62 70
62 71
62 138
62 83
62 87
62 154
62 86
62 62
63 139
63 140
63 169
63 171
63 75
63 108
63 141
63 76
63 114
63 117
63 151
63 111
63 143
63 63
64 160
64 64
64 163
64 135
64 136
64 170
64 72
64 150
64 87
64 122
64 127
65 79
65 65
65 99
65 138
65 155
65 156
65 78
65 85
66 66
66 110
66 77
66 158
66 89
66 90
66 91
66 92
66 94
66 159
67 98
67 67
67 68
67 97
67 73
67 107
67 173
67 178
67 123
67 84
67 103
68 97
68 68
68 70
68 73
68 98
68 178
68 84
68 154
68 125
69 160
69 98
69 69
69 70
69 71
69 138
69 83
69 86
69 87
69 149
70 160
70 98
70 70
70 71
70 83
70 84
70 86
70 87
70 154
71 160
71 98
71 71
71 138
71 83
71 86
71 87
71 154
72 160
72 163
72 164
72 87
72 72
72 170
72 127
73 97
73 73
73 178
73 84
73 154
73 124
74 81
74 99
74 85
74 95
74 113
74 74
74 155
74 156
74 78
74 79
75 149
75 171
75 100
75 169
75 75
75 76
75 141
75 143
75 140
75 117
75 150
75 121
75 111
76 149
76 169
76 171
76 140
76 141
76 143
76 76
76 117
76 150
76 120
76 111
76 126
77 134
77 105
77 110
77 77
77 158
77 137
77 89
77 90
77 94
77 159
78 99
78 80
78 157
78 78
78 79
78 81
78 85
78 156
78 138
79 99
79 80
79 157
79 79
79 81
79 85
79 156
79 138
80 99
80 80
80 82
80 115
80 157
81 99
81 113
81 102
81 81
81 145
81 163
81 127
81 156
81 85
81 95
82 144
82 168
82 137
82 119
82 110
82 82
82 115
83 160
83 138
83 86
83 175
83 83
83 84
83 154
83 124
84 97
84 98
84 84
84 154
84 125
85 160
85 99
85 113
85 87
85 155
85 156
85 138
85 85
86 160
86 98
86 138
86 86
86 87
87 160
87 98
87 180
87 87
87 155
88 131
88 164
88 165
88 166
88 177
88 140
88 141
88 143
88 151
88 88
88 90
88 91
88 92
88 93
89 137
89 110
89 148
89 89
89 90
89 94
90 131
90 166
90 151
90 90
90 91
90 92
90 94
91 131
91 165
91 166
91 140
91 143
91 151
91 91
91 92
91 93
91 94
92 131
92 165
92 166
92 140
92 141
92 143
92 177
92 151
92 92
92 93
92 94
93 131
93 164
93 133
93 166
93 177
93 155
93 150
93 93
93 165
94 137
94 151
94 110
94 158
94 118
94 94
94 159
95 99
95 102
95 113
95 145
95 174
95 175
95 146
95 104
95 155
95 95
96 96
96 162
96 119
96 108
96 109
96 111
96 114
96 117
96 121
97 128
97 97
97 107
97 173
97 178
97 123
97 103
98 98
98 149
98 153
99 99
99 157
99 155
99 156
99 138
100 161
100 100
100 135
100 136
100 172
100 147
100 120
100 122
100 126
100 117
101 132
101 101
101 134
101 116
101 105
101 152
101 148
102 163
102 102
102 113
102 145
102 146
102 104
103 128
103 107
103 173
103 176
103 178
103 123
103 132
103 103
104 129
104 145
104 130
104 174
104 175
104 104
104 146
104 124
105 147
105 134
105 105
105 172
105 148
105 152
105 116
106 144
106 115
106 167
106 168
106 106
106 119
106 109
106 110
106 112
106 179
107 123
107 128
107 107
107 173
107 142
107 176
107 178
107 132
108 112
108 114
108 108
108 172
108 109
108 141
108 140
108 117
108 151
108 111
108 143
108 158
109 109
109 112
109 114
109 116
109 118
109 119
109 151
109 158
109 159
110 168
110 137
110 110
110 144
110 179
110 158
110 159
111 139
111 143
111 169
111 171
111 141
111 111
111 114
111 117
111 121
111 140
112 137
112 112
112 114
112 118
112 153
112 158
112 159
113 163
113 164
113 145
113 146
113 113
113 127
114 162
114 114
114 147
114 117
114 151
114 121
114 143
114 159
114 158
115 167
115 168
115 144
115 115
115 119
116 134
116 172
116 147
116 116
116 118
116 148
117 161
117 171
117 117
117 169
117 121
118 134
118 135
118 172
118 147
118 126
118 118
118 120
118 155
119 168
119 119
119 144
120 131
120 133
120 135
120 136
120 169
120 170
120 172
120 120
120 122
120 126
120 127
121 169
121 126
121 121
122 163
122 133
122 135
122 136
122 169
122 170
122 171
122 122
122 126
122 127
123 123
123 128
123 173
123 142
123 176
123 178
123 132
124 129
124 130
124 167
124 174
124 175
124 178
124 180
124 124
124 125
125 129
125 130
125 174
125 175
125 178
125 180
125 125
126 133
126 134
126 135
126 136
126 172
126 166
126 126
127 163
127 133
127 170
127 135
127 136
127 150
127 127
128 128
128 173
128 142
128 176
128 178
128 132
129 129
129 130
129 145
129 174
129 175
130 130
130 174
130 175
130 142
130 150
131 131
131 132
131 165
131 166
131 177
131 155
131 164
132 173
132 142
132 176
132 132
133 163
133 133
133 135
133 136
133 170
133 150
133 165
134 155
134 134
134 172
134 147
134 148
134 158
134 159
135 163
135 135
135 136
135 169
135 170
135 172
136 163
136 136
136 170
136 171
137 137
137 148
137 158
137 159
138 160
138 156
138 138
138 154
138 157
139 161
139 162
139 140
139 141
139 139
140 151
140 166
140 140
140 141
140 171
140 169
140 143
141 151
141 166
141 141
141 171
141 150
141 169
141 143
142 142
142 176
142 173
143 166
143 159
143 151
143 143
143 158
144 144
144 167
144 168
145 145
145 146
146 146
147 172
147 147
147 148
148 148
148 152
149 160
149 171
149 164
149 169
149 180
149 149
149 150
150 165
150 171
150 164
150 169
150 170
150 180
150 150
151 162
151 166
151 159
151 151
151 158
151 153
152 152
152 179
153 179
153 153
154 154
155 164
155 165
155 177
155 155
155 156
156 157
156 156
157 157
158 158
158 159
159 159
160 160
161 161
162 162
163 164
163 170
163 163
163 180
164 164
164 165
164 166
164 177
164 171
165 166
165 177
165 165
166 177
166 166
167 167
167 174
167 168
168 168
169 171
169 180
169 169
170 170
171 171
171 180
172 172
173 173
173 176
173 178
174 174
174 175
175 175
175 178
175 180
176 178
176 176
177 177
178 178
179 179
180 180
