1 128
1 1
1 66
1 131
1 132
1 19
1 88
1 4
1 90
1 123
1 176
2 2
2 137
2 42
2 151
2 108
2 110
2 112
2 20
2 118
2 23
2 159
2 158
2 63
3 128
3 130
3 3
3 103
3 169
3 10
3 107
3 173
3 142
3 176
3 180
3 24
3 123
4 128
4 4
4 103
4 40
4 107
4 12
4 173
4 178
4 89
4 123
4 28
5 178
5 35
5 68
5 5
5 6
5 7
5 84
5 154
5 11
5 12
5 73
6 6
6 7
6 73
6 11
6 29
6 80
6 157
6 22
6 56
6 154
6 125
7 68
7 7
7 73
7 11
7 12
7 15
7 84
7 56
7 36
7 154
8 96
8 39
8 8
8 44
8 10
8 172
8 168
8 147
8 148
8 54
8 55
8 121
8 26
8 106
9 32
9 99
9 179
9 41
9 57
9 13
9 16
9 51
9 84
9 53
9 9
9 52
9 26
9 59
9 60
9 58
10 96
10 97
10 67
10 164
10 103
10 10
10 55
10 44
10 168
10 121
10 54
10 119
10 153
10 26
11 137
11 11
11 80
11 116
11 89
11 56
11 20
11 157
11 31
12 84
12 97
12 98
12 67
12 73
12 103
12 12
12 173
12 178
12 116
12 24
12 68
12 26
13 162
13 35
13 101
13 39
13 45
13 46
13 13
13 16
13 51
13 53
13 152
13 58
13 59
13 124
14 96
14 32
14 34
14 163
14 69
14 169
14 44
14 14
14 111
14 146
14 121
14 86
14 57
14 153
14 60
15 162
15 35
15 36
15 37
15 38
15 105
15 42
15 139
15 15
15 17
15 148
15 24
15 39
15 27
15 29
15 30
16 65
16 98
16 164
16 70
16 41
16 46
16 45
16 16
16 179
16 52
16 149
16 150
16 152
16 58
16 59
16 62
16 51
17 161
17 134
17 17
17 29
17 105
17 42
17 139
17 172
17 49
17 178
17 147
17 116
17 148
17 27
17 106
17 30
18 160
18 65
18 163
18 69
18 71
18 156
18 138
18 86
18 18
18 83
18 21
18 22
18 87
18 57
18 60
18 85
19 100
19 102
19 161
19 40
19 145
19 42
19 146
19 143
19 49
19 50
19 19
19 25
19 122
19 28
19 126
20 37
20 38
20 167
20 137
20 47
20 80
20 82
20 115
20 20
20 56
20 157
21 32
21 65
21 163
21 69
21 133
21 72
21 64
21 138
21 160
21 21
21 61
21 81
21 99
21 85
21 22
21 87
21 156
21 170
21 127
22 160
22 65
22 70
22 138
22 78
22 79
22 83
22 22
22 152
22 154
22 155
22 157
22 62
22 85
23 161
23 137
23 23
23 108
23 110
23 112
23 117
23 151
23 159
23 158
23 63
24 128
24 97
24 67
24 132
24 103
24 172
24 107
24 173
24 142
24 176
24 27
24 178
24 118
24 24
24 123
25 129
25 102
25 40
25 43
25 50
25 145
25 146
25 25
25 26
25 91
25 28
25 104
26 104
26 43
26 40
26 54
26 55
26 26
26 28
27 161
27 35
27 37
27 38
27 49
27 105
27 42
27 139
27 178
27 147
27 116
27 134
27 148
27 27
27 29
27 30
28 161
28 139
28 40
28 43
28 77
28 49
28 146
28 30
28 28
28 94
28 36
29 162
29 35
29 101
29 39
29 105
29 45
29 147
29 116
29 54
29 73
29 152
29 148
29 38
29 29
30 161
30 107
30 36
30 37
30 49
30 105
30 42
30 139
30 173
30 147
30 43
30 137
30 30
31 33
31 147
31 116
31 155
31 134
31 105
31 172
31 118
31 126
31 31
32 32
32 34
32 41
32 179
32 52
32 57
32 58
32 59
32 60
32 62
33 33
33 100
33 134
33 161
33 172
33 109
33 110
33 147
33 116
33 118
33 121
33 155
33 126
34 96
34 34
34 121
34 71
34 169
34 44
34 145
34 52
34 86
34 41
34 153
34 57
34 60
35 162
35 35
35 38
35 39
35 45
35 80
35 54
35 37
36 162
36 139
36 36
36 37
36 38
36 40
36 43
36 56
36 39
37 162
37 37
37 38
37 39
37 43
37 139
38 162
38 38
38 39
38 43
38 80
38 67
38 139
39 162
39 39
39 45
39 54
39 152
40 161
40 66
40 139
40 40
40 43
40 143
40 176
40 146
41 104
41 41
41 74
41 179
41 52
41 53
41 57
41 58
41 59
41 60
41 95
42 161
42 100
42 49
42 42
42 172
42 110
42 116
42 147
43 128
43 161
43 43
43 139
43 89
43 63
44 96
44 108
44 44
44 98
44 111
44 114
44 106
44 117
44 55
44 120
44 121
44 109
45 162
45 101
45 45
45 46
45 157
45 51
45 148
45 152
46 51
46 98
46 164
46 101
46 174
46 175
46 179
46 46
46 150
46 152
46 58
46 59
46 156
46 149
47 48
47 167
47 168
47 137
47 106
47 47
47 144
47 82
47 115
47 148
47 119
47 124
48 95
48 144
48 99
48 167
48 104
48 74
48 174
48 48
48 82
48 115
48 78
48 175
48 124
48 53
49 96
49 161
49 100
49 49
49 108
49 172
49 158
49 176
49 50
49 147
49 151
49 122
49 63
50 130
50 171
50 100
50 102
50 113
50 145
50 169
50 135
50 76
50 50
50 146
50 122
51 68
51 101
51 51
51 53
51 152
51 58
51 59
51 124
51 157
52 71
52 179
52 52
52 149
52 150
52 57
52 58
52 59
52 60
52 53
53 179
53 142
53 125
53 53
53 57
53 58
53 60
53 157
54 96
54 167
54 168
54 106
54 54
54 55
54 121
54 119
55 96
55 134
55 167
55 168
55 106
55 55
55 119
55 121
56 80
56 56
56 137
56 157
56 110
56 89
57 179
57 57
57 58
57 59
57 60
57 85
58 83
58 179
58 138
58 60
58 58
58 59
58 156
59 179
59 60
59 59
59 156
59 125
60 65
60 160
60 81
60 179
60 60
61 133
61 64
61 163
61 165
61 136
61 170
61 72
61 69
61 87
61 121
61 61
61 85
61 127
62 65
62 98
62 69
62 70
62 71
62 138
62 160
62 83
62 87
62 86
62 62
63 137
63 151
63 66
63 110
63 77
63 158
63 89
63 63
63 94
63 159
64 64
64 136
64 163
64 87
64 72
64 121
64 170
64 69
64 127
65 160
65 65
65 69
65 138
65 86
65 85
65 87
66 66
66 100
66 166
66 77
66 143
66 151
66 88
66 89
66 90
66 91
66 92
66 94
67 97
67 98
67 67
67 68
67 103
67 73
67 107
67 173
67 178
67 116
67 84
68 97
68 98
68 68
68 70
68 73
68 84
68 154
69 69
69 70
69 71
69 72
69 170
69 160
69 86
69 87
70 160
70 98
70 70
70 71
70 83
70 84
70 87
70 153
70 86
71 160
71 98
71 71
71 138
71 83
71 86
71 87
71 153
71 84
72 163
72 86
72 87
72 72
72 121
72 170
72 127
73 97
73 73
73 125
73 178
73 84
73 154
74 99
74 133
74 102
74 113
74 74
74 78
74 79
74 145
74 95
74 156
74 81
75 171
75 143
75 169
75 75
75 76
75 141
75 111
75 108
75 114
75 180
75 117
75 122
75 140
75 109
76 171
76 169
76 76
76 114
76 143
76 141
76 108
76 180
76 111
76 140
77 77
77 110
77 94
77 151
77 88
77 89
77 90
77 159
77 158
78 80
78 99
78 157
78 78
78 79
78 81
78 82
78 85
78 152
78 156
78 138
79 99
79 156
79 157
79 79
79 80
79 81
79 82
79 152
79 124
79 138
80 99
80 80
80 82
80 157
81 99
81 133
81 113
81 177
81 81
81 156
81 163
81 95
81 85
82 162
82 167
82 168
82 144
82 82
82 115
82 119
82 157
83 160
83 138
83 125
83 83
83 85
83 155
83 154
84 97
84 98
84 84
84 154
85 160
85 163
85 138
85 99
85 87
85 156
85 85
86 160
86 98
86 138
86 86
86 87
86 153
87 164
87 170
87 160
87 87
88 131
88 165
88 166
88 136
88 177
88 88
88 90
88 91
88 92
88 93
88 94
89 110
89 89
89 90
89 94
90 166
90 120
90 90
90 91
90 92
90 94
91 131
91 165
91 166
91 140
91 141
91 177
91 146
91 91
91 92
91 93
91 94
92 131
92 165
92 166
92 140
92 141
92 177
92 146
92 92
92 93
92 94
93 129
93 130
93 155
93 164
93 165
93 166
93 104
93 177
93 149
93 150
93 93
94 140
94 141
94 110
94 158
94 151
94 143
94 94
95 129
95 145
95 102
95 104
95 174
95 175
95 113
95 144
95 95
96 96
96 153
96 121
96 106
96 120
97 128
97 97
97 98
97 134
97 103
97 107
97 173
97 178
97 123
98 98
98 153
99 99
99 157
99 156
99 138
100 100
100 146
100 161
100 136
100 135
100 172
100 114
100 118
100 120
100 122
100 126
101 164
101 101
101 105
101 116
101 119
101 152
101 148
101 155
102 145
102 131
102 102
102 113
102 104
102 146
103 128
103 103
103 107
103 173
103 176
103 178
103 139
103 132
103 123
104 129
104 130
104 104
104 144
104 174
104 175
104 145
105 134
105 105
105 142
105 147
105 116
105 148
106 167
106 106
106 119
106 108
106 109
106 112
106 114
106 115
106 117
106 168
107 128
107 107
107 173
107 142
107 176
107 178
107 132
107 123
108 108
108 109
108 112
108 114
108 117
108 111
108 158
108 159
109 161
109 168
109 109
109 111
109 112
109 114
109 117
109 151
109 121
110 137
110 151
110 110
110 112
110 158
110 159
111 112
111 135
111 140
111 169
111 171
111 141
111 114
111 117
111 120
111 122
111 111
111 126
112 161
112 168
112 151
112 112
112 114
112 117
112 158
112 159
113 165
113 163
113 133
113 113
113 145
113 146
113 150
113 156
113 127
114 169
114 114
114 117
114 151
114 121
114 158
115 144
115 162
115 167
115 168
115 174
115 115
115 119
116 147
116 134
116 172
116 116
116 118
116 148
117 142
117 117
117 169
117 158
117 159
118 134
118 135
118 172
118 120
118 147
118 118
118 155
118 126
119 162
119 167
119 168
119 119
119 144
120 132
120 135
120 136
120 170
120 172
120 120
120 122
120 126
120 127
121 170
121 153
121 121
122 135
122 136
122 146
122 122
122 126
122 127
123 128
123 161
123 173
123 142
123 176
123 178
123 123
123 132
124 129
124 130
124 167
124 144
124 174
124 175
124 124
124 125
125 129
125 130
125 174
125 175
125 178
125 125
126 135
126 136
126 172
126 126
127 163
127 133
127 135
127 170
127 136
127 127
127 165
128 128
128 173
128 142
128 176
128 178
128 132
129 129
129 130
129 175
129 145
129 174
129 150
130 130
130 146
130 174
130 175
130 145
130 142
131 131
131 132
131 165
131 177
131 176
131 145
131 166
132 132
132 173
132 142
132 176
133 133
133 163
133 170
133 165
133 156
134 155
134 134
134 172
134 147
134 148
135 135
135 136
135 170
135 140
135 141
136 136
136 170
136 142
137 137
137 172
137 158
137 153
137 159
137 151
138 160
138 138
138 179
138 157
138 156
138 154
139 161
139 139
140 171
140 166
140 169
140 140
140 141
140 180
140 151
140 143
141 171
141 166
141 169
141 141
141 180
141 151
141 143
142 149
142 173
142 142
142 176
142 148
143 169
143 171
143 143
143 180
143 158
143 151
143 159
144 144
144 155
144 167
144 168
144 174
144 175
145 166
145 145
145 146
146 146
147 172
147 161
147 147
147 148
148 168
148 167
148 152
148 148
148 154
149 164
149 165
149 171
149 179
149 180
149 149
149 150
150 163
150 164
150 165
150 166
150 171
150 150
150 180
151 151
151 158
151 159
152 162
152 164
152 152
153 153
154 162
154 154
155 164
155 172
155 177
155 155
156 157
156 156
157 157
158 158
158 159
159 161
159 159
160 160
161 161
162 162
163 163
163 170
164 164
164 177
164 165
165 165
165 166
165 177
166 166
166 177
167 167
167 168
167 174
167 175
168 174
168 168
169 171
169 180
169 169
170 170
171 171
171 180
172 172
173 173
173 176
173 178
174 175
174 174
175 175
176 176
176 178
177 177
178 178
179 179
180 180
