1 128
1 1
1 132
1 131
1 4
1 103
1 107
1 173
1 176
1 88
1 25
1 90
1 123
2 2
2 137
2 42
2 151
2 110
2 112
2 147
2 20
2 23
2 56
2 159
2 158
2 63
3 128
3 130
3 3
3 167
3 107
3 98
3 142
3 176
3 113
3 24
3 153
3 123
3 95
4 123
4 178
4 67
4 4
4 97
4 103
4 28
4 107
4 12
4 173
5 68
5 5
5 6
5 7
5 73
5 12
5 83
5 84
5 22
5 89
5 154
5 37
6 6
6 7
6 138
6 11
6 157
6 80
6 148
6 22
6 56
6 154
6 124
6 29
6 37
7 68
7 7
7 73
7 11
7 83
7 84
7 22
7 89
7 154
7 38
7 37
8 96
8 177
8 26
8 54
8 55
8 8
8 167
8 106
8 168
8 10
8 174
9 179
9 41
9 60
9 13
9 46
9 174
9 16
9 51
9 52
9 53
9 22
9 9
9 152
9 58
9 156
10 96
10 162
10 166
10 168
10 10
10 55
10 13
10 144
10 54
10 119
10 88
10 121
10 26
11 137
11 11
11 78
11 79
11 80
11 20
11 110
11 56
11 89
11 155
11 157
12 97
12 98
12 67
12 39
12 73
12 103
12 12
12 173
12 178
12 147
12 84
12 24
12 68
13 51
13 162
13 35
13 48
13 37
13 38
13 39
13 13
13 46
13 45
13 16
13 99
13 53
13 152
14 96
14 32
14 34
14 69
14 72
14 41
14 170
14 44
14 14
14 52
14 57
14 86
14 87
14 120
14 153
14 121
14 60
14 61
15 35
15 36
15 37
15 38
15 103
15 168
15 42
15 43
15 45
15 15
15 17
15 20
15 119
15 152
15 148
15 139
15 27
15 29
15 30
16 70
16 71
16 74
16 45
16 46
16 16
16 81
16 51
16 52
16 149
16 150
16 152
16 125
16 53
17 161
17 101
17 17
17 105
17 42
17 139
17 29
17 49
17 147
17 148
17 116
17 27
17 106
17 30
18 160
18 65
18 83
18 163
18 69
18 72
18 64
18 138
18 86
18 61
18 175
18 18
18 179
18 85
18 22
18 87
18 156
18 170
18 21
19 128
19 161
19 100
19 145
19 76
19 50
19 49
19 146
19 19
19 25
19 122
19 28
19 26
20 167
20 168
20 137
20 79
20 47
20 80
20 82
20 115
20 20
20 56
20 153
20 157
21 160
21 65
21 163
21 72
21 64
21 138
21 78
21 61
21 99
21 179
21 85
21 22
21 127
21 156
21 170
21 21
22 160
22 65
22 138
22 71
22 83
22 85
22 22
22 154
22 86
22 62
23 43
23 137
23 23
23 108
23 109
23 110
23 143
23 112
23 151
23 159
23 158
23 63
24 96
24 97
24 98
24 68
24 103
24 128
24 107
24 173
24 142
24 176
24 178
24 67
24 24
24 132
24 123
25 129
25 132
25 40
25 102
25 104
25 161
25 146
25 145
25 50
25 180
25 25
25 100
25 90
25 28
25 26
26 104
26 43
26 141
26 142
26 40
26 54
26 89
26 26
26 28
27 161
27 139
27 101
27 49
27 40
27 105
27 42
27 43
27 29
27 147
27 116
27 148
27 27
27 106
27 30
28 128
28 161
28 139
28 40
28 42
28 43
28 49
28 117
28 28
28 30
28 63
29 36
29 101
29 105
29 139
29 45
29 47
29 148
29 119
29 152
29 29
29 30
30 161
30 43
30 49
30 40
30 105
30 42
30 139
30 173
30 116
30 137
30 30
31 172
31 33
31 134
31 169
31 76
31 177
31 147
31 118
31 120
31 155
31 126
31 31
32 32
32 34
32 121
32 102
32 103
32 41
32 179
32 52
32 153
32 57
32 58
32 59
32 60
33 33
33 100
33 134
33 135
33 171
33 172
33 77
33 177
33 126
33 118
33 120
33 155
33 94
34 34
34 68
34 121
34 41
34 179
34 52
34 153
34 57
34 58
34 60
35 176
35 51
35 162
35 35
35 36
35 37
35 38
35 39
35 45
36 162
36 36
36 37
36 38
36 39
36 40
36 139
36 176
36 43
36 115
37 128
37 162
37 39
37 43
37 51
37 45
37 38
37 37
38 162
38 38
38 39
38 45
38 176
38 51
38 54
39 162
39 39
39 103
39 45
39 46
39 79
39 178
39 51
39 152
39 154
39 59
40 161
40 130
40 139
40 40
40 43
40 44
40 49
40 158
40 132
41 123
41 41
41 179
41 52
41 53
41 57
41 58
41 59
41 60
42 161
42 139
42 49
42 42
42 43
42 147
42 116
43 130
43 139
43 43
43 109
43 112
43 132
43 159
44 96
44 130
44 44
44 75
44 172
44 109
44 111
44 108
44 114
44 117
44 55
44 121
45 144
45 45
45 46
45 51
45 84
45 53
45 152
45 148
45 79
45 101
46 160
46 46
46 51
46 52
46 149
46 150
46 152
46 62
46 53
47 48
47 167
47 168
47 137
47 106
47 47
47 144
47 82
47 115
47 119
48 144
48 99
48 164
48 133
48 167
48 168
48 74
48 174
48 78
48 48
48 81
48 82
48 115
48 113
48 152
48 79
48 95
49 128
49 161
49 100
49 134
49 49
49 108
49 116
49 147
49 151
50 129
50 132
50 100
50 102
50 135
50 136
50 50
50 145
50 146
50 122
50 104
51 162
51 79
51 51
51 53
51 152
52 71
52 179
52 52
52 150
52 57
52 58
52 59
52 60
52 53
52 149
53 78
53 79
53 53
53 152
53 124
53 157
54 96
54 167
54 168
54 106
54 119
54 144
54 54
54 55
55 96
55 98
55 177
55 168
55 167
55 144
55 121
55 119
55 55
55 106
56 137
56 110
56 79
56 80
56 56
56 89
56 155
56 157
57 160
57 103
57 175
57 179
57 153
57 57
57 58
57 59
57 60
58 123
58 107
58 162
58 60
58 179
58 58
58 59
58 124
59 162
59 123
59 138
59 179
59 59
59 60
59 95
60 103
60 104
60 179
60 60
61 64
61 163
61 72
61 170
61 142
61 87
61 61
61 85
61 127
62 160
62 86
62 70
62 71
62 138
62 83
62 87
62 154
62 62
62 69
63 77
63 137
63 140
63 66
63 110
63 143
63 141
63 158
63 151
63 63
63 94
63 159
64 64
64 163
64 165
64 87
64 72
64 170
64 127
64 85
65 160
65 65
65 69
65 87
65 138
65 156
65 142
65 85
66 66
66 166
66 77
66 142
66 110
66 151
66 88
66 89
66 90
66 91
66 92
66 94
67 97
67 98
67 67
67 103
67 73
67 107
67 173
67 178
67 147
67 84
67 68
67 123
68 97
68 68
68 70
68 73
68 98
68 178
68 84
68 121
68 148
68 125
69 160
69 69
69 70
69 71
69 138
69 83
69 86
69 87
70 160
70 130
70 70
70 71
70 73
70 83
70 84
70 86
70 87
70 154
70 155
70 125
71 160
71 130
71 71
71 83
71 87
71 84
71 154
71 86
71 125
72 163
72 72
72 170
72 93
72 87
72 127
72 85
73 73
73 178
73 84
73 105
73 154
73 124
73 125
74 99
74 133
74 102
74 113
74 104
74 74
74 78
74 79
74 81
74 144
74 174
74 156
74 95
75 130
75 171
75 140
75 169
75 75
75 108
75 141
75 143
75 76
75 114
75 180
75 117
75 111
75 109
76 169
76 171
76 140
76 141
76 111
76 76
76 114
76 180
76 149
76 150
76 143
77 77
77 142
77 143
77 110
77 151
77 89
77 90
77 91
77 92
77 94
78 80
78 99
78 78
78 79
78 81
78 85
78 157
78 156
79 80
79 162
79 99
79 79
79 81
79 82
79 156
79 157
79 85
80 80
80 99
80 137
80 148
80 157
81 99
81 133
81 81
81 113
81 163
81 127
81 156
81 157
81 95
82 144
82 101
82 167
82 168
82 177
82 82
82 115
82 119
82 157
83 160
83 83
83 138
83 86
83 175
83 179
83 154
83 124
83 125
84 97
84 98
84 178
84 84
84 125
85 163
85 179
85 138
85 160
85 99
85 170
85 87
85 175
85 156
85 85
86 160
86 87
86 86
87 160
87 87
88 164
88 165
88 166
88 88
88 90
88 91
88 92
88 93
88 94
89 161
89 110
89 89
89 90
89 91
89 92
89 94
90 165
90 166
90 90
90 91
90 92
90 94
91 165
91 166
91 93
91 122
91 91
91 92
91 94
92 165
92 166
92 93
92 120
92 122
92 92
92 94
93 131
93 164
93 165
93 166
93 177
93 163
93 150
93 93
94 166
94 140
94 110
94 143
94 151
94 94
95 95
95 144
95 133
95 102
95 113
95 104
95 145
95 174
95 131
95 165
96 96
96 119
96 109
96 147
96 117
96 121
96 106
96 153
97 128
97 97
97 98
97 103
97 107
97 173
97 178
97 118
97 123
98 98
98 103
98 105
98 107
98 173
98 148
98 153
99 99
99 133
99 113
99 156
99 157
100 100
100 134
100 135
100 136
100 161
100 172
100 146
100 141
100 118
100 120
100 122
100 140
100 126
101 164
101 101
101 105
101 147
101 116
101 152
101 148
102 136
102 102
102 113
102 104
102 146
102 145
102 149
102 120
102 122
102 126
103 128
103 139
103 132
103 103
103 107
103 173
103 176
103 178
103 179
103 123
103 126
104 129
104 113
104 104
104 146
104 174
104 175
104 145
105 164
105 134
105 105
105 106
105 139
105 147
105 116
105 148
106 144
106 167
106 106
106 119
106 108
106 109
106 168
106 112
106 114
106 115
106 117
107 123
107 161
107 128
107 107
107 173
107 142
107 176
107 178
107 131
107 132
108 108
108 109
108 111
108 112
108 114
108 117
108 158
108 159
109 168
109 109
109 111
109 112
109 114
109 117
109 121
110 137
110 110
110 112
110 153
110 158
110 159
110 151
111 130
111 171
111 169
111 112
111 114
111 180
111 117
111 111
112 137
112 112
112 114
112 117
112 151
112 158
112 159
113 133
113 113
113 145
113 174
113 163
113 120
113 136
113 127
114 161
114 114
114 117
114 169
114 121
114 158
115 144
115 115
115 167
115 168
115 119
116 161
116 134
116 172
116 142
116 147
116 116
116 148
117 134
117 117
117 169
117 121
117 155
118 134
118 135
118 172
118 143
118 178
118 147
118 118
118 120
118 122
118 155
118 126
119 168
119 119
119 144
120 133
120 135
120 136
120 120
120 122
120 127
120 126
121 153
121 121
122 135
122 136
122 172
122 146
122 145
122 122
122 126
122 127
123 123
123 128
123 173
123 142
123 176
123 178
123 131
123 132
124 160
124 129
124 130
124 125
124 174
124 175
124 124
124 154
125 129
125 130
125 175
125 125
126 136
126 135
126 172
126 155
126 126
127 163
127 133
127 170
127 135
127 136
127 127
127 165
128 132
128 128
128 173
128 142
128 176
128 178
128 131
129 129
129 165
129 130
129 146
129 174
129 175
130 130
130 142
130 175
131 131
131 132
131 165
131 176
131 177
131 155
131 164
132 132
132 177
132 146
132 142
132 173
132 176
133 165
133 133
133 156
134 134
134 161
134 172
134 147
134 155
135 135
135 136
135 172
135 146
135 176
135 145
136 163
136 166
136 136
136 170
137 137
137 158
137 159
137 151
138 160
138 138
138 156
139 161
139 139
140 169
140 171
140 140
140 141
140 143
140 180
140 150
140 151
140 158
141 171
141 169
141 141
141 143
141 180
141 149
141 150
141 151
141 158
142 142
142 176
142 174
142 153
143 171
143 169
143 143
143 180
143 158
143 159
143 151
144 144
144 167
144 168
144 174
145 166
145 145
145 146
146 146
147 161
147 147
147 172
147 148
148 148
148 164
149 150
149 169
149 180
149 171
149 149
150 165
150 166
150 170
150 171
150 150
151 151
151 158
151 159
152 152
153 153
154 160
154 154
155 164
155 172
155 177
155 155
156 157
156 156
157 157
158 159
158 158
159 159
160 160
160 175
161 161
161 172
161 173
162 162
162 179
163 163
163 170
164 164
164 166
164 177
164 165
165 165
165 166
165 177
166 166
167 167
167 174
167 168
168 168
169 171
169 169
169 180
170 170
171 171
171 180
172 172
172 178
173 173
173 176
173 178
174 175
174 174
175 175
176 176
176 177
177 177
178 178
179 179
180 180
