1 128
1 1
1 131
1 132
1 33
1 105
1 107
1 173
1 176
1 59
1 89
1 4
1 123
2 2
2 35
2 137
2 109
2 162
2 110
2 77
2 112
2 82
2 158
2 23
2 89
2 94
2 159
3 128
3 123
3 130
3 3
3 132
3 150
3 24
3 176
3 107
3 173
3 142
4 128
4 131
4 4
4 5
4 103
4 107
4 12
4 13
4 45
4 173
4 53
4 132
4 123
5 67
5 68
5 5
5 6
5 7
5 73
5 11
5 12
5 46
5 84
5 154
6 32
6 65
6 6
6 7
6 11
6 80
6 20
6 22
6 56
6 154
6 157
7 32
7 65
7 7
7 73
7 11
7 46
7 80
7 22
7 56
7 154
8 96
8 167
8 168
8 9
8 10
8 55
8 174
8 8
8 54
8 41
8 26
8 106
9 32
9 51
9 34
9 179
9 168
9 9
9 57
9 13
9 46
9 47
9 16
9 115
9 20
9 53
9 41
9 152
9 52
9 60
9 153
10 96
10 167
10 168
10 10
10 174
10 177
10 52
10 54
10 55
10 104
10 26
11 80
11 65
11 20
11 56
11 41
11 11
11 157
11 79
12 97
12 98
12 67
12 103
12 73
12 12
12 34
12 173
12 178
12 84
12 24
12 68
13 101
13 39
13 45
13 46
13 13
13 16
13 51
13 53
13 55
13 152
13 179
13 59
13 60
13 58
14 160
14 32
14 34
14 68
14 70
14 71
14 104
14 41
14 44
14 126
14 14
14 84
14 57
14 169
14 121
14 60
14 125
14 62
14 52
15 162
15 35
15 36
15 37
15 38
15 39
15 40
15 42
15 139
15 109
15 15
15 17
15 43
15 27
15 29
15 30
16 65
16 164
16 51
16 167
16 46
16 45
16 176
16 179
16 180
16 149
16 54
16 57
16 152
16 52
16 16
17 66
17 101
17 49
17 105
17 42
17 139
17 109
17 17
17 147
17 116
17 148
17 27
17 29
17 30
18 160
18 64
18 163
18 164
18 69
18 71
18 72
18 138
18 61
18 81
18 18
18 85
18 86
18 87
18 22
18 127
18 156
18 170
18 21
19 161
19 100
19 102
19 76
19 50
19 145
19 146
19 19
19 88
19 25
19 122
19 28
20 80
20 167
20 168
20 110
20 47
20 144
20 82
20 115
20 20
20 56
20 58
20 157
21 160
21 64
21 99
21 164
21 69
21 72
21 138
21 78
21 79
21 81
21 163
21 170
21 85
21 22
21 87
21 127
21 156
21 61
21 21
22 65
22 138
22 78
22 79
22 83
22 52
22 22
22 154
22 156
22 157
22 62
22 85
23 38
23 77
23 137
23 151
23 66
23 110
23 109
23 112
23 105
23 158
23 23
23 89
23 94
23 159
24 128
24 97
24 67
24 132
24 103
24 107
24 173
24 142
24 176
24 178
24 24
24 123
24 125
24 31
25 161
25 130
25 129
25 40
25 169
25 146
25 145
25 50
25 25
25 26
25 28
25 104
26 171
26 104
26 139
26 43
26 40
26 54
26 88
26 26
26 28
27 96
27 161
27 43
27 49
27 105
27 42
27 139
27 147
27 148
27 116
27 27
27 29
27 30
28 161
28 130
28 139
28 40
28 42
28 43
28 49
28 50
28 117
28 28
28 30
29 101
29 38
29 39
29 105
29 45
29 51
29 148
29 119
29 152
29 116
29 29
30 161
30 131
30 36
30 37
30 49
30 40
30 42
30 43
30 139
30 30
31 33
31 134
31 172
31 177
31 147
31 126
31 118
31 89
31 120
31 155
31 94
31 31
32 32
32 34
32 121
32 41
32 179
32 52
32 57
32 153
32 58
32 59
32 60
32 157
32 53
33 155
33 100
33 118
33 134
33 33
33 120
33 135
33 172
33 126
34 128
34 67
34 138
34 60
34 81
34 83
34 85
34 121
34 153
34 97
34 34
34 103
34 41
34 107
34 173
34 52
34 53
34 57
34 123
34 124
35 35
35 36
35 37
35 38
35 39
35 162
35 77
35 59
35 51
35 89
35 58
36 96
36 162
36 36
36 37
36 38
36 39
36 40
36 43
36 131
36 139
37 162
37 37
37 38
37 39
37 40
37 43
37 94
37 66
37 139
37 158
38 162
38 38
38 39
38 40
38 43
38 112
38 139
38 94
38 159
39 162
39 39
39 137
39 45
39 51
39 58
39 59
40 43
40 40
40 139
40 140
41 51
41 41
41 80
41 179
41 52
41 53
41 153
41 57
41 58
41 59
41 60
42 161
42 49
42 105
42 42
42 139
42 108
42 114
42 147
42 116
42 151
43 139
43 43
43 108
44 96
44 161
44 169
44 75
44 108
44 109
44 111
44 114
44 117
44 118
44 119
44 121
44 44
44 63
45 101
45 105
45 106
45 45
45 46
45 51
45 148
45 152
46 144
46 164
46 179
46 46
46 51
46 52
46 149
46 152
46 132
46 58
47 80
47 179
47 167
47 168
47 106
47 47
47 144
47 82
47 115
47 157
48 144
48 99
48 113
48 168
48 74
48 167
48 78
48 79
48 48
48 81
48 115
48 52
48 174
48 156
48 157
48 95
49 161
49 131
49 134
49 49
49 139
49 143
49 147
49 116
50 161
50 130
50 100
50 102
50 76
50 50
50 145
50 146
50 122
51 58
51 162
51 101
51 55
51 51
51 148
51 53
51 152
51 179
51 59
52 128
52 78
52 79
52 57
52 154
52 156
52 176
52 99
52 178
52 179
52 180
52 53
52 73
52 52
52 60
52 149
53 101
53 168
53 82
53 53
53 153
53 57
53 60
54 144
54 167
54 168
54 106
54 174
54 115
54 54
54 55
54 60
55 96
55 167
55 168
55 106
55 55
55 109
55 144
55 119
55 152
56 80
56 65
56 82
56 179
56 56
56 157
56 110
57 167
57 179
57 153
57 57
57 58
57 59
57 60
58 162
58 179
58 153
58 58
58 59
58 60
59 162
59 179
59 59
59 60
60 80
60 179
60 153
60 60
61 160
61 64
61 163
61 135
61 136
61 170
61 72
61 87
61 120
61 127
61 61
61 149
62 160
62 69
62 70
62 71
62 138
62 83
62 84
62 87
62 154
62 86
62 62
63 155
63 140
63 169
63 171
63 75
63 108
63 141
63 143
63 76
63 114
63 117
63 151
63 111
63 63
64 160
64 64
64 163
64 135
64 136
64 170
64 72
64 87
64 127
64 149
65 65
65 80
65 138
65 78
65 79
65 154
65 156
65 157
66 66
66 137
66 151
66 77
66 110
66 158
66 89
66 90
66 91
66 92
66 94
66 159
67 97
67 67
67 68
67 103
67 73
67 107
67 98
67 173
67 178
67 84
67 123
68 97
68 98
68 68
68 70
68 71
68 73
68 178
68 84
68 154
68 125
69 160
69 98
69 164
69 69
69 70
69 71
69 83
69 86
69 87
70 160
70 98
70 70
70 71
70 83
70 84
70 86
70 87
70 154
71 160
71 98
71 71
71 83
71 84
71 86
71 87
71 154
72 160
72 163
72 87
72 72
72 170
72 127
72 149
73 97
73 73
73 83
73 84
73 154
73 124
74 99
74 164
74 133
74 81
74 74
74 78
74 79
74 113
74 85
74 156
74 95
75 171
75 169
75 75
75 76
75 141
75 142
75 111
75 140
75 180
75 117
75 150
75 143
76 149
76 171
76 169
76 140
76 141
76 143
76 76
76 180
76 117
76 150
76 111
77 158
77 137
77 89
77 159
77 94
77 110
77 77
78 99
78 80
78 78
78 79
78 157
78 156
78 138
78 85
79 99
79 80
79 79
79 157
79 156
79 138
79 85
80 80
80 82
80 157
81 99
81 133
81 113
81 81
81 163
81 95
81 156
81 170
81 85
81 127
82 144
82 168
82 137
82 106
82 110
82 82
82 115
83 160
83 86
83 175
83 83
83 84
83 85
83 87
83 154
83 124
84 97
84 98
84 84
84 124
84 125
85 160
85 163
85 113
85 99
85 156
85 138
85 85
86 160
86 98
86 164
86 138
86 86
86 87
87 160
87 164
87 170
87 87
88 131
88 164
88 165
88 166
88 140
88 141
88 93
88 143
88 177
88 88
88 100
88 91
88 92
88 90
89 137
89 110
89 158
89 89
89 159
89 94
90 131
90 166
90 172
90 140
90 143
90 151
90 90
90 91
90 92
90 94
91 131
91 165
91 166
91 172
91 140
91 141
91 143
91 177
91 151
91 91
91 92
91 93
92 161
92 131
92 165
92 166
92 140
92 141
92 143
92 177
92 151
92 92
92 93
93 177
93 130
93 164
93 165
93 150
93 166
93 93
93 149
94 137
94 151
94 110
94 94
94 159
94 158
95 102
95 113
95 104
95 145
95 174
95 175
95 146
95 149
95 95
96 96
96 134
96 119
96 108
96 109
96 111
96 114
96 117
96 121
97 128
97 97
97 103
97 107
97 98
97 173
97 176
97 178
97 123
98 98
98 149
98 153
99 99
99 113
99 157
99 156
99 138
100 100
100 166
100 134
100 161
100 136
100 135
100 172
100 146
100 145
100 118
100 122
101 164
101 101
101 105
101 106
101 116
101 152
101 148
102 136
102 102
102 145
102 104
102 146
102 174
102 113
102 180
102 122
103 128
103 103
103 107
103 173
103 176
103 178
103 155
103 132
103 123
104 129
104 130
104 165
104 145
104 104
104 175
104 177
104 146
104 174
104 124
105 134
105 105
105 147
105 116
105 148
106 144
106 167
106 168
106 106
106 119
106 109
106 110
106 112
106 115
107 123
107 128
107 107
107 173
107 142
107 176
107 178
107 132
108 119
108 108
108 109
108 111
108 112
108 114
108 147
108 117
108 151
108 143
108 158
109 119
109 109
109 111
109 112
109 114
109 116
109 158
109 159
110 168
110 137
110 148
110 110
110 112
110 158
110 159
111 161
111 171
111 143
111 141
111 111
111 114
111 172
111 117
111 169
111 121
111 140
112 137
112 119
112 112
112 114
112 158
112 159
113 149
113 113
113 136
113 145
113 177
113 163
113 127
113 126
114 119
114 139
114 114
114 117
114 151
114 143
114 158
115 144
115 167
115 168
115 115
115 157
116 161
116 134
116 172
116 147
116 116
116 148
117 171
117 169
117 142
117 172
117 180
117 117
117 121
117 155
118 134
118 135
118 136
118 172
118 118
118 120
118 122
118 155
118 126
119 144
119 119
119 142
119 148
119 121
120 163
120 133
120 135
120 136
120 170
120 155
120 150
120 120
120 122
120 126
120 127
121 129
121 136
121 169
121 135
121 146
121 121
121 122
122 135
122 136
122 172
122 146
122 145
122 122
122 126
123 123
123 128
123 173
123 142
123 176
123 178
123 132
124 129
124 167
124 130
124 174
124 175
124 178
124 124
124 125
125 129
125 130
125 174
125 175
125 178
125 180
125 125
126 155
126 133
126 135
126 136
126 126
126 127
127 163
127 133
127 170
127 135
127 136
127 127
127 149
128 128
128 173
128 142
128 176
128 178
128 132
129 129
129 130
129 165
129 174
129 175
129 145
129 146
130 130
130 165
130 174
130 142
130 175
131 132
131 131
131 166
131 177
132 173
132 176
132 178
132 142
132 132
133 163
133 133
133 135
133 136
133 142
133 155
133 170
134 134
134 161
134 172
134 147
134 151
134 155
135 163
135 135
135 136
135 170
135 172
136 163
136 136
136 170
136 172
137 162
137 137
137 148
137 158
137 159
138 160
138 138
138 154
138 156
139 139
140 171
140 166
140 169
140 141
140 140
140 172
140 151
140 143
141 171
141 166
141 169
141 141
141 172
141 151
141 143
142 169
142 171
142 173
142 142
142 176
142 150
143 155
143 166
143 151
143 153
143 143
143 158
144 144
144 179
144 167
144 168
144 157
145 145
145 146
145 175
145 180
146 146
147 161
147 172
147 147
148 152
148 148
149 149
149 163
149 164
149 165
149 169
149 171
149 174
149 150
149 180
150 164
150 165
150 169
150 171
150 180
150 150
151 166
151 151
151 158
151 159
152 152
153 153
154 154
155 155
155 172
155 177
156 157
156 156
157 157
158 158
158 159
159 159
160 160
160 164
161 172
161 161
162 162
163 163
163 170
164 164
164 165
164 177
165 165
165 166
165 177
166 166
166 177
167 167
167 174
167 168
168 168
169 171
169 180
169 169
170 177
170 170
171 171
171 180
172 172
173 173
173 176
173 178
174 174
174 175
175 180
175 175
176 178
176 176
177 177
178 178
179 179
180 180
