1 128
1 1
1 131
1 132
1 166
1 176
1 88
1 4
1 90
1 91
1 92
1 100
2 2
2 134
2 137
2 106
2 151
2 108
2 110
2 112
2 30
2 23
2 56
2 158
2 159
3 129
3 130
3 3
3 107
3 14
3 175
3 180
3 142
3 24
3 123
3 124
3 125
4 128
4 107
4 4
4 97
4 40
4 103
4 173
4 176
4 178
4 88
4 132
4 26
4 123
4 90
5 68
5 5
5 6
5 7
5 73
5 42
5 11
5 12
5 147
5 84
5 56
5 89
5 154
6 80
6 22
6 83
6 20
6 6
6 7
6 56
6 116
6 154
6 11
7 139
7 68
7 7
7 73
7 42
7 11
7 12
7 84
7 56
7 89
7 154
8 96
8 167
8 168
8 10
8 39
8 44
8 174
8 8
8 54
8 55
8 121
8 26
9 142
9 72
9 41
9 45
9 46
9 13
9 16
9 113
9 51
9 52
9 53
9 9
9 152
10 96
10 104
10 10
10 119
10 46
10 25
10 174
10 54
10 55
10 153
10 26
11 137
11 11
11 110
11 80
11 17
11 20
11 56
11 89
11 154
11 31
12 97
12 98
12 67
12 68
12 73
12 139
12 12
12 178
12 84
12 24
12 103
13 162
13 101
13 39
13 45
13 46
13 13
13 16
13 51
13 53
13 152
13 59
13 95
14 96
14 32
14 34
14 40
14 169
14 44
14 142
14 111
14 121
14 14
14 57
14 153
14 60
15 35
15 36
15 37
15 38
15 105
15 42
15 139
15 15
15 27
15 17
15 116
15 148
15 154
15 47
15 29
15 30
16 129
16 179
16 142
16 16
16 149
16 150
16 152
16 93
16 164
16 41
16 45
16 46
16 177
16 51
16 52
16 53
16 57
16 58
16 59
16 60
17 161
17 68
17 134
17 17
17 105
17 42
17 139
17 29
17 49
17 147
17 116
17 73
17 148
17 27
17 106
17 30
18 160
18 65
18 99
18 101
18 64
18 72
18 156
18 138
18 78
18 61
18 81
18 18
18 163
18 85
18 86
18 87
18 21
18 170
18 69
19 161
19 34
19 100
19 102
19 40
19 146
19 145
19 50
19 19
19 180
19 25
19 122
19 28
19 126
20 167
20 168
20 137
20 79
20 80
20 82
20 115
20 20
20 56
20 153
20 47
20 157
21 160
21 65
21 99
21 101
21 64
21 72
21 156
21 138
21 61
21 78
21 79
21 81
21 85
21 87
21 21
21 170
21 69
22 160
22 36
22 70
22 71
22 105
22 138
22 79
22 80
22 83
22 22
22 154
22 157
22 62
23 77
23 137
23 23
23 108
23 109
23 110
23 143
23 112
23 114
23 158
23 151
23 30
23 159
24 128
24 97
24 98
24 132
24 103
24 172
24 107
24 173
24 142
24 176
24 178
24 67
24 118
24 24
24 123
25 129
25 130
25 102
25 40
25 146
25 145
25 50
25 153
25 25
25 26
25 28
25 104
26 139
26 40
26 43
26 26
26 123
26 28
26 90
26 104
26 36
27 161
27 148
27 35
27 36
27 37
27 38
27 49
27 105
27 42
27 139
27 29
27 147
27 84
27 116
27 27
27 106
27 30
28 128
28 161
28 139
28 40
28 43
28 140
28 141
28 176
28 49
28 50
28 28
28 30
29 35
29 101
29 38
29 39
29 105
29 138
29 71
29 45
29 78
29 144
29 51
29 148
29 54
29 119
29 152
29 116
29 29
29 37
30 161
30 67
30 97
30 49
30 40
30 42
30 151
30 109
30 112
30 178
30 147
30 139
30 43
30 30
31 33
31 134
31 105
31 172
31 147
31 148
31 118
31 56
31 116
31 154
31 155
31 31
32 32
32 34
32 41
32 130
32 179
32 52
32 153
32 57
32 58
32 59
32 60
33 33
33 147
33 100
33 117
33 118
33 134
33 116
33 155
33 172
33 126
34 34
34 121
34 169
34 44
34 52
34 41
34 153
34 57
34 60
35 162
35 35
35 36
35 37
35 38
35 39
35 79
35 51
35 55
35 62
36 162
36 36
36 37
36 38
36 39
36 40
36 47
36 139
36 43
36 82
37 65
37 162
37 37
37 38
37 39
37 43
37 78
37 83
37 139
38 160
38 65
38 162
38 38
38 39
38 43
38 99
38 139
38 86
38 156
38 69
39 162
39 39
39 125
39 45
39 81
39 51
39 152
40 128
40 161
40 66
40 75
40 40
40 139
40 143
40 43
40 63
41 129
41 102
41 41
41 179
41 52
41 53
41 57
41 58
41 59
41 60
42 161
42 134
42 105
42 42
42 139
42 172
42 147
42 116
42 148
42 49
43 161
43 98
43 107
43 103
43 139
43 173
43 49
43 117
43 43
43 89
44 96
44 44
44 106
44 108
44 109
44 111
44 112
44 114
44 117
44 118
44 55
44 121
45 162
45 101
45 74
45 45
45 174
45 51
45 148
45 46
45 152
45 53
46 164
46 101
46 104
46 127
46 46
46 177
46 53
46 51
46 52
46 142
46 170
46 152
46 179
46 59
46 58
46 149
47 144
47 48
47 168
47 106
47 167
47 47
47 80
47 82
47 115
47 119
47 124
48 79
48 48
48 99
48 113
48 101
48 167
48 168
48 74
48 78
48 175
48 144
48 81
48 82
48 115
48 174
48 153
48 124
48 125
48 95
49 161
49 139
49 134
49 49
49 172
49 108
49 147
49 116
49 158
49 103
49 159
50 130
50 131
50 100
50 102
50 135
50 136
50 146
50 145
50 50
50 120
50 122
50 126
51 162
51 101
51 74
51 81
51 51
51 53
51 152
52 142
52 130
52 145
52 179
52 52
52 149
52 150
52 57
52 58
52 59
52 60
53 101
53 74
53 87
53 53
53 152
53 153
54 96
54 167
54 168
54 106
54 55
54 174
54 144
54 54
54 119
54 121
55 96
55 167
55 119
55 144
55 168
55 55
55 121
55 106
56 137
56 110
56 80
56 56
56 89
57 130
57 179
57 153
57 57
57 58
57 59
57 60
58 179
58 102
58 58
58 59
58 60
59 104
59 179
59 59
59 60
60 145
60 179
60 60
61 64
61 163
61 133
61 72
61 170
61 113
61 87
61 152
61 127
61 61
61 85
62 160
62 69
62 70
62 71
62 138
62 83
62 87
62 154
62 86
62 62
63 75
63 169
63 171
63 140
63 141
63 63
63 111
63 76
63 180
63 94
63 143
63 158
63 159
64 64
64 163
64 133
64 72
64 170
64 85
64 87
64 152
64 127
65 160
65 65
65 69
65 138
65 86
65 87
65 156
65 85
66 66
66 140
66 141
66 77
66 143
66 88
66 89
66 90
66 91
66 92
66 94
67 97
67 98
67 67
67 68
67 103
67 73
67 107
67 173
67 178
67 84
67 123
68 97
68 98
68 68
68 73
68 178
68 147
68 84
68 154
69 160
69 70
69 71
69 138
69 83
69 85
69 86
69 87
69 69
70 160
70 70
70 71
70 105
70 83
70 84
70 87
70 154
70 86
71 160
71 83
71 71
71 138
71 87
71 86
72 163
72 133
72 72
72 170
72 87
72 127
72 85
73 178
73 73
73 84
73 97
73 154
74 144
74 99
74 163
74 102
74 113
74 74
74 127
74 78
74 81
74 95
74 156
74 85
74 133
75 171
75 169
75 75
75 76
75 141
75 143
75 108
75 114
75 180
75 117
75 111
75 140
76 171
76 100
76 169
76 140
76 141
76 111
76 76
76 180
76 117
76 143
77 161
77 151
77 77
77 143
77 158
77 118
77 89
77 90
77 94
77 159
78 99
78 138
78 82
78 78
78 79
78 81
78 148
78 157
78 125
78 156
78 85
79 80
79 99
79 138
79 125
79 79
79 115
79 82
79 148
79 156
79 157
79 85
80 137
80 80
80 116
80 154
80 157
81 99
81 113
81 133
81 81
81 163
81 127
81 156
81 85
81 95
82 144
82 99
82 155
82 167
82 168
82 82
82 115
82 119
82 157
83 160
83 124
83 138
83 86
83 83
83 154
83 125
84 97
84 98
84 116
84 84
84 154
85 99
85 160
85 163
85 170
85 138
85 87
85 156
85 85
85 101
86 160
86 138
86 86
86 87
87 87
87 160
87 101
88 131
88 165
88 166
88 140
88 141
88 88
88 153
88 90
88 91
88 92
88 93
89 110
89 89
89 137
89 94
90 90
90 166
90 91
90 92
90 94
91 165
91 166
91 140
91 141
91 150
91 153
91 91
91 92
91 94
92 131
92 165
92 166
92 140
92 141
92 150
92 153
92 92
92 94
93 177
93 131
93 164
93 165
93 166
93 145
93 93
93 150
93 149
94 161
94 151
94 140
94 141
94 158
94 153
94 143
94 94
95 129
95 102
95 113
95 104
95 145
95 174
95 175
95 144
95 152
95 95
96 96
96 134
96 119
96 109
96 121
96 153
96 106
97 97
97 98
97 103
97 107
97 173
97 178
97 123
98 98
98 134
98 103
98 107
98 173
98 147
98 153
99 99
99 125
99 138
99 156
99 157
100 172
100 171
100 100
100 136
100 161
100 135
100 146
100 142
100 118
100 169
100 120
100 132
100 122
100 126
101 155
101 164
101 101
101 105
101 177
101 116
101 152
101 148
101 175
102 129
102 136
102 113
102 179
102 102
102 135
102 104
102 146
102 145
102 120
102 122
103 128
103 103
103 107
103 173
103 176
103 178
103 132
103 123
104 129
104 130
104 113
104 104
104 175
104 145
104 146
104 174
105 167
105 168
105 105
105 147
105 116
105 148
105 134
106 167
106 168
106 108
106 106
106 119
106 109
106 112
106 114
106 115
107 128
107 161
107 107
107 173
107 142
107 176
107 178
107 132
107 123
108 108
108 109
108 111
108 112
108 114
108 117
108 151
108 158
108 159
109 168
109 151
109 109
109 111
109 112
109 114
109 117
109 121
109 159
110 137
110 139
110 110
110 112
110 151
110 158
110 159
111 161
111 171
111 169
111 111
111 112
111 114
111 117
111 143
112 158
112 137
112 151
112 112
112 114
112 117
112 159
113 163
113 133
113 113
113 145
113 170
113 127
114 172
114 114
114 117
114 121
114 158
114 159
115 144
115 155
115 167
115 168
115 174
115 115
115 119
115 124
116 148
116 155
116 172
116 147
116 118
116 116
116 134
117 169
117 117
117 121
117 158
118 134
118 172
118 120
118 147
118 118
118 121
118 155
118 126
119 167
119 168
119 119
119 144
120 133
120 135
120 136
120 170
120 149
120 120
120 122
120 126
121 153
121 121
122 131
122 135
122 136
122 146
122 145
122 150
122 122
122 126
123 128
123 161
123 173
123 142
123 176
123 178
123 132
123 123
124 167
124 168
124 174
124 175
124 148
124 124
124 125
125 129
125 130
125 167
125 162
125 174
125 175
125 125
126 166
126 135
126 136
126 172
126 126
127 163
127 133
127 136
127 170
127 127
128 128
128 173
128 142
128 176
128 132
129 129
129 130
129 174
129 175
129 145
130 130
130 164
130 146
130 174
130 175
130 145
130 142
131 131
131 132
131 165
131 166
131 136
131 176
131 177
131 164
132 132
132 173
132 142
132 176
133 163
133 133
133 170
133 152
134 134
134 172
134 147
134 137
134 155
135 145
135 136
135 150
135 135
135 146
136 165
136 136
136 170
136 146
136 142
137 137
137 151
137 158
137 159
138 160
138 156
138 138
138 157
138 155
139 161
139 139
140 171
140 166
140 169
140 141
140 143
140 140
140 180
141 171
141 166
141 141
141 143
141 180
141 169
142 176
142 155
142 142
142 152
143 171
143 158
143 169
143 143
143 159
144 144
144 167
144 168
144 174
144 175
145 145
145 146
146 146
146 149
146 150
147 155
147 172
147 161
147 147
148 148
149 165
149 166
149 169
149 171
149 149
149 150
149 180
150 164
150 165
150 166
150 171
150 177
150 150
150 180
151 158
151 151
151 159
152 162
152 163
152 152
152 164
153 166
153 177
153 153
154 154
155 172
155 177
155 155
155 157
156 157
156 156
157 157
158 158
158 159
159 159
160 160
161 161
161 172
162 162
163 163
163 170
164 177
164 164
164 165
165 165
165 166
165 177
166 166
167 167
167 174
167 168
167 175
168 168
169 171
169 180
169 169
170 170
171 171
171 180
172 172
173 173
173 176
173 178
174 174
174 175
175 175
176 176
177 177
178 178
179 179
180 180
