1 128
1 1
1 131
1 4
1 103
1 136
1 107
1 173
1 177
1 178
1 43
1 88
1 132
1 123
2 2
2 137
2 106
2 151
2 108
2 110
2 112
2 20
2 23
2 56
2 159
2 28
2 158
2 63
3 129
3 130
3 3
3 36
3 43
3 98
3 142
3 143
3 112
3 24
3 153
3 125
4 107
4 178
4 67
4 4
4 97
4 49
4 7
4 103
4 12
4 173
5 139
5 68
5 5
5 6
5 7
5 73
5 11
5 83
5 84
5 22
5 89
5 154
6 139
6 6
6 7
6 11
6 80
6 20
6 22
6 56
6 89
6 154
6 30
7 84
7 7
7 56
7 73
7 154
7 11
7 42
7 89
8 33
8 35
8 167
8 8
8 10
8 174
8 175
8 168
8 54
8 55
8 26
8 124
8 106
9 16
9 104
9 51
9 52
9 53
9 41
9 152
9 9
9 13
9 46
9 45
10 96
10 104
10 10
10 119
10 45
10 174
10 144
10 54
10 55
10 26
10 155
11 161
11 137
11 11
11 110
11 80
11 20
11 151
11 56
11 89
12 97
12 98
12 67
12 103
12 73
12 12
12 178
12 84
12 24
12 68
12 36
13 45
13 35
13 133
13 39
13 29
13 13
13 46
13 15
13 16
13 81
13 51
13 52
13 53
13 87
13 152
13 125
14 96
14 32
14 34
14 169
14 44
14 14
14 50
14 52
14 57
14 25
14 153
14 121
14 60
15 45
15 35
15 36
15 37
15 38
15 39
15 105
15 42
15 139
15 15
15 27
15 17
15 51
15 148
15 79
15 29
15 30
16 101
16 104
16 45
16 46
16 16
16 51
16 52
16 149
16 150
16 152
16 53
17 161
17 98
17 27
17 134
17 17
17 168
17 105
17 42
17 139
17 49
17 147
17 116
17 55
17 47
17 30
18 160
18 65
18 99
18 69
18 39
18 72
18 138
18 78
18 18
18 85
18 22
18 87
18 156
18 21
19 161
19 100
19 135
19 145
19 42
19 75
19 50
19 77
19 49
19 146
19 19
19 121
19 25
19 122
19 28
19 94
20 167
20 168
20 137
20 172
20 79
20 80
20 82
20 115
20 20
20 56
20 47
20 157
21 160
21 65
21 99
21 39
21 72
21 138
21 78
21 79
21 81
21 85
21 87
21 156
21 21
22 160
22 83
22 35
22 71
22 138
22 79
22 147
22 62
22 22
22 154
22 86
22 157
22 134
23 40
23 137
23 23
23 108
23 109
23 142
23 143
23 112
23 114
23 110
23 151
23 63
23 159
23 158
23 117
24 128
24 97
24 98
24 68
24 103
24 107
24 173
24 142
24 176
24 24
24 178
24 67
24 139
24 132
24 100
24 123
25 129
25 130
25 171
25 145
25 40
25 43
25 76
25 50
25 49
25 146
25 25
25 104
25 26
25 91
25 28
26 129
26 98
26 139
26 171
26 43
26 40
26 26
26 28
26 104
27 161
27 147
27 105
27 42
27 139
27 115
27 148
27 54
27 119
27 116
27 27
27 29
27 30
28 128
28 161
28 43
28 40
28 28
28 42
28 139
28 110
28 176
28 49
28 89
28 151
28 30
29 101
29 105
29 45
29 46
29 48
29 124
29 51
29 116
29 152
29 148
29 156
29 29
29 30
30 161
30 139
30 68
30 49
30 105
30 42
30 43
30 47
30 73
30 30
31 160
31 33
31 131
31 134
31 138
31 172
31 177
31 118
31 87
31 120
31 155
31 106
31 126
31 31
32 32
32 34
32 121
32 41
32 179
32 52
32 153
32 57
32 58
32 59
32 60
32 61
33 33
33 134
33 172
33 177
33 147
33 117
33 118
33 120
33 155
33 126
34 34
34 41
34 170
34 44
34 145
34 179
34 52
34 121
34 153
34 57
34 60
35 162
35 35
35 36
35 37
35 38
35 39
35 78
35 51
35 59
36 107
36 123
36 162
36 36
36 37
36 38
36 39
36 40
36 43
36 173
36 82
36 139
36 154
36 103
36 157
37 162
37 99
37 133
37 38
37 39
37 40
37 139
37 43
37 58
37 59
37 37
38 97
38 162
38 99
38 38
38 39
38 40
38 139
38 43
38 67
38 58
38 59
39 162
39 39
39 179
39 58
39 59
39 62
40 129
40 130
40 139
40 40
40 44
40 43
40 108
40 109
41 104
41 41
41 162
41 113
41 179
41 52
41 153
41 57
41 58
41 59
41 60
41 125
42 97
42 43
42 49
42 161
42 42
42 178
42 139
42 56
43 130
43 129
43 137
43 43
43 139
43 89
44 96
44 108
44 75
44 44
44 109
44 111
44 112
44 114
44 117
44 55
44 121
45 175
45 101
45 45
45 46
45 51
45 148
45 53
45 152
46 101
46 46
46 51
46 52
46 53
46 150
46 152
46 95
47 167
47 168
47 137
47 106
47 119
47 47
47 80
47 82
47 115
47 55
47 157
48 144
48 99
48 81
48 167
48 104
48 74
48 78
48 79
48 48
48 168
48 82
48 115
48 174
48 157
48 119
48 156
48 95
49 96
49 161
49 49
49 139
49 146
49 100
49 123
50 100
50 166
50 102
50 145
50 136
50 135
50 50
50 113
50 146
50 122
50 92
51 69
51 174
51 51
51 52
51 86
51 152
51 85
51 53
52 64
52 179
52 53
52 52
52 57
52 58
52 59
52 60
52 61
52 149
53 65
53 101
53 81
53 53
53 152
54 96
54 168
54 167
54 115
54 54
54 55
54 106
54 174
55 96
55 167
55 119
55 115
55 55
55 168
55 106
56 137
56 110
56 80
56 151
56 56
56 89
57 102
57 72
57 179
57 153
57 57
57 58
57 59
57 60
58 162
58 113
58 179
58 58
58 59
58 60
59 98
59 162
59 179
59 59
59 60
60 72
60 179
60 60
60 127
61 65
61 163
61 133
61 81
61 72
61 64
61 170
61 113
61 85
61 61
61 127
62 160
62 69
62 70
62 71
62 105
62 86
62 83
62 87
62 154
62 124
62 62
63 77
63 137
63 140
63 141
63 110
63 143
63 112
63 142
63 151
63 159
63 94
63 158
63 63
64 64
64 65
64 163
64 164
64 81
64 72
64 170
64 113
64 85
64 127
65 65
65 163
65 133
65 72
65 170
65 81
65 127
65 156
65 85
66 88
66 66
66 166
66 120
66 89
66 90
66 91
66 92
66 77
66 94
66 143
67 128
67 97
67 98
67 67
67 103
67 73
67 107
67 173
67 176
67 178
67 84
67 68
67 123
68 97
68 98
68 68
68 103
68 73
68 178
68 84
69 160
69 83
69 69
69 86
69 87
69 138
69 71
69 70
70 160
70 86
70 70
70 71
70 83
70 84
70 118
70 87
70 154
70 124
70 125
71 160
71 71
71 105
71 175
71 83
71 87
71 154
71 86
71 125
72 163
72 72
72 170
72 127
72 85
73 97
73 73
73 178
73 84
73 154
73 124
73 125
73 126
74 144
74 163
74 133
74 102
74 113
74 104
74 74
74 81
74 85
74 152
74 95
74 156
74 127
75 171
75 76
75 75
75 108
75 109
75 112
75 114
75 180
75 117
75 169
75 111
76 169
76 171
76 140
76 141
76 111
76 76
76 114
76 180
76 149
76 150
76 143
77 166
77 77
77 110
77 143
77 94
77 88
77 89
77 90
77 91
77 92
77 158
78 138
78 82
78 78
78 79
78 115
78 99
78 156
78 157
79 80
79 99
79 105
79 138
79 79
79 82
79 115
79 156
79 157
80 167
80 137
80 80
80 118
80 89
80 157
81 163
81 133
81 144
81 113
81 127
81 81
81 99
81 170
81 95
81 156
81 85
82 144
82 99
82 133
82 168
82 82
82 115
82 119
82 157
83 160
83 162
83 134
83 105
83 138
83 86
83 175
83 124
83 83
83 116
83 154
83 125
84 97
84 98
84 178
84 84
84 125
84 126
85 99
85 101
85 160
85 138
85 87
85 156
85 85
86 160
86 138
86 175
86 87
86 86
87 160
87 138
87 87
88 165
88 166
88 136
88 88
88 90
88 91
88 92
88 93
88 94
89 110
89 151
89 89
89 90
89 94
90 165
90 166
90 135
90 143
90 90
90 91
90 92
90 94
91 164
91 165
91 166
91 141
91 91
91 92
91 93
91 94
92 164
92 165
92 166
92 141
92 92
92 93
92 94
93 131
93 164
93 165
93 166
93 170
93 177
93 155
93 150
93 153
93 93
94 166
94 140
94 141
94 153
94 120
94 143
94 94
95 144
95 163
95 177
95 102
95 113
95 104
95 145
95 174
95 95
96 96
96 119
96 109
96 114
96 117
96 121
96 106
97 128
97 97
97 98
97 103
97 107
97 173
97 176
97 178
97 123
98 98
98 179
98 103
98 107
98 173
98 153
98 121
99 144
99 99
99 138
99 174
99 148
99 156
99 157
100 161
100 100
100 114
100 135
100 136
100 172
100 146
100 120
100 122
100 126
101 164
101 101
101 134
101 105
101 142
101 147
101 148
101 152
101 116
102 163
102 165
102 102
102 145
102 104
102 146
102 113
102 131
102 150
102 122
102 127
103 123
103 128
103 135
103 173
103 176
103 178
103 107
103 103
103 132
104 113
104 129
104 104
104 174
104 175
104 145
104 144
105 161
105 147
105 134
105 105
105 172
105 116
105 148
106 161
106 167
106 106
106 119
106 108
106 109
106 112
106 168
106 114
106 117
107 128
107 107
107 173
107 142
107 176
107 178
107 123
107 132
108 108
108 109
108 111
108 112
108 114
108 117
108 158
108 159
109 168
109 109
109 111
109 112
109 114
109 117
109 121
109 159
110 137
110 110
110 112
110 158
110 159
110 151
111 171
111 169
111 111
111 112
111 114
111 180
111 117
111 141
111 121
111 140
111 126
112 112
112 114
112 117
112 137
112 159
112 151
112 158
113 163
113 133
113 113
113 145
113 170
113 127
114 171
114 114
114 121
114 117
114 169
114 158
114 159
115 144
115 167
115 168
115 119
115 115
115 116
116 147
116 134
116 172
116 157
116 116
116 118
116 148
116 124
117 180
117 117
117 121
118 134
118 135
118 167
118 172
118 147
118 118
118 120
118 124
118 126
119 144
119 168
119 119
119 177
120 134
120 135
120 136
120 172
120 143
120 126
120 120
120 122
121 153
121 121
122 135
122 136
122 146
122 142
122 145
122 122
122 123
122 126
123 128
123 173
123 142
123 176
123 178
123 123
123 155
123 131
123 132
124 129
124 130
124 167
124 125
124 174
124 175
124 154
124 124
125 129
125 130
125 179
125 174
125 175
125 125
126 135
126 136
126 172
126 126
127 163
127 133
127 170
127 136
127 127
128 128
128 132
128 173
128 142
128 176
128 177
128 131
128 155
129 129
129 130
129 174
129 175
129 149
129 150
130 130
130 169
130 142
130 175
131 131
131 132
131 165
131 176
131 177
131 155
131 164
131 133
132 132
132 173
132 142
132 176
132 177
132 146
132 155
133 133
133 163
133 170
133 152
134 147
134 134
134 172
134 148
135 136
135 135
135 146
135 145
136 136
136 169
136 170
136 171
136 146
136 145
137 137
137 159
137 151
137 158
138 160
138 156
138 138
138 157
139 161
139 139
140 149
140 169
140 171
140 140
140 141
140 142
140 180
140 150
140 143
140 158
141 149
141 169
141 171
141 141
141 142
141 180
141 158
141 150
141 143
142 144
142 142
142 143
142 176
142 153
142 159
142 158
143 171
143 158
143 169
143 143
143 159
144 144
144 174
144 168
145 145
145 146
146 171
146 146
146 180
147 161
147 172
147 147
147 148
148 148
148 152
149 180
149 149
149 150
149 169
149 171
150 164
150 165
150 171
150 150
151 167
151 151
151 159
151 158
152 152
153 164
153 153
154 154
155 176
155 177
155 155
155 164
156 157
156 156
157 157
158 159
158 158
159 159
160 160
160 175
161 161
162 179
162 162
163 163
163 179
163 170
164 164
164 166
164 177
164 165
165 166
165 177
165 165
166 166
167 167
167 172
167 174
167 168
168 168
169 171
169 180
169 169
170 170
171 171
171 180
172 172
173 173
173 176
173 178
174 174
174 175
175 179
175 175
176 176
176 177
177 177
178 178
179 179
180 180
