1 32
1 1
1 131
1 4
1 51
1 128
1 107
1 13
1 173
1 176
1 178
1 147
1 132
1 123
2 2
2 168
2 137
2 106
2 139
2 159
2 110
2 47
2 112
2 115
2 23
2 153
2 63
2 151
2 158
2 31
3 128
3 130
3 3
3 132
3 133
3 107
3 140
3 141
3 142
3 173
3 176
3 24
3 123
4 131
4 4
4 5
4 134
4 97
4 9
4 107
4 12
4 173
4 178
4 123
4 53
4 118
4 152
4 103
5 68
5 5
5 6
5 7
5 73
5 12
5 14
5 83
5 84
5 22
5 121
5 154
5 124
6 32
6 6
6 7
6 11
6 78
6 79
6 80
6 46
6 22
6 56
6 154
6 157
7 68
7 7
7 73
7 12
7 16
7 83
7 84
7 22
7 52
7 154
8 27
8 167
8 168
8 106
8 109
8 8
8 112
8 17
8 54
8 55
8 26
8 15
8 10
9 32
9 34
9 9
9 46
9 13
9 14
9 45
9 16
9 51
9 52
9 53
9 152
9 57
10 96
10 36
10 134
10 168
10 105
10 10
10 55
10 44
10 147
10 54
10 119
10 26
10 106
11 99
11 11
11 13
11 78
11 79
11 80
11 20
11 56
11 89
11 59
11 157
12 96
12 97
12 98
12 67
12 73
12 103
12 12
12 173
12 178
12 84
12 24
12 68
12 125
13 179
13 39
13 41
13 13
13 46
13 45
13 16
13 51
13 53
13 152
13 58
13 59
13 60
13 29
14 96
14 32
14 34
14 44
14 14
14 113
14 178
14 52
14 57
14 121
14 60
15 162
15 131
15 36
15 37
15 38
15 39
15 42
15 139
15 15
15 17
15 35
15 27
15 29
15 30
16 46
16 45
16 78
16 16
16 51
16 52
16 149
16 150
16 152
16 79
16 60
16 53
17 161
17 17
17 105
17 42
17 139
17 49
17 147
17 116
17 54
17 137
17 148
17 27
17 29
17 30
18 160
18 65
18 163
18 164
18 69
18 71
18 72
18 64
18 138
18 18
18 83
18 85
18 22
18 87
18 127
18 86
18 61
18 62
18 21
19 49
19 50
19 19
19 100
19 145
19 25
19 122
19 75
19 28
19 146
19 161
20 48
20 162
20 167
20 80
20 137
20 110
20 47
20 144
20 82
20 115
20 148
20 56
20 20
21 160
21 65
21 163
21 164
21 72
21 64
21 138
21 61
21 81
21 85
21 22
21 87
21 127
21 156
21 170
21 21
22 160
22 65
22 138
22 83
22 22
22 121
22 154
22 62
22 85
23 168
23 137
23 106
23 151
23 172
23 110
23 143
23 112
23 23
23 159
23 158
23 63
24 128
24 97
24 130
24 132
24 103
24 107
24 173
24 142
24 176
24 178
24 67
24 180
24 24
24 123
24 125
25 129
25 165
25 145
25 104
25 169
25 43
25 146
25 177
25 50
25 40
25 25
25 26
25 28
26 32
26 40
26 43
26 174
26 104
26 54
26 55
26 57
26 26
27 161
27 49
27 105
27 42
27 139
27 77
27 110
27 147
27 148
27 116
27 27
27 29
27 30
28 129
28 130
28 139
28 166
28 161
28 40
28 42
28 43
28 108
28 143
28 49
28 28
28 30
29 47
29 101
29 167
29 105
29 45
29 46
29 51
29 116
29 152
29 148
29 29
29 30
30 161
30 43
30 36
30 37
30 38
30 49
30 40
30 105
30 42
30 139
30 119
30 55
30 30
31 33
31 131
31 164
31 70
31 134
31 172
31 44
31 109
31 177
31 114
31 118
31 154
31 155
31 126
31 31
32 32
32 34
32 121
32 41
32 57
32 174
32 79
32 179
32 52
32 153
32 59
32 60
32 58
33 33
33 98
33 68
33 133
33 134
33 73
33 75
33 172
33 177
33 118
33 120
33 155
33 126
34 96
34 34
34 121
34 104
34 41
34 60
34 124
34 179
34 52
34 57
34 156
34 95
35 162
35 35
35 36
35 37
35 38
35 39
35 139
35 77
35 153
35 58
35 59
36 162
36 36
36 37
36 38
36 39
36 40
36 43
36 66
36 139
36 94
37 162
37 37
37 38
37 39
37 40
37 43
37 77
37 139
37 59
38 162
38 38
38 39
38 139
38 59
38 77
39 162
39 39
39 167
39 131
39 58
39 59
40 129
40 130
40 43
40 40
40 139
40 114
41 51
41 80
41 41
41 48
41 179
41 52
41 153
41 57
41 58
41 59
41 60
42 161
42 100
42 49
42 42
42 139
42 151
42 90
42 158
43 129
43 130
43 43
43 139
43 143
44 96
44 61
44 72
44 169
44 75
44 108
44 109
44 111
44 76
44 114
44 117
44 170
44 121
44 44
45 80
45 101
45 105
45 45
45 46
45 51
45 148
45 53
45 152
46 101
46 46
46 51
46 52
46 53
46 152
46 179
46 149
47 167
47 168
47 137
47 110
47 47
47 144
47 82
47 115
47 56
48 144
48 80
48 99
48 179
48 167
48 104
48 74
48 78
48 79
48 48
48 82
48 115
48 174
48 157
48 95
49 161
49 91
49 100
49 49
49 139
49 50
49 92
50 96
50 100
50 102
50 171
50 50
50 145
50 146
50 122
50 127
51 101
51 144
51 152
51 51
51 53
51 56
51 59
52 99
52 121
52 179
52 52
52 152
52 57
52 60
52 53
52 149
53 53
53 101
53 152
54 167
54 106
54 109
54 112
54 115
54 54
54 55
54 168
55 167
55 168
55 106
55 109
55 112
55 114
55 55
56 80
56 56
56 89
56 79
56 157
56 78
57 121
57 157
57 179
57 153
57 57
57 59
57 60
57 58
58 162
58 80
58 179
58 153
58 58
58 59
58 60
59 80
59 162
59 179
59 153
59 59
59 60
60 121
60 179
60 153
60 60
60 157
61 64
61 163
61 69
61 135
61 136
61 170
61 72
61 87
61 122
61 61
61 127
62 96
62 160
62 69
62 70
62 71
62 138
62 83
62 84
62 149
62 87
62 154
62 155
62 86
62 62
63 112
63 63
63 158
63 118
63 151
63 137
63 143
63 110
63 159
64 64
64 163
64 165
64 135
64 136
64 170
64 72
64 87
64 122
64 127
64 69
65 160
65 65
65 99
65 121
65 138
65 156
65 78
65 85
66 66
66 166
66 137
66 77
66 110
66 151
66 88
66 89
66 90
66 91
66 92
66 94
67 97
67 98
67 67
67 68
67 103
67 73
67 107
67 173
67 178
67 180
67 84
67 123
68 98
68 68
68 70
68 97
68 73
68 130
68 178
68 84
68 71
68 103
68 125
69 160
69 164
69 69
69 70
69 71
69 72
69 83
69 150
69 87
69 86
70 160
70 98
70 70
70 71
70 83
70 84
70 86
70 87
71 160
71 98
71 71
71 83
71 84
71 86
71 87
71 155
72 163
72 72
72 169
72 170
72 93
72 87
72 127
73 73
73 175
73 178
73 83
73 84
73 154
73 124
73 125
74 99
74 164
74 133
74 102
74 113
74 74
74 78
74 79
74 81
74 156
74 157
74 95
75 171
75 169
75 75
75 108
75 109
75 111
75 76
75 141
75 114
75 180
75 149
75 150
75 122
75 140
75 117
76 171
76 169
76 76
76 141
76 111
76 108
76 114
76 180
76 149
76 150
76 120
76 140
76 109
76 126
76 117
77 137
77 77
77 110
77 91
77 151
77 88
77 89
77 90
77 92
77 94
77 166
78 99
78 80
78 174
78 79
78 81
78 78
78 156
78 157
78 95
79 99
79 80
79 174
79 79
79 81
79 156
79 157
79 95
80 80
80 99
80 101
80 82
80 89
80 157
81 99
81 164
81 133
81 102
81 81
81 145
81 113
81 95
81 156
81 85
82 162
82 167
82 168
82 137
82 144
82 82
82 115
82 119
82 157
83 160
83 138
83 86
83 175
83 83
83 154
83 155
83 124
84 97
84 98
84 129
84 130
84 84
84 149
84 154
84 125
85 160
85 99
85 138
85 113
85 163
85 121
85 156
85 85
86 160
86 150
86 138
86 87
86 86
87 160
87 150
87 87
88 131
88 164
88 165
88 166
88 177
88 120
88 88
88 90
88 91
88 92
88 93
88 94
89 134
89 137
89 110
89 89
89 90
89 91
89 92
89 94
90 161
90 165
90 166
90 151
90 90
90 91
90 92
90 93
90 94
91 164
91 165
91 166
91 151
91 91
91 92
91 93
91 94
92 100
92 164
92 165
92 166
92 151
92 92
92 93
92 94
93 163
93 164
93 165
93 166
93 177
93 102
93 150
93 93
94 166
94 137
94 110
94 151
94 94
95 144
95 99
95 102
95 113
95 104
95 145
95 174
95 95
96 96
96 132
96 169
96 111
96 114
96 117
96 121
96 109
97 97
97 98
97 103
97 128
97 107
97 173
97 176
97 178
97 180
97 123
98 98
98 153
98 103
99 99
99 156
99 157
100 161
100 100
100 134
100 135
100 136
100 172
100 146
100 143
100 147
100 118
100 120
100 122
100 117
101 164
101 101
101 134
101 105
101 147
101 148
101 152
101 116
102 163
102 102
102 113
102 145
102 146
102 150
102 104
102 127
103 128
103 103
103 107
103 173
103 176
103 178
103 180
103 123
103 132
104 104
104 174
104 175
104 145
104 146
104 155
104 124
105 134
105 105
105 147
105 116
105 148
106 139
106 108
106 109
106 112
106 168
106 114
106 119
106 106
106 158
106 159
107 123
107 128
107 107
107 173
107 142
107 176
107 178
107 180
107 132
108 171
108 108
108 109
108 143
108 112
108 114
108 180
108 117
108 141
108 119
108 111
108 140
109 109
109 112
109 114
109 117
109 111
109 119
109 143
110 167
110 151
110 159
110 110
110 158
110 137
111 171
111 135
111 136
111 111
111 114
111 180
111 117
111 150
111 169
112 161
112 168
112 140
112 142
112 143
112 112
112 141
112 114
112 117
112 151
112 158
112 159
113 163
113 133
113 113
113 145
113 146
113 127
113 156
114 130
114 141
114 143
114 169
114 171
114 114
114 180
114 117
114 119
114 140
115 144
115 167
115 168
115 137
115 115
115 119
115 148
116 161
116 134
116 168
116 172
116 147
116 116
116 119
116 148
117 171
117 169
117 180
117 117
117 119
118 155
118 134
118 135
118 136
118 172
118 147
118 118
118 120
118 126
119 144
119 130
119 168
119 176
119 119
120 133
120 134
120 135
120 136
120 172
120 120
120 122
120 126
120 127
121 138
121 175
121 169
121 121
121 126
122 131
122 135
122 136
122 170
122 172
122 146
122 122
122 126
122 127
123 123
123 128
123 173
123 142
123 176
123 178
123 180
123 132
124 129
124 174
124 175
124 178
124 154
124 124
124 125
125 129
125 130
125 175
125 178
125 149
125 125
126 133
126 134
126 135
126 136
126 172
126 171
126 176
126 155
126 126
127 163
127 165
127 135
127 170
127 136
127 127
127 146
127 133
128 132
128 134
128 128
128 173
128 142
128 176
128 178
128 131
128 180
129 130
129 164
129 129
129 175
130 130
130 142
131 131
131 165
131 166
131 136
131 161
131 176
131 177
131 132
131 155
132 132
132 172
132 173
132 142
132 176
132 178
133 133
133 136
133 135
133 163
134 134
134 172
134 147
134 155
135 163
135 135
135 136
135 170
135 172
136 136
136 170
136 163
137 147
137 167
137 168
137 137
137 151
137 159
137 158
138 160
138 138
138 154
138 156
139 161
139 139
140 140
140 141
140 142
140 143
140 171
140 150
140 151
141 141
141 143
141 171
141 150
141 151
142 176
142 173
142 142
142 143
143 151
143 143
143 159
143 158
144 167
144 168
144 144
144 174
144 157
145 165
145 146
145 145
146 169
146 146
147 161
147 172
147 147
147 148
148 148
148 167
148 152
149 160
149 169
149 171
149 180
149 149
149 150
150 171
150 164
150 169
150 150
150 165
151 151
151 159
151 158
152 152
153 179
153 153
154 160
154 175
154 154
155 164
155 172
155 177
155 155
156 157
156 156
157 157
158 159
158 158
159 172
159 159
160 160
161 161
162 162
162 179
163 163
163 170
164 164
164 166
164 177
164 165
165 165
165 166
165 177
166 166
166 177
167 167
167 168
167 174
168 168
169 171
169 180
169 169
170 170
171 171
171 180
172 172
173 173
173 176
173 178
173 180
174 174
174 175
175 178
175 175
176 176
176 178
176 180
177 177
178 178
179 179
180 180
