1 128
1 1
1 131
1 132
1 100
1 103
1 107
1 173
1 176
1 88
1 4
1 90
1 123
2 2
2 137
2 151
2 108
2 110
2 112
2 20
2 23
2 56
2 27
2 158
2 159
3 128
3 129
3 130
3 3
3 133
3 134
3 171
3 107
3 76
3 173
3 142
3 75
3 117
3 24
3 123
3 125
4 67
4 4
4 97
4 103
4 12
4 173
4 178
4 107
4 139
4 36
4 123
5 68
5 5
5 6
5 7
5 73
5 11
5 12
5 83
5 148
5 84
5 154
5 31
6 6
6 7
6 11
6 80
6 83
6 22
6 56
6 154
6 124
6 157
6 101
7 148
7 83
7 84
7 7
7 68
7 154
7 11
7 12
7 73
8 96
8 106
8 54
8 55
8 8
8 121
8 10
8 167
8 44
8 26
8 45
9 32
9 68
9 41
9 45
9 46
9 13
9 16
9 51
9 52
9 53
9 9
9 152
9 57
9 60
9 157
10 96
10 131
10 165
10 104
10 10
10 119
10 174
10 54
10 55
10 121
10 26
10 59
10 93
11 162
11 137
11 11
11 110
11 80
11 20
11 56
11 89
11 154
11 157
11 39
12 97
12 98
12 67
12 68
12 134
12 73
12 103
12 12
12 178
12 84
12 105
12 24
12 29
13 144
13 162
13 35
13 179
13 39
13 29
13 45
13 46
13 13
13 16
13 51
13 53
13 152
13 154
13 59
13 58
14 96
14 32
14 34
14 121
14 72
14 169
14 44
14 14
14 111
14 52
14 153
14 57
14 127
15 162
15 35
15 36
15 37
15 38
15 39
15 105
15 42
15 139
15 15
15 27
15 17
15 43
15 123
15 29
15 30
16 98
16 164
16 179
16 41
16 138
16 174
16 46
16 45
16 16
16 51
16 52
16 149
16 150
16 152
16 58
16 59
16 60
16 53
17 161
17 101
17 17
17 137
17 42
17 103
17 49
17 147
17 116
17 105
17 148
17 27
17 29
17 30
18 32
18 65
18 163
18 69
18 72
18 64
18 138
18 160
18 86
18 18
18 85
18 22
18 87
18 156
18 61
18 21
19 161
19 100
19 102
19 145
19 76
19 50
19 49
19 146
19 19
19 25
19 122
19 28
20 80
20 101
20 167
20 168
20 137
20 39
20 47
20 144
20 82
20 115
20 20
20 56
20 155
20 157
21 32
21 65
21 163
21 72
21 64
21 138
21 160
21 61
21 81
21 99
21 85
21 22
21 87
21 127
21 156
21 170
21 21
22 160
22 65
22 71
22 138
22 46
22 83
22 22
22 154
22 157
22 62
22 85
23 112
23 158
23 134
23 23
23 137
23 151
23 108
23 109
23 110
23 159
24 128
24 97
24 67
24 132
24 103
24 107
24 173
24 142
24 176
24 178
24 147
24 24
24 123
25 129
25 130
25 34
25 102
25 104
25 43
25 146
25 145
25 50
25 40
25 25
25 26
25 28
26 104
26 43
26 166
26 54
26 40
26 55
26 28
26 26
27 161
27 35
27 37
27 38
27 49
27 105
27 42
27 139
27 173
27 147
27 116
27 148
27 27
27 29
27 30
28 161
28 75
28 36
28 40
28 43
28 143
28 49
28 50
28 139
28 28
28 30
29 97
29 162
29 35
29 101
29 39
29 105
29 106
29 45
29 29
29 51
29 116
29 152
29 148
29 42
29 30
30 128
30 161
30 43
30 49
30 40
30 105
30 42
30 139
30 30
31 33
31 134
31 73
31 172
31 177
31 147
31 84
31 118
31 116
31 155
31 126
31 31
32 160
32 32
32 34
32 133
32 104
32 57
32 81
32 179
32 52
32 41
32 153
32 58
32 59
32 60
32 62
33 33
33 155
33 100
33 134
33 172
33 147
33 116
33 118
33 151
33 120
33 89
33 63
33 126
34 34
34 163
34 69
34 169
34 57
34 44
34 145
34 121
34 41
34 87
34 153
34 60
34 52
35 128
35 162
35 35
35 36
35 37
35 38
35 39
36 162
36 37
36 38
36 39
36 40
36 43
36 109
36 112
36 139
36 132
36 36
37 128
37 162
37 37
37 38
37 39
37 40
37 43
37 139
38 128
38 162
38 38
38 39
38 40
38 43
38 176
38 139
39 162
39 39
39 45
39 103
40 129
40 130
40 139
40 40
40 43
40 141
40 90
41 179
41 41
41 57
41 60
41 83
41 84
41 53
41 153
41 52
41 58
41 59
41 156
41 125
42 96
42 161
42 49
42 105
42 42
42 139
42 147
42 116
43 43
43 139
43 117
44 96
44 108
44 139
44 44
44 109
44 111
44 112
44 114
44 117
44 55
44 121
45 51
45 101
45 105
45 119
45 45
45 46
45 167
45 115
45 148
45 53
45 54
45 152
46 164
46 179
46 79
46 46
46 51
46 78
46 152
46 58
46 59
46 124
46 53
46 150
46 149
47 144
47 48
47 167
47 168
47 106
47 47
47 80
47 82
47 115
47 119
47 155
48 144
48 99
48 81
48 104
48 74
48 167
48 78
48 79
48 48
48 177
48 82
48 115
48 174
48 58
48 175
48 157
48 95
49 161
49 66
49 100
49 49
49 139
49 94
49 50
49 147
49 151
50 161
50 100
50 102
50 145
50 171
50 146
50 50
50 122
50 135
51 58
51 101
51 73
51 51
51 53
51 152
51 179
51 59
52 133
52 71
52 57
52 86
52 179
52 52
52 149
52 150
52 180
52 58
52 60
53 125
53 53
53 152
53 101
54 96
54 167
54 168
54 106
54 55
54 174
54 54
54 119
54 121
55 96
55 167
55 106
55 55
55 109
55 168
55 148
55 119
55 121
56 137
56 162
56 110
56 80
56 82
56 56
56 89
56 157
57 65
57 57
57 179
57 85
57 153
57 58
57 59
57 60
58 179
58 78
58 58
58 59
58 60
59 162
59 179
59 79
59 59
59 60
60 65
60 74
60 125
60 175
60 179
60 149
60 153
60 60
60 138
61 64
61 163
61 136
61 170
61 72
61 150
61 87
61 61
61 85
61 127
62 160
62 69
62 70
62 71
62 138
62 83
62 87
62 154
62 86
62 62
63 66
63 158
63 151
63 143
63 94
63 159
63 140
63 141
63 77
63 63
64 64
64 163
64 69
64 136
64 170
64 72
64 150
64 87
64 127
65 160
65 65
65 69
65 138
65 87
65 156
65 85
66 66
66 166
66 77
66 110
66 143
66 151
66 88
66 89
66 90
66 91
66 92
66 94
67 97
67 98
67 67
67 134
67 103
67 73
67 107
67 173
67 178
67 84
67 68
68 97
68 98
68 68
68 70
68 179
68 84
68 73
68 154
68 101
69 69
69 70
69 71
69 72
69 138
69 160
69 85
69 86
69 87
70 160
70 98
70 70
70 71
70 83
70 84
70 86
70 87
70 154
70 155
71 160
71 98
71 86
71 71
71 138
71 83
71 87
72 163
72 72
72 170
72 150
72 87
72 127
73 97
73 98
73 73
73 178
73 84
73 154
73 124
73 125
74 99
74 133
74 102
74 113
74 156
74 74
74 78
74 79
74 145
74 95
74 157
74 81
75 169
75 171
75 75
75 76
75 141
75 111
75 108
75 114
75 180
75 117
75 140
75 143
76 169
76 171
76 140
76 141
76 111
76 76
76 114
76 180
76 117
76 150
76 143
77 77
77 110
77 158
77 118
77 151
77 89
77 90
77 91
77 92
77 94
77 159
78 80
78 99
78 78
78 79
78 81
78 82
78 85
78 157
78 156
78 138
79 80
79 99
79 79
79 81
79 82
79 85
79 157
79 156
79 138
80 99
80 80
80 82
80 155
80 157
81 99
81 133
81 102
81 113
81 81
81 163
81 127
81 156
81 95
82 167
82 168
82 144
82 142
82 82
82 115
82 119
82 157
83 160
83 138
83 86
83 175
83 124
83 83
83 85
83 154
83 125
84 97
84 98
84 84
84 152
84 154
84 125
85 160
85 163
85 138
85 99
85 87
85 156
85 85
86 160
86 138
86 87
86 86
87 170
87 160
87 87
88 131
88 165
88 166
88 136
88 177
88 88
88 90
88 91
88 92
88 93
88 94
89 137
89 139
89 110
89 151
89 89
89 90
89 94
90 166
90 94
90 90
90 91
90 92
90 126
91 165
91 166
91 140
91 93
91 141
91 122
91 91
91 92
91 94
92 165
92 166
92 135
92 140
92 93
92 141
92 122
92 92
92 94
93 131
93 164
93 165
93 166
93 104
93 177
93 155
93 150
93 93
93 95
94 159
94 110
94 143
94 158
94 151
94 94
95 99
95 102
95 113
95 104
95 145
95 174
95 146
95 95
96 96
96 118
96 106
96 119
96 172
96 109
96 121
96 153
97 97
97 98
97 103
97 107
97 173
97 178
97 123
98 98
98 103
98 153
99 99
99 113
99 179
99 156
99 157
100 100
100 134
100 136
100 161
100 135
100 172
100 146
100 141
100 118
100 120
100 122
100 140
100 126
101 116
101 164
101 134
101 167
101 168
101 105
101 147
101 142
101 148
101 152
101 101
102 131
102 102
102 113
102 145
102 146
102 104
103 128
103 107
103 173
103 176
103 178
103 123
103 103
103 132
104 129
104 130
104 104
104 174
104 175
104 145
104 146
104 149
105 134
105 105
105 147
105 116
105 148
106 144
106 167
106 168
106 106
106 119
106 108
106 109
106 112
106 114
106 115
107 123
107 162
107 128
107 107
107 173
107 142
107 176
107 178
107 132
108 108
108 109
108 142
108 111
108 112
108 114
108 172
108 117
108 158
108 159
109 168
109 109
109 111
109 112
109 114
109 117
109 121
109 158
109 159
110 137
110 110
110 112
110 153
110 151
110 158
110 159
111 171
111 169
111 142
111 143
111 141
111 114
111 111
111 140
111 117
112 168
112 137
112 151
112 112
112 114
112 117
112 158
112 159
113 165
113 163
113 133
113 113
113 145
113 146
113 156
113 127
114 169
114 114
114 117
114 118
114 151
114 121
114 158
114 159
115 144
115 167
115 168
115 115
115 119
115 157
116 134
116 137
116 172
116 147
116 116
116 148
117 169
117 171
117 117
117 121
118 134
118 135
118 172
118 178
118 147
118 118
118 120
118 122
118 155
118 126
119 167
119 168
119 119
119 144
120 133
120 135
120 136
120 170
120 171
120 172
120 180
120 120
120 122
120 126
120 127
121 139
121 153
121 121
122 135
122 136
122 170
122 146
122 132
122 122
122 126
122 127
123 128
123 162
123 173
123 142
123 176
123 178
123 123
123 132
123 126
124 129
124 130
124 167
124 174
124 175
124 154
124 124
124 125
125 129
125 130
125 174
125 178
125 175
125 125
126 133
126 135
126 136
126 171
126 172
126 126
127 163
127 133
127 170
127 135
127 136
127 127
128 128
128 132
128 161
128 173
128 142
128 176
128 178
128 139
128 131
129 129
129 130
129 174
129 175
129 145
129 155
130 130
130 164
130 174
130 175
130 142
130 150
131 131
131 132
131 165
131 176
131 177
131 170
131 164
131 155
131 166
132 173
132 142
132 176
132 177
132 132
133 133
133 136
133 135
133 163
133 170
134 172
134 134
134 147
134 148
134 155
134 159
135 135
135 136
135 169
135 170
135 171
135 172
136 166
136 136
136 170
136 142
137 137
137 158
137 151
137 153
137 159
138 160
138 156
138 138
138 157
139 161
139 139
139 158
140 171
140 166
140 169
140 140
140 141
140 180
140 151
140 143
141 171
141 166
141 169
141 141
141 180
141 151
141 143
142 173
142 142
142 176
142 147
142 150
143 171
143 169
143 151
143 143
143 158
144 144
144 167
144 168
144 174
144 152
145 145
145 146
146 146
146 180
147 172
147 147
147 148
148 152
148 148
149 163
149 169
149 171
149 179
149 180
149 149
149 150
150 171
150 164
150 165
150 166
150 150
150 180
151 151
151 158
151 159
152 152
153 153
154 154
155 164
155 172
155 177
155 155
156 177
156 157
156 156
157 157
158 158
158 159
159 159
160 160
161 161
162 162
162 173
163 163
163 170
164 164
164 166
164 177
164 165
165 165
165 166
165 177
166 166
166 177
167 167
167 174
167 168
167 175
168 168
168 174
169 171
169 180
169 169
170 170
171 171
171 180
172 172
173 173
173 178
173 176
174 174
174 175
175 175
176 176
177 177
178 178
179 179
180 180
