1 128
1 1
1 66
1 131
1 4
1 166
1 176
1 88
1 132
1 26
1 91
1 92
1 90
2 112
2 2
2 110
2 23
2 137
2 42
2 151
2 108
2 94
2 158
2 159
3 129
3 130
3 3
3 52
3 178
3 97
3 24
3 124
3 125
3 142
3 175
4 128
4 132
4 4
4 103
4 107
4 173
4 176
4 49
4 178
4 89
4 90
4 123
5 33
5 68
5 5
5 6
5 7
5 73
5 11
5 12
5 84
5 56
5 89
5 154
5 38
5 37
6 6
6 7
6 105
6 11
6 80
6 20
6 22
6 73
6 56
6 154
6 157
7 35
7 68
7 7
7 73
7 11
7 12
7 15
7 84
7 56
7 89
7 154
7 134
8 96
8 168
8 10
8 44
8 8
8 147
8 54
8 55
8 153
8 121
8 26
8 106
9 32
9 99
9 179
9 41
9 13
9 16
9 51
9 52
9 53
9 9
9 57
9 58
9 59
9 60
10 96
10 104
10 10
10 55
10 13
10 51
10 40
10 54
10 119
10 153
10 121
10 26
11 80
11 35
11 20
11 56
11 137
11 154
11 11
11 89
12 97
12 98
12 67
12 68
12 73
12 103
12 12
12 178
12 35
12 84
12 147
12 24
13 48
13 98
13 101
13 83
13 45
13 46
13 13
13 16
13 51
13 53
13 152
13 58
13 59
14 96
14 32
14 34
14 72
14 169
14 43
14 44
14 98
14 14
14 111
14 50
14 57
14 153
14 121
14 60
15 162
15 35
15 36
15 37
15 38
15 105
15 42
15 139
15 15
15 17
15 116
15 56
15 148
15 39
15 27
15 29
15 30
16 51
16 164
16 41
16 74
16 45
16 46
16 16
16 81
16 179
16 52
16 149
16 150
16 152
16 58
16 59
16 60
16 93
17 161
17 35
17 17
17 134
17 97
17 29
17 105
17 42
17 172
17 49
17 178
17 147
17 116
17 148
17 27
17 106
17 30
18 160
18 65
18 163
18 69
18 138
18 46
18 81
18 18
18 83
18 85
18 86
18 87
18 22
18 156
18 21
19 161
19 100
19 49
19 102
19 135
19 40
19 169
19 43
19 76
19 50
19 145
19 146
19 19
19 25
19 122
19 28
20 167
20 168
20 137
20 47
20 80
20 82
20 115
20 20
20 105
20 56
20 124
20 157
21 160
21 65
21 99
21 69
21 72
21 41
21 138
21 21
21 64
21 81
21 163
21 85
21 86
21 87
21 156
21 61
21 133
22 160
22 83
22 101
22 71
22 138
22 70
22 78
22 79
22 51
22 22
22 154
22 156
22 157
22 62
23 137
23 139
23 108
23 109
23 110
23 77
23 112
23 158
23 151
23 23
23 159
23 94
23 63
24 128
24 97
24 67
24 35
24 103
24 107
24 173
24 142
24 176
24 178
24 24
24 123
25 131
25 102
25 40
25 43
25 146
25 145
25 50
25 25
25 104
25 26
25 28
26 132
26 40
26 43
26 176
26 54
26 55
26 88
26 26
26 28
26 104
27 97
27 162
27 35
27 37
27 38
27 49
27 161
27 42
27 139
27 172
27 147
27 116
27 105
27 148
27 134
27 27
27 29
27 30
28 161
28 132
28 43
28 36
28 40
28 139
28 146
28 50
28 28
28 30
29 162
29 35
29 101
29 39
29 105
29 148
29 45
29 147
29 84
29 54
29 152
29 116
29 154
29 29
30 161
30 35
30 36
30 37
30 38
30 49
30 42
30 139
30 173
30 147
30 30
31 96
31 33
31 134
31 105
31 172
31 80
31 147
31 148
31 118
31 116
31 155
31 31
32 32
32 34
32 41
32 87
32 98
32 113
32 179
32 52
32 57
32 58
32 59
32 60
33 96
33 33
33 98
33 134
33 73
33 172
33 147
33 148
33 118
33 105
33 116
33 155
33 126
34 34
34 163
34 133
34 169
34 44
34 98
34 145
34 146
34 52
34 41
34 153
34 57
34 121
34 60
35 97
35 162
35 35
35 37
35 38
35 42
35 67
35 39
36 162
36 139
36 36
36 37
36 38
36 39
36 40
36 137
36 43
36 44
36 109
36 110
36 112
37 162
37 38
37 39
37 43
37 139
37 56
37 37
38 162
38 38
38 39
38 43
38 139
39 162
39 39
39 105
39 98
39 45
39 82
39 115
39 148
39 55
40 43
40 40
40 171
40 104
40 146
40 139
40 90
41 65
41 59
41 98
41 81
41 179
41 52
41 41
41 57
41 58
41 95
41 60
41 53
41 85
42 161
42 49
42 42
42 107
42 172
42 173
42 110
42 147
42 116
42 118
42 89
42 123
43 161
43 66
43 75
43 43
43 176
43 139
44 96
44 161
44 44
44 106
44 139
44 108
44 109
44 111
44 114
44 117
44 54
44 55
44 121
45 162
45 101
45 105
45 45
45 78
45 51
45 148
45 46
45 152
45 79
45 124
45 125
46 65
46 164
46 101
46 51
46 46
46 179
46 149
46 86
46 152
46 58
46 59
47 144
47 167
47 168
47 137
47 106
47 47
47 48
47 82
47 115
47 153
47 124
48 144
48 175
48 99
48 104
48 74
48 174
48 79
48 48
48 82
48 115
48 78
48 119
48 124
48 125
48 95
49 128
49 161
49 126
49 49
49 139
49 108
49 77
49 147
49 100
49 94
49 63
50 100
50 166
50 102
50 135
50 136
50 50
50 145
50 146
50 122
51 101
51 142
51 79
51 51
51 152
51 179
51 59
51 58
51 53
52 113
52 179
52 52
52 149
52 150
52 57
52 58
52 60
53 179
53 57
53 53
53 153
53 58
53 59
53 60
53 157
54 96
54 167
54 168
54 106
54 55
54 54
54 119
54 121
55 96
55 162
55 118
55 168
55 106
55 167
55 121
55 119
55 55
56 137
56 110
56 80
56 56
56 89
57 69
57 179
57 57
57 58
57 59
57 60
58 160
58 179
58 70
58 58
58 59
58 60
59 179
59 70
59 60
59 152
59 59
59 156
59 62
60 69
60 179
60 86
60 60
61 64
61 65
61 163
61 133
61 136
61 170
61 93
61 72
61 87
61 127
61 61
61 69
62 160
62 98
62 69
62 70
62 71
62 138
62 83
62 87
62 152
62 86
62 62
63 66
63 110
63 94
63 63
63 151
63 159
63 77
63 158
63 143
64 64
64 65
64 163
64 133
64 136
64 170
64 93
64 72
64 150
64 87
64 127
64 69
64 149
65 65
65 69
65 72
65 138
65 160
65 179
65 86
65 87
65 156
65 85
66 66
66 166
66 140
66 77
66 143
66 88
66 89
66 90
66 91
66 92
66 94
67 97
67 98
67 68
67 103
67 73
67 107
67 173
67 178
67 67
67 84
68 97
68 98
68 68
68 70
68 73
68 162
68 84
68 154
69 69
69 70
69 71
69 72
69 160
69 86
69 87
69 85
70 160
70 98
70 70
70 71
70 138
70 83
70 84
70 87
70 86
71 160
71 98
71 86
71 71
71 138
71 83
71 179
71 87
72 163
72 72
72 170
72 177
72 87
72 153
72 127
72 133
73 73
73 178
73 84
73 97
73 154
73 125
74 99
74 102
74 145
74 74
74 78
74 79
74 113
74 85
74 95
74 156
74 81
75 75
75 140
75 171
75 108
75 141
75 143
75 76
75 114
75 117
75 169
75 111
75 126
76 171
76 136
76 169
76 76
76 141
76 111
76 114
76 180
76 117
76 140
76 143
77 77
77 110
77 158
77 151
77 89
77 90
77 94
77 159
78 80
78 99
78 157
78 78
78 79
78 81
78 82
78 156
78 138
79 80
79 83
79 99
79 157
79 79
79 81
79 82
79 156
79 138
80 105
80 80
80 82
80 154
80 157
81 99
81 133
81 113
81 81
81 163
81 127
81 156
81 85
81 95
82 168
82 144
82 167
82 82
82 115
82 157
83 160
83 138
83 157
83 83
83 85
83 154
83 125
84 97
84 98
84 84
84 154
85 160
85 163
85 99
85 113
85 87
85 156
85 138
85 85
86 160
86 98
86 138
86 86
86 87
86 155
87 170
87 87
87 160
88 131
88 165
88 166
88 135
88 141
88 177
88 90
88 88
88 122
88 91
88 92
88 94
89 89
89 137
89 94
90 166
90 141
90 90
90 91
90 92
90 94
91 131
91 165
91 166
91 171
91 140
91 141
91 93
91 143
91 91
91 92
91 122
91 94
92 131
92 165
92 166
92 171
92 140
92 141
92 93
92 143
92 180
92 92
92 122
92 94
93 155
93 164
93 165
93 166
93 127
93 93
93 177
93 149
93 150
93 133
94 151
94 140
94 110
94 141
94 159
94 158
94 143
94 94
95 129
95 130
95 145
95 102
95 104
95 174
95 113
95 144
95 95
96 96
96 109
96 121
96 153
96 106
97 107
97 98
97 123
97 97
97 103
97 173
97 178
98 98
98 153
99 99
99 157
99 152
99 156
99 138
100 161
100 100
100 135
100 136
100 172
100 146
100 118
100 120
100 121
100 122
100 126
101 164
101 101
101 105
101 144
101 157
101 116
101 119
101 152
101 148
101 155
102 129
102 130
102 165
102 102
102 113
102 104
102 146
102 145
102 150
103 128
103 103
103 107
103 173
103 176
103 178
103 139
103 132
103 123
104 129
104 130
104 164
104 145
104 174
104 175
104 104
104 144
105 148
105 105
105 147
105 116
105 134
106 167
106 106
106 119
106 172
106 109
106 112
106 114
106 115
106 117
106 168
106 108
107 128
107 107
107 173
107 142
107 176
107 178
107 132
107 123
108 108
108 109
108 111
108 112
108 114
108 117
108 151
108 158
108 159
109 168
109 151
109 109
109 111
109 112
109 114
109 117
109 121
109 159
110 137
110 151
110 110
110 112
110 158
110 153
110 159
111 169
111 171
111 112
111 114
111 117
111 120
111 111
111 126
112 168
112 151
112 112
112 114
112 117
112 158
112 159
113 163
113 133
113 113
113 145
113 146
113 127
113 156
114 161
114 114
114 117
114 169
114 121
114 151
114 158
114 159
115 144
115 168
115 167
115 174
115 115
115 119
115 175
115 124
116 134
116 172
116 142
116 147
116 116
116 118
116 148
117 161
117 117
117 169
117 151
117 158
118 134
118 172
118 147
118 118
118 120
118 155
118 126
119 144
119 167
119 168
119 119
119 174
120 135
120 136
120 172
120 170
120 140
120 141
120 120
120 122
120 126
120 127
121 161
121 153
121 121
121 122
122 135
122 136
122 170
122 146
122 122
122 126
122 127
123 128
123 173
123 142
123 176
123 178
123 132
123 123
124 129
124 130
124 167
124 144
124 174
124 175
124 124
124 125
125 129
125 130
125 167
125 142
125 175
125 174
125 125
126 128
126 135
126 136
126 172
126 143
126 126
127 163
127 133
127 170
127 135
127 136
127 127
128 128
128 173
128 142
128 176
128 178
128 132
129 129
129 130
129 174
129 175
129 145
129 155
130 130
130 164
130 142
130 175
130 145
130 174
130 155
131 131
131 132
131 165
131 166
131 176
131 177
131 146
132 173
132 142
132 176
132 132
133 163
133 133
133 170
134 155
134 134
134 172
134 147
134 148
135 136
135 135
135 170
136 166
136 136
136 170
136 171
137 137
137 151
137 158
137 159
138 160
138 138
138 152
138 154
138 156
138 157
139 161
139 139
139 151
139 158
139 159
140 171
140 166
140 169
140 140
140 141
140 143
140 180
141 171
141 166
141 169
141 141
141 143
141 180
142 142
142 176
142 148
143 171
143 169
143 158
143 143
143 151
143 159
144 144
144 167
144 168
144 174
144 175
145 145
145 146
146 146
146 180
147 147
147 172
147 148
148 162
148 152
148 148
149 164
149 165
149 171
149 177
149 180
149 149
149 150
150 164
150 166
150 171
150 177
150 150
150 180
150 165
151 158
151 151
151 159
152 175
152 164
152 174
152 152
153 153
154 162
154 154
155 164
155 156
155 165
155 177
155 155
156 157
156 156
157 157
158 158
158 159
159 159
160 160
161 161
162 162
162 168
162 167
163 163
163 170
164 164
164 177
164 165
165 165
165 170
165 177
165 166
166 166
166 177
166 180
167 167
167 168
167 174
167 175
168 168
169 171
169 180
169 169
170 170
171 171
171 180
172 172
173 173
173 176
173 178
174 174
174 175
175 175
176 176
177 177
178 178
179 179
180 180
