1 128
1 1
1 131
1 4
1 166
1 107
1 173
1 176
1 123
1 88
1 132
1 90
1 91
1 92
1 126
2 112
2 2
2 110
2 23
2 56
2 137
2 151
2 108
2 159
2 158
2 31
3 129
3 130
3 3
3 107
3 34
3 142
3 175
3 180
3 24
3 123
3 124
3 125
4 67
4 4
4 97
4 103
4 12
4 173
4 178
4 107
4 88
4 90
4 28
5 68
5 147
5 84
5 5
5 6
5 7
5 56
5 73
5 154
5 11
5 89
6 6
6 7
6 11
6 15
6 80
6 83
6 20
6 22
6 56
6 154
6 125
7 68
7 84
7 7
7 56
7 73
7 154
7 11
7 134
7 89
8 96
8 8
8 10
8 44
8 174
8 29
8 168
8 54
8 55
8 153
8 121
8 26
8 106
9 9
9 41
9 74
9 13
9 46
9 16
9 81
9 51
9 52
9 53
9 87
9 152
9 57
9 179
9 60
9 58
10 96
10 40
10 10
10 55
10 121
10 54
10 119
10 153
10 25
10 26
10 93
11 36
11 137
11 11
11 110
11 80
11 116
11 89
11 56
11 20
11 154
12 97
12 98
12 67
12 103
12 73
12 12
12 178
12 84
12 24
12 68
12 30
13 101
13 39
13 45
13 46
13 13
13 16
13 51
13 53
13 87
13 152
13 58
13 59
13 21
14 96
14 32
14 34
14 135
14 169
14 44
14 14
14 111
14 121
14 117
14 153
14 120
14 57
14 122
15 162
15 35
15 36
15 37
15 39
15 105
15 42
15 139
15 29
15 15
15 80
15 49
15 116
15 17
15 27
15 148
15 38
15 106
15 30
16 129
16 164
16 133
16 51
16 41
16 46
16 45
16 16
16 113
16 179
16 52
16 149
16 150
16 152
16 58
16 59
16 93
16 53
17 161
17 148
17 35
17 134
17 17
17 105
17 42
17 49
17 147
17 84
17 56
17 116
17 27
17 29
17 30
18 160
18 65
18 86
18 99
18 69
18 72
18 64
18 138
18 45
18 78
18 18
18 163
18 85
18 22
18 87
18 156
18 61
18 21
19 161
19 34
19 100
19 102
19 135
19 40
19 28
19 50
19 145
19 146
19 19
19 25
19 88
19 153
19 122
19 91
19 92
19 126
20 37
20 167
20 137
20 79
20 80
20 82
20 115
20 20
20 105
20 56
20 153
20 47
20 124
20 157
21 160
21 65
21 99
21 69
21 72
21 64
21 138
21 78
21 61
21 81
21 163
21 85
21 87
21 127
21 156
21 170
21 21
22 160
22 65
22 70
22 71
22 138
22 79
22 83
22 148
22 22
22 154
22 86
22 157
22 62
23 137
23 151
23 108
23 109
23 110
23 143
23 112
23 172
23 23
23 159
23 158
23 63
24 128
24 97
24 67
24 132
24 103
24 107
24 173
24 142
24 176
24 49
24 178
24 24
24 123
25 32
25 129
25 130
25 102
25 104
25 43
25 146
25 145
25 50
25 40
25 25
25 26
25 28
26 97
26 36
26 103
26 41
26 43
26 28
26 104
26 40
26 54
26 153
26 90
26 60
26 26
27 161
27 35
27 37
27 38
27 49
27 105
27 42
27 139
27 147
27 116
27 73
27 148
27 27
27 29
27 30
28 161
28 139
28 40
28 169
28 43
28 140
28 141
28 76
28 49
28 50
28 123
28 28
28 30
29 162
29 35
29 101
29 38
29 39
29 105
29 42
29 45
29 82
29 51
29 116
29 55
29 152
29 148
29 29
29 37
30 161
30 67
30 36
30 49
30 40
30 105
30 42
30 139
30 43
30 147
30 158
30 108
30 44
30 30
30 159
31 33
31 134
31 137
31 172
31 109
31 147
31 148
31 118
31 105
31 116
31 154
31 155
31 31
32 32
32 34
32 41
32 170
32 179
32 52
32 57
32 58
32 59
32 60
33 33
33 100
33 134
33 161
33 73
33 172
33 126
33 147
33 84
33 117
33 118
33 116
33 155
33 158
34 34
34 121
34 136
34 169
34 44
34 52
34 41
34 153
34 57
34 60
35 162
35 35
35 36
35 37
35 38
35 39
35 168
35 47
35 42
35 167
36 162
36 36
36 37
36 38
36 39
36 40
36 43
36 139
36 56
37 162
37 37
37 38
37 39
37 106
37 43
37 139
38 162
38 38
38 39
38 106
38 43
38 139
39 65
39 162
39 39
39 45
39 86
39 119
39 152
39 54
39 124
40 128
40 161
40 139
40 40
40 171
40 43
40 90
41 64
41 41
41 61
41 179
41 52
41 53
41 57
41 59
41 60
41 58
41 127
42 161
42 134
42 49
42 105
42 42
42 172
42 110
42 147
42 116
42 137
43 161
43 66
43 75
43 103
43 139
43 143
43 43
43 94
43 63
44 96
44 44
44 106
44 108
44 109
44 111
44 49
44 114
44 117
44 55
44 121
45 65
45 162
45 48
45 101
45 45
45 46
45 51
45 148
45 142
45 87
45 152
45 156
45 53
46 164
46 101
46 95
46 142
46 177
46 53
46 51
46 46
46 152
46 179
46 59
46 58
46 149
47 48
47 167
47 168
47 137
47 106
47 47
47 144
47 82
47 115
47 119
47 124
47 125
48 48
48 175
48 99
48 113
48 168
48 74
48 78
48 79
48 144
48 104
48 82
48 115
48 174
48 119
48 124
48 95
49 161
49 100
49 49
49 172
49 139
49 114
49 178
49 147
49 116
49 121
50 161
50 100
50 166
50 102
50 135
50 136
50 50
50 145
50 146
50 122
51 65
51 162
51 101
51 174
51 53
51 51
51 152
51 59
51 85
51 69
52 145
52 179
52 52
52 149
52 150
52 57
52 58
52 59
52 60
53 99
53 101
53 71
53 138
53 53
53 152
53 62
54 96
54 167
54 168
54 106
54 174
54 54
54 119
54 153
54 121
54 55
55 96
55 162
55 167
55 106
55 119
55 168
55 55
55 121
56 137
56 110
56 80
56 56
56 89
56 154
57 170
57 145
57 179
57 57
57 58
57 59
57 60
58 104
58 113
58 179
58 58
58 59
58 60
59 179
59 104
59 59
59 60
60 102
60 170
60 130
60 179
60 60
61 64
61 65
61 163
61 133
61 136
61 170
61 72
61 87
61 61
61 127
62 160
62 70
62 71
62 138
62 83
62 86
62 87
62 154
62 62
62 69
63 161
63 140
63 75
63 76
63 77
63 158
63 143
63 141
63 180
63 171
63 151
63 159
63 94
63 63
64 64
64 65
64 163
64 133
64 72
64 170
64 87
64 127
65 65
65 69
65 72
65 138
65 160
65 170
65 87
65 156
65 85
66 66
66 166
66 140
66 141
66 77
66 143
66 88
66 89
66 90
66 91
66 92
66 94
67 97
67 98
67 67
67 103
67 73
67 107
67 173
67 178
67 84
67 68
68 97
68 98
68 68
68 73
68 178
68 147
68 84
68 154
69 160
69 69
69 70
69 71
69 138
69 86
69 87
70 160
70 98
70 70
70 71
70 83
70 148
70 87
70 84
70 154
70 86
71 160
71 83
71 71
71 87
71 86
71 138
72 163
72 133
72 72
72 170
72 177
72 179
72 87
72 127
73 98
73 134
73 73
73 178
73 147
73 84
73 97
73 154
73 125
74 99
74 102
74 113
74 74
74 78
74 79
74 145
74 163
74 95
74 156
74 81
75 169
75 171
75 75
75 76
75 141
75 143
75 108
75 114
75 180
75 117
75 111
75 140
76 171
76 100
76 169
76 76
76 141
76 143
76 140
76 180
76 117
76 111
77 161
77 158
77 151
77 89
77 90
77 140
77 77
77 94
77 143
78 80
78 162
78 99
78 101
78 138
78 82
78 78
78 79
78 81
78 157
78 155
78 156
78 85
79 80
79 162
79 99
79 157
79 79
79 81
79 82
79 115
79 85
79 156
79 138
80 157
80 80
80 137
80 154
81 99
81 133
81 113
81 81
81 163
81 127
81 156
81 85
81 95
82 144
82 99
82 167
82 168
82 157
82 82
82 115
83 160
83 138
83 154
83 83
83 148
83 86
83 125
84 98
84 97
84 84
84 154
85 160
85 99
85 163
85 138
85 87
85 156
85 157
85 85
86 160
86 138
86 87
86 86
86 101
87 160
87 87
88 165
88 166
88 150
88 88
88 90
88 91
88 92
88 93
88 94
89 110
89 118
89 137
89 94
89 89
90 166
90 100
90 90
90 91
90 92
90 94
91 165
91 166
91 140
91 141
91 150
91 91
91 92
91 94
92 165
92 166
92 140
92 141
92 150
92 92
92 94
93 131
93 164
93 165
93 166
93 177
93 149
93 150
93 153
93 93
94 140
94 141
94 151
94 143
94 94
95 129
95 130
95 113
95 102
95 177
95 104
95 145
95 174
95 144
95 95
96 96
96 119
96 109
96 147
96 121
96 153
96 106
97 97
97 98
97 103
97 107
97 173
97 178
97 123
98 98
98 134
98 103
98 173
98 153
99 99
99 157
99 138
99 156
100 100
100 161
100 136
100 135
100 172
100 146
100 142
100 118
100 120
100 122
100 126
101 155
101 164
101 101
101 105
101 144
101 177
101 116
101 152
101 148
101 175
102 165
102 102
102 145
102 104
102 146
102 113
103 128
103 103
103 107
103 173
103 176
103 178
103 132
103 123
104 129
104 130
104 164
104 104
104 144
104 174
104 145
104 146
105 148
105 134
105 105
105 147
105 116
106 144
106 167
106 108
106 106
106 119
106 109
106 112
106 168
106 114
106 115
106 116
106 121
107 123
107 128
107 107
107 173
107 142
107 176
107 178
107 132
107 126
108 108
108 109
108 158
108 111
108 112
108 114
108 117
108 118
108 151
108 159
109 168
109 151
109 172
109 109
109 112
109 114
109 117
109 121
109 111
109 159
110 137
110 110
110 112
110 151
110 158
110 159
111 161
111 171
111 169
111 112
111 114
111 117
111 111
111 143
112 151
112 172
112 112
112 114
112 117
112 158
112 159
113 163
113 133
113 145
113 113
113 146
113 127
113 156
114 169
114 114
114 117
114 151
114 158
114 159
115 144
115 162
115 167
115 168
115 175
115 174
115 115
115 119
115 124
116 155
116 134
116 172
116 147
116 116
116 118
116 148
117 169
117 117
117 158
117 159
118 134
118 172
118 147
118 118
118 120
118 155
118 126
119 144
119 167
119 168
119 119
120 133
120 166
120 135
120 136
120 170
120 176
120 120
120 122
120 126
120 127
121 153
121 121
122 135
122 136
122 146
122 142
122 122
122 126
122 127
123 128
123 132
123 173
123 142
123 176
123 178
123 123
123 126
124 129
124 130
124 168
124 167
124 174
124 153
124 148
124 175
124 124
124 125
125 129
125 130
125 167
125 174
125 175
125 148
125 125
126 136
126 172
126 173
126 135
126 126
127 163
127 133
127 170
127 135
127 136
127 127
128 128
128 131
128 132
128 173
128 142
128 176
128 178
129 129
129 130
129 174
129 175
129 145
129 153
130 130
130 174
130 175
130 145
130 142
131 131
131 132
131 165
131 166
131 177
131 145
131 164
131 176
132 132
132 173
132 142
132 176
132 177
132 135
133 163
133 133
133 170
133 136
134 134
134 172
134 147
134 155
135 135
135 136
135 170
136 136
136 170
137 137
137 159
137 151
137 158
138 160
138 156
138 138
138 155
138 157
139 161
139 139
139 151
139 159
140 171
140 169
140 140
140 141
140 180
140 143
141 171
141 166
141 169
141 141
141 143
141 180
142 173
142 176
142 152
142 142
143 171
143 158
143 169
143 143
143 151
143 159
144 144
144 167
144 168
144 174
144 175
145 145
145 146
145 149
145 150
146 146
146 153
147 172
147 147
147 148
148 168
148 152
148 148
149 149
149 150
149 180
149 171
149 165
149 166
150 164
150 165
150 166
150 177
150 150
150 180
151 158
151 151
151 159
152 162
152 164
152 152
153 153
154 154
155 160
155 164
155 172
155 177
155 155
155 157
156 157
156 156
157 157
158 158
158 159
159 172
159 159
160 160
161 161
162 162
163 163
163 164
163 170
164 164
164 177
164 165
165 166
165 177
165 165
166 166
167 167
167 168
167 174
167 175
168 174
168 168
168 175
169 171
169 180
169 169
170 170
171 171
171 180
172 172
173 173
173 176
173 178
174 174
174 175
175 175
176 176
177 177
178 178
179 179
180 180
