1 128
1 1
1 131
1 4
1 107
1 173
1 176
1 88
1 132
1 90
1 123
1 126
2 33
2 2
2 137
2 151
2 110
2 112
2 20
2 158
2 23
2 159
2 94
2 63
3 128
3 129
3 130
3 3
3 134
3 142
3 175
3 176
3 24
3 121
3 124
3 125
4 123
4 178
4 67
4 4
4 97
4 103
4 40
4 107
4 12
4 173
5 68
5 5
5 6
5 7
5 73
5 11
5 12
5 84
5 56
5 89
5 26
5 27
5 154
6 6
6 7
6 11
6 15
6 80
6 83
6 20
6 22
6 56
6 154
6 157
6 31
7 139
7 68
7 7
7 73
7 11
7 12
7 80
7 147
7 84
7 56
7 89
7 154
8 96
8 168
8 10
8 44
8 29
8 8
8 147
8 54
8 55
8 121
8 26
8 106
9 32
9 83
9 41
9 13
9 46
9 16
9 51
9 52
9 53
9 9
9 57
9 60
10 96
10 131
10 132
10 165
10 103
10 104
10 10
10 40
10 176
10 121
10 54
10 55
10 153
10 25
10 26
10 93
11 137
11 11
11 80
11 20
11 56
11 89
11 154
11 27
11 157
12 97
12 98
12 67
12 73
12 103
12 12
12 17
12 178
12 84
12 24
12 68
13 16
13 101
13 70
13 39
13 138
13 29
13 45
13 46
13 13
13 48
13 51
13 53
13 152
13 179
13 59
13 156
13 58
13 62
14 96
14 32
14 34
14 41
14 14
14 44
14 142
14 111
14 146
14 57
14 153
14 121
14 169
14 127
15 162
15 35
15 36
15 37
15 39
15 105
15 42
15 139
15 15
15 27
15 17
15 148
15 73
15 38
15 29
15 30
16 51
16 164
16 41
16 74
16 45
16 46
16 16
16 81
16 179
16 52
16 149
16 150
16 152
16 58
16 59
16 60
17 161
17 67
17 147
17 134
17 17
17 105
17 42
17 49
17 29
17 35
17 116
17 24
17 148
17 27
17 106
17 30
18 160
18 65
18 163
18 69
18 72
18 64
18 138
18 86
18 18
18 99
18 85
18 22
18 87
18 59
18 156
18 61
18 21
19 161
19 100
19 102
19 145
19 42
19 140
19 50
19 49
19 146
19 19
19 25
19 90
19 28
20 137
20 47
20 80
20 82
20 115
20 116
20 56
20 20
20 157
21 160
21 65
21 99
21 69
21 133
21 72
21 64
21 138
21 21
21 61
21 81
21 163
21 85
21 86
21 87
21 58
21 59
21 156
21 170
21 127
22 160
22 65
22 162
22 70
22 71
22 138
22 78
22 79
22 83
22 22
22 154
22 155
22 86
22 157
22 62
23 137
23 151
23 108
23 109
23 110
23 143
23 112
23 23
23 153
23 159
23 158
23 63
24 128
24 97
24 67
24 132
24 35
24 103
24 107
24 173
24 142
24 176
24 178
24 24
24 123
25 129
25 130
25 104
25 28
25 43
25 146
25 145
25 50
25 40
25 25
25 26
25 91
25 92
26 65
26 66
26 36
26 70
26 71
26 40
26 43
26 77
26 84
26 54
26 55
26 26
26 28
27 161
27 162
27 35
27 49
27 105
27 42
27 147
27 148
27 116
27 139
27 27
27 29
27 30
28 161
28 139
28 36
28 40
28 43
28 111
28 176
28 49
28 28
28 30
29 51
29 162
29 35
29 147
29 101
29 39
29 105
29 45
29 82
29 115
29 116
29 152
29 148
29 29
29 30
30 96
30 161
30 35
30 37
30 38
30 49
30 40
30 105
30 42
30 139
30 43
30 30
31 33
31 134
31 172
31 177
31 147
31 116
31 118
31 154
31 155
31 126
31 31
32 32
32 34
32 41
32 87
32 113
32 179
32 52
32 53
32 57
32 58
32 59
32 60
33 33
33 155
33 68
33 134
33 172
33 147
33 116
33 118
33 121
33 126
33 100
34 96
34 34
34 163
34 41
34 44
34 145
34 52
34 57
34 153
34 121
34 60
34 169
35 162
35 35
35 36
35 37
35 38
35 39
35 168
35 119
36 162
36 36
36 37
36 38
36 39
36 40
36 139
36 80
36 43
36 178
36 121
37 96
37 162
37 37
37 38
37 39
37 40
37 43
37 139
37 68
37 154
38 162
38 38
38 39
38 40
38 43
38 139
38 68
39 162
39 39
39 45
39 55
39 152
40 132
40 75
40 40
40 139
40 77
40 43
40 94
40 89
40 63
41 41
41 179
41 52
41 53
41 86
41 57
41 58
41 59
41 60
41 95
42 161
42 123
42 100
42 49
42 105
42 42
42 107
42 172
42 110
42 116
42 147
43 128
43 161
43 43
43 139
43 176
43 114
43 158
43 117
44 96
44 100
44 108
44 106
44 44
44 109
44 111
44 114
44 117
44 54
44 55
44 121
45 65
45 162
45 99
45 101
45 105
45 144
45 45
45 46
45 51
45 148
45 152
45 124
46 164
46 179
46 46
46 51
46 52
46 149
46 150
46 87
46 152
46 58
46 59
46 101
47 48
47 105
47 167
47 168
47 137
47 106
47 110
47 47
47 144
47 82
47 115
47 119
47 153
47 124
48 95
48 48
48 175
48 99
48 167
48 168
48 74
48 174
48 79
48 144
48 82
48 115
48 78
48 119
48 124
48 125
48 53
49 161
49 100
49 49
49 108
49 146
49 176
49 50
49 147
50 161
50 100
50 102
50 171
50 146
50 145
50 50
50 88
50 122
51 58
51 98
51 101
51 78
51 51
51 152
51 179
51 59
51 53
52 113
52 179
52 52
52 149
52 150
52 57
52 58
52 60
52 53
53 101
53 175
53 53
53 57
53 60
53 157
54 96
54 134
54 167
54 168
54 106
54 174
54 54
54 55
54 121
55 96
55 162
55 106
55 167
55 172
55 168
55 55
55 121
55 119
56 80
56 147
56 56
56 137
56 154
56 89
57 87
57 98
57 179
57 57
57 58
57 59
57 60
58 179
58 174
58 58
58 59
58 60
58 125
59 160
59 179
59 152
59 59
59 60
59 85
60 133
60 98
60 179
60 60
61 64
61 163
61 133
61 135
61 136
61 170
61 72
61 87
61 121
61 127
61 61
61 69
62 160
62 98
62 69
62 70
62 71
62 138
62 83
62 87
62 154
62 86
62 62
63 140
63 66
63 110
63 143
63 141
63 158
63 151
63 63
63 94
63 159
64 64
64 163
64 69
64 135
64 136
64 170
64 72
64 87
64 121
64 122
64 127
64 133
65 160
65 65
65 69
65 138
65 87
65 156
65 85
66 66
66 166
66 77
66 143
66 88
66 89
66 90
66 91
66 92
66 94
67 97
67 98
67 67
67 139
67 103
67 73
67 107
67 173
67 178
67 84
67 68
68 98
68 68
68 97
68 73
68 84
68 154
68 70
69 69
69 70
69 71
69 72
69 138
69 160
69 179
69 86
69 87
69 153
69 85
70 160
70 98
70 70
70 71
70 138
70 83
70 84
70 87
70 86
70 154
70 101
71 160
71 98
71 86
71 71
71 138
71 83
71 87
72 163
72 133
72 72
72 170
72 177
72 87
72 127
73 97
73 73
73 178
73 84
73 116
73 154
74 99
74 102
74 81
74 74
74 78
74 79
74 113
74 179
74 85
74 156
74 95
75 171
75 169
75 75
75 76
75 141
75 143
75 108
75 114
75 180
75 117
75 111
75 140
75 109
76 171
76 135
76 169
76 76
76 141
76 143
76 120
76 114
76 180
76 117
76 111
76 122
76 140
76 149
77 137
77 77
77 110
77 94
77 151
77 89
77 90
77 158
77 159
78 80
78 99
78 101
78 157
78 78
78 79
78 81
78 82
78 85
78 156
78 138
79 80
79 99
79 101
79 115
79 79
79 81
79 82
79 83
79 85
79 157
79 156
79 138
80 80
80 82
80 154
80 157
81 99
81 133
81 102
81 113
81 81
81 163
81 127
81 156
81 85
81 95
82 99
82 168
82 144
82 157
82 82
82 115
82 119
82 148
83 160
83 138
83 83
83 85
83 154
83 86
83 125
83 101
84 97
84 98
84 84
84 154
85 160
85 99
85 113
85 87
85 163
85 156
85 138
85 85
86 160
86 98
86 138
86 87
86 152
86 153
86 86
87 170
87 160
87 87
87 153
88 131
88 165
88 166
88 141
88 177
88 120
88 88
88 90
88 91
88 92
88 93
88 94
89 137
89 118
89 89
89 90
89 94
90 166
90 94
90 90
90 91
90 92
90 126
91 165
91 166
91 140
91 141
91 143
91 91
91 92
91 93
91 94
92 131
92 165
92 166
92 140
92 141
92 143
92 120
92 92
92 93
92 94
93 131
93 164
93 165
93 166
93 93
93 177
93 155
93 150
93 170
94 140
94 110
94 159
94 158
94 151
94 143
94 94
95 129
95 164
95 102
95 177
95 104
95 145
95 175
95 113
95 146
95 144
95 174
95 95
96 96
96 121
96 153
96 106
97 97
97 98
97 139
97 103
97 107
97 173
97 178
97 123
98 98
98 139
98 153
99 99
99 113
99 157
99 156
99 138
100 100
100 134
100 161
100 145
100 172
100 135
100 146
100 143
100 176
100 118
100 120
100 136
100 122
100 126
101 164
101 101
101 105
101 177
101 125
101 116
101 152
101 148
101 134
102 149
102 102
102 113
102 145
102 104
102 146
103 128
103 103
103 107
103 173
103 176
103 178
103 132
103 123
104 129
104 130
104 145
104 104
104 174
104 175
104 144
104 177
104 146
105 134
105 105
105 147
105 116
105 148
106 167
106 106
106 119
106 108
106 109
106 112
106 114
106 115
106 117
106 168
107 128
107 161
107 107
107 173
107 176
107 178
107 123
107 132
108 108
108 109
108 111
108 112
108 114
108 117
108 158
108 159
109 161
109 168
109 109
109 111
109 112
109 114
109 117
109 121
109 151
110 137
110 151
110 110
110 112
110 158
110 118
110 159
111 169
111 171
111 112
111 114
111 117
111 111
112 161
112 167
112 168
112 151
112 112
112 114
112 117
112 158
112 159
113 113
113 145
113 146
113 163
113 127
114 169
114 114
114 117
114 151
114 121
114 158
115 144
115 167
115 168
115 115
115 119
116 148
116 134
116 172
116 147
116 116
117 169
117 117
117 158
118 134
118 135
118 172
118 147
118 118
118 120
118 122
118 155
118 126
119 144
119 168
119 119
119 167
120 133
120 135
120 136
120 170
120 120
120 122
120 126
120 127
121 139
121 136
121 153
121 121
122 135
122 136
122 170
122 142
122 122
122 126
122 127
123 128
123 123
123 173
123 176
123 178
123 132
124 129
124 130
124 167
124 168
124 144
124 174
124 175
124 124
124 125
125 129
125 130
125 167
125 142
125 175
125 178
125 174
125 152
125 125
126 134
126 136
126 135
126 172
126 141
126 180
126 126
127 163
127 133
127 170
127 135
127 136
127 127
128 128
128 132
128 173
128 142
128 176
128 178
129 149
129 129
129 130
129 164
129 174
129 175
129 145
129 142
130 130
130 164
130 142
130 175
130 145
130 180
130 174
130 150
131 131
131 132
131 165
131 166
131 177
131 176
131 145
131 164
131 155
132 132
132 173
132 142
132 176
133 163
133 133
133 170
134 134
134 172
134 147
134 155
135 135
135 136
135 172
135 170
136 136
136 169
136 170
137 137
137 172
137 151
137 158
137 159
138 160
138 156
138 138
138 157
139 161
139 139
140 171
140 166
140 169
140 140
140 141
140 143
140 180
141 171
141 166
141 169
141 141
141 143
141 180
142 142
142 176
142 147
142 155
143 171
143 143
143 180
143 158
143 151
143 169
143 159
144 144
144 167
144 168
144 174
145 145
145 146
146 166
146 146
147 161
147 172
147 147
147 148
148 152
148 148
149 165
149 169
149 171
149 149
149 150
149 180
150 164
150 165
150 166
150 171
150 177
150 150
150 180
151 151
151 158
151 153
151 159
152 164
152 152
153 153
153 158
153 159
154 154
155 164
155 172
155 177
155 155
155 157
156 157
156 156
157 157
158 158
158 159
159 159
160 160
161 161
161 173
162 162
162 167
163 163
163 170
164 164
164 165
164 177
165 165
165 166
165 177
166 166
166 177
167 167
167 168
167 175
167 174
168 168
169 171
169 180
169 169
170 170
171 171
171 180
172 172
173 173
173 176
173 178
174 174
174 175
175 175
175 179
176 176
176 178
177 177
178 178
179 179
180 180
