1 128
1 1
1 131
1 4
1 37
1 107
1 173
1 176
1 123
1 132
1 90
1 27
2 2
2 168
2 137
2 151
2 77
2 110
2 47
2 112
2 82
2 105
2 158
2 23
2 89
2 94
2 159
3 128
3 33
3 130
3 3
3 132
3 123
3 24
3 176
3 107
3 173
3 142
4 128
4 178
4 107
4 132
4 103
4 176
4 4
4 123
4 162
4 173
5 68
5 5
5 6
5 7
5 73
5 11
5 12
5 178
5 84
5 154
5 59
5 58
6 6
6 7
6 9
6 11
6 79
6 80
6 157
6 22
6 56
6 58
6 124
6 154
7 179
7 7
7 73
7 11
7 12
7 152
7 83
7 84
7 22
7 56
7 154
8 96
8 8
8 26
8 148
8 54
8 55
8 168
8 10
8 119
8 44
8 106
9 32
9 34
9 179
9 41
9 13
9 46
9 173
9 16
9 178
9 51
9 52
9 53
9 9
9 152
9 57
9 58
9 59
9 60
9 153
10 96
10 98
10 168
10 106
10 55
10 54
10 119
10 152
10 121
10 26
10 10
11 11
11 45
11 78
11 79
11 80
11 20
11 53
11 56
11 89
11 157
12 97
12 67
12 68
12 73
12 103
12 12
12 178
12 84
12 24
12 57
12 60
13 16
13 123
13 101
13 41
13 13
13 46
13 45
13 80
13 51
13 53
13 152
13 179
13 59
13 58
14 96
14 32
14 34
14 163
14 69
14 71
14 40
14 169
14 44
14 14
14 146
14 52
14 57
14 87
14 153
14 121
14 60
14 127
15 162
15 35
15 36
15 37
15 38
15 39
15 105
15 42
15 139
15 15
15 49
15 17
15 148
15 30
15 27
15 29
15 158
16 68
16 51
16 164
16 179
16 138
16 46
16 174
16 16
16 156
16 83
16 84
16 149
16 150
16 152
16 180
16 58
16 60
16 125
16 52
17 162
17 35
17 17
17 37
17 38
17 39
17 105
17 42
17 159
17 49
17 147
17 116
17 23
17 148
17 27
17 29
17 30
17 101
18 160
18 65
18 163
18 164
18 69
18 71
18 72
18 156
18 138
18 64
18 18
18 83
18 85
18 22
18 87
18 127
18 86
18 61
18 21
19 161
19 131
19 100
19 102
19 40
19 50
19 145
19 146
19 19
19 25
19 122
19 28
20 80
20 167
20 168
20 137
20 45
20 110
20 47
20 144
20 82
20 115
20 20
20 56
20 157
21 160
21 65
21 163
21 164
21 69
21 64
21 170
21 61
21 81
21 52
21 85
21 22
21 87
21 127
21 156
21 138
21 21
22 32
22 65
22 138
22 160
22 83
22 22
22 154
22 156
22 157
22 62
22 85
23 66
23 38
23 137
23 151
23 109
23 77
23 110
23 143
23 112
23 158
23 23
23 155
23 94
23 159
24 128
24 97
24 67
24 132
24 103
24 107
24 173
24 142
24 176
24 178
24 155
24 24
24 57
24 123
25 129
25 34
25 102
25 145
25 40
25 43
25 146
25 104
25 50
25 180
25 25
25 26
25 28
26 104
26 43
26 174
26 40
26 54
26 55
26 26
26 60
26 93
27 35
27 36
27 37
27 38
27 161
27 42
27 139
27 109
27 49
27 147
27 116
27 105
27 148
27 27
27 29
27 30
28 161
28 131
28 166
28 40
28 169
28 43
28 50
28 146
28 139
28 171
28 28
28 30
29 162
29 35
29 101
29 39
29 105
29 42
29 29
29 45
29 116
29 148
29 106
30 96
30 161
30 43
30 36
30 49
30 40
30 42
30 139
30 143
30 147
30 116
30 30
30 63
31 33
31 66
31 134
31 105
31 172
31 147
31 116
31 126
31 118
31 151
31 155
31 94
31 31
32 32
32 97
32 34
32 67
32 65
32 41
32 179
32 52
32 57
32 153
32 58
32 59
32 60
32 125
32 95
33 33
33 100
33 134
33 75
33 172
33 141
33 176
33 147
33 118
33 120
33 155
33 126
34 129
34 34
34 133
34 102
34 160
34 70
34 145
34 179
34 52
34 57
34 41
34 153
34 121
34 60
34 62
35 162
35 35
35 36
35 37
35 38
35 39
35 137
35 42
35 110
35 106
35 89
36 96
36 162
36 36
36 37
36 38
36 40
36 43
36 139
36 151
37 162
37 37
37 38
37 39
37 139
37 112
37 43
37 159
38 162
38 38
38 39
38 139
38 77
38 43
39 162
39 132
39 39
39 119
39 45
39 51
39 55
40 161
40 43
40 40
40 139
40 50
40 88
41 41
41 107
41 78
41 79
41 173
41 179
41 52
41 174
41 153
41 57
41 58
41 59
41 60
41 53
42 161
42 134
42 49
42 105
42 42
42 172
42 109
42 147
42 116
43 161
43 131
43 139
43 43
44 96
44 139
44 169
44 75
44 108
44 109
44 44
44 114
44 117
44 55
44 121
44 111
45 51
45 162
45 123
45 101
45 105
45 45
45 46
45 167
45 115
45 152
45 148
45 47
46 48
46 164
46 51
46 46
46 179
46 52
46 149
46 152
46 154
46 59
46 58
47 144
47 167
47 168
47 137
47 106
47 47
47 48
47 82
47 115
47 119
48 79
48 144
48 99
48 167
48 74
48 78
48 175
48 48
48 115
48 174
48 124
48 157
48 95
49 161
49 100
49 134
49 49
49 139
49 172
49 114
49 147
49 116
49 63
50 161
50 131
50 100
50 102
50 135
50 50
50 145
50 146
50 122
51 128
51 144
51 162
51 101
51 152
51 51
51 53
51 56
51 179
51 59
51 58
52 149
52 57
52 104
52 81
52 179
52 52
52 150
52 180
52 60
52 85
53 179
53 53
53 152
53 57
53 58
53 60
53 153
54 96
54 101
54 167
54 168
54 106
54 55
54 109
54 144
54 54
54 119
55 96
55 155
55 167
55 106
55 109
55 168
55 55
55 121
55 119
56 137
56 79
56 80
56 82
56 56
56 89
56 157
57 74
57 175
57 179
57 57
57 58
57 59
57 60
57 154
57 153
58 179
58 59
58 60
58 58
59 128
59 179
59 152
59 59
59 60
60 99
60 103
60 60
60 179
60 73
60 153
60 124
61 64
61 163
61 69
61 136
61 170
61 72
61 149
61 87
61 120
61 127
61 61
62 160
62 65
62 68
62 69
62 70
62 71
62 138
62 98
62 83
62 84
62 87
62 154
62 86
62 62
63 75
63 140
63 139
63 108
63 141
63 143
63 112
63 151
63 159
63 158
63 63
64 64
64 163
64 69
64 135
64 136
64 170
64 93
64 72
64 87
64 127
65 65
65 154
65 160
65 156
65 138
65 85
66 66
66 159
66 77
66 110
66 158
66 151
66 89
66 90
66 91
66 92
66 94
67 97
67 98
67 67
67 68
67 103
67 73
67 107
67 173
67 178
67 84
67 123
68 97
68 98
68 68
68 70
68 71
68 73
68 84
68 154
69 160
69 98
69 69
69 70
69 71
69 72
69 170
69 86
69 87
70 160
70 70
70 71
70 98
70 83
70 84
70 86
70 87
70 130
71 160
71 98
71 71
71 138
71 83
71 84
71 86
71 87
72 163
72 86
72 87
72 72
72 170
72 127
72 149
73 97
73 73
73 124
73 178
73 84
73 154
73 125
74 99
74 164
74 81
74 74
74 174
74 79
74 113
74 78
74 156
74 157
74 95
75 171
75 161
75 75
75 108
75 141
75 143
75 76
75 114
75 180
75 117
75 169
75 111
75 140
76 100
76 169
76 171
76 76
76 141
76 111
76 114
76 180
76 117
76 150
76 140
76 143
77 137
77 110
77 77
77 94
77 89
77 90
77 158
77 159
78 80
78 99
78 78
78 79
78 81
78 85
78 157
78 156
78 138
79 80
79 99
79 79
79 81
79 85
79 156
79 157
80 157
80 80
80 82
80 99
81 99
81 113
81 133
81 102
81 81
81 145
81 163
81 95
81 156
81 85
82 144
82 101
82 167
82 168
82 137
82 82
82 115
83 160
83 130
83 86
83 138
83 175
83 83
83 85
83 154
83 124
83 125
84 97
84 98
84 84
84 154
84 125
85 160
85 163
85 138
85 99
85 156
85 85
86 160
86 98
86 164
86 138
86 86
86 87
87 160
87 170
87 87
88 131
88 165
88 166
88 140
88 141
88 177
88 88
88 153
88 90
88 91
88 92
88 93
89 110
89 89
89 137
89 159
89 94
90 131
90 166
90 140
90 141
90 118
90 90
90 91
90 92
90 94
91 161
91 131
91 166
91 140
91 141
91 143
91 91
91 92
91 94
92 161
92 131
92 165
92 166
92 140
92 141
92 143
92 92
92 93
92 94
93 131
93 164
93 165
93 166
93 170
93 177
93 149
93 150
93 93
94 137
94 151
94 159
94 110
94 158
94 94
95 99
95 102
95 113
95 104
95 145
95 174
95 175
95 146
95 95
96 96
96 109
96 114
96 117
96 121
97 97
97 98
97 103
97 107
97 173
97 178
97 123
98 98
98 153
99 99
99 156
99 113
99 157
99 175
99 138
100 100
100 166
100 134
100 161
100 136
100 135
100 172
100 118
100 120
100 121
100 122
100 126
101 164
101 101
101 168
101 105
101 142
101 148
101 152
101 116
101 155
102 102
102 113
102 145
102 146
102 104
103 128
103 103
103 107
103 173
103 142
103 176
103 152
103 178
103 132
103 123
104 129
104 130
104 113
104 177
104 104
104 174
104 175
104 145
104 146
105 134
105 105
105 110
105 176
105 147
105 116
105 148
106 112
106 167
106 168
106 119
106 108
106 109
106 144
106 114
106 115
106 148
106 106
107 123
107 128
107 107
107 173
107 142
107 176
107 178
107 132
108 134
108 108
108 109
108 111
108 112
108 114
108 117
108 151
108 140
108 143
108 158
109 119
109 109
109 111
109 112
109 114
109 117
109 158
109 159
110 110
110 112
110 158
110 137
110 159
111 171
111 169
111 111
111 141
111 114
111 117
111 118
111 121
111 140
112 168
112 151
112 112
112 114
112 116
112 159
112 158
113 163
113 133
113 113
113 145
113 177
113 146
113 127
113 156
114 169
114 114
114 117
114 151
114 121
114 143
114 158
115 144
115 167
115 168
115 137
115 115
115 119
116 155
116 134
116 172
116 147
116 116
116 148
117 171
117 172
117 117
117 118
117 169
117 121
118 134
118 135
118 172
118 140
118 141
118 147
118 118
118 120
118 155
118 122
118 126
119 162
119 142
119 144
119 168
119 167
119 119
120 133
120 135
120 136
120 170
120 180
120 120
120 122
120 126
120 127
121 169
121 121
121 122
122 135
122 136
122 170
122 146
122 122
122 126
122 127
123 123
123 179
123 128
123 173
123 142
123 176
123 178
123 132
124 129
124 130
124 167
124 174
124 175
124 124
124 125
125 129
125 130
125 174
125 175
125 178
125 125
126 133
126 135
126 136
126 172
126 180
126 155
126 126
127 163
127 133
127 135
127 170
127 136
127 127
127 149
128 128
128 173
128 142
128 176
128 178
128 148
128 132
129 129
129 130
129 174
129 175
129 145
129 146
129 149
130 130
130 175
130 145
130 146
130 180
131 131
131 132
131 165
131 166
131 177
132 134
132 173
132 142
132 176
132 132
133 136
133 163
133 133
133 170
133 135
134 134
134 172
134 147
134 151
134 155
135 135
135 136
135 170
135 180
136 136
136 170
136 180
137 137
137 158
137 159
138 160
138 138
138 154
138 156
139 161
139 139
140 151
140 171
140 166
140 141
140 140
140 169
140 143
141 151
141 171
141 166
141 141
141 180
141 169
141 143
142 173
142 142
142 176
143 151
143 171
143 166
143 143
143 158
143 169
143 159
144 144
144 167
144 168
144 174
145 145
145 150
145 146
146 146
147 155
147 172
147 147
147 151
148 152
148 148
149 164
149 165
149 171
149 177
149 180
149 149
149 150
150 164
150 165
150 177
150 169
150 171
150 180
150 150
151 159
151 151
151 158
152 164
152 178
152 152
153 166
153 158
153 153
153 159
154 154
155 172
155 177
155 155
156 157
156 156
157 179
157 157
158 158
158 159
159 159
160 160
161 161
161 172
162 162
163 163
163 170
164 165
164 164
164 177
165 177
165 166
165 170
165 165
166 166
166 177
167 167
167 168
167 174
168 168
169 171
169 180
169 169
170 170
171 171
171 180
172 172
173 173
173 176
173 178
174 174
174 175
175 175
176 176
176 178
177 177
178 178
179 179
180 180
