1 128
1 1
1 131
1 4
1 166
1 107
1 173
1 176
1 49
1 123
1 88
1 132
1 90
1 91
1 30
2 2
2 35
2 137
2 151
2 110
2 112
2 20
2 158
2 23
2 89
2 94
2 159
3 129
3 130
3 3
3 33
3 103
3 34
3 142
3 173
3 107
3 24
3 123
3 125
4 107
4 35
4 4
4 97
4 128
4 103
4 173
4 15
4 176
4 178
4 147
4 89
4 132
4 123
5 68
5 5
5 6
5 7
5 73
5 11
5 12
5 84
5 56
5 89
5 154
5 31
6 6
6 7
6 11
6 45
6 80
6 83
6 20
6 22
6 56
6 154
6 124
6 157
7 84
7 7
7 56
7 68
7 154
7 11
7 12
7 53
7 73
8 96
8 106
8 54
8 55
8 8
8 121
8 10
8 119
8 44
8 26
8 45
9 32
9 68
9 179
9 41
9 13
9 46
9 60
9 16
9 51
9 52
9 53
9 9
9 152
9 57
9 58
9 59
9 124
10 96
10 98
10 164
10 104
10 10
10 55
10 40
10 54
10 119
10 121
10 26
10 59
11 101
11 137
11 11
11 80
11 82
11 20
11 56
11 154
11 157
12 97
12 98
12 67
12 68
12 73
12 103
12 12
12 178
12 84
12 24
12 148
13 179
13 68
13 101
13 13
13 46
13 45
13 16
13 51
13 53
13 152
13 58
13 59
14 96
14 64
14 34
14 32
14 41
14 170
14 44
14 14
14 52
14 57
14 153
14 121
14 61
14 169
15 162
15 35
15 36
15 37
15 38
15 39
15 105
15 42
15 139
15 109
15 15
15 49
15 17
15 30
15 89
15 27
15 29
15 158
16 160
16 86
16 164
16 69
16 41
16 174
16 46
16 45
16 16
16 51
16 180
16 149
16 150
16 152
16 52
16 179
16 60
16 85
17 162
17 35
17 17
17 134
17 39
17 105
17 42
17 49
17 147
17 116
17 23
17 148
17 27
17 29
17 30
18 32
18 65
18 163
18 69
18 72
18 64
18 138
18 160
18 86
18 61
18 18
18 85
18 22
18 87
18 156
18 170
18 21
19 161
19 131
19 100
19 102
19 40
19 50
19 145
19 146
19 19
19 25
19 122
19 28
20 144
20 101
20 167
20 168
20 137
20 47
20 80
20 82
20 115
20 20
20 56
20 157
21 32
21 65
21 99
21 69
21 72
21 64
21 138
21 160
21 61
21 81
21 163
21 85
21 22
21 87
21 127
21 156
21 170
21 21
22 160
22 65
22 70
22 71
22 41
22 138
22 78
22 79
22 83
22 22
22 154
22 86
22 157
22 62
22 85
23 38
23 77
23 137
23 151
23 108
23 109
23 110
23 143
23 112
23 116
23 158
23 23
23 94
23 159
24 123
24 97
24 67
24 132
24 33
24 105
24 128
24 107
24 173
24 142
24 176
24 178
24 24
24 103
25 129
25 130
25 102
25 145
25 40
25 43
25 50
25 104
25 146
25 180
25 25
25 26
25 28
26 104
26 98
26 43
26 54
26 40
26 55
26 28
26 26
27 161
27 35
27 37
27 38
27 49
27 105
27 42
27 139
27 108
27 176
27 147
27 116
27 30
27 148
27 27
27 29
27 94
28 161
28 43
28 36
28 40
28 169
28 171
28 50
28 139
28 28
28 30
29 162
29 35
29 101
29 103
29 105
29 42
29 39
29 45
29 147
29 116
29 152
29 148
29 29
30 139
30 36
30 161
30 42
30 43
30 143
30 49
30 147
30 117
30 111
30 30
30 63
31 33
31 68
31 134
31 105
31 172
31 109
31 110
31 147
31 148
31 118
31 121
31 116
31 155
31 31
32 160
32 32
32 34
32 71
32 104
32 57
32 81
32 179
32 52
32 41
32 153
32 58
32 59
32 60
33 33
33 134
33 105
33 172
33 77
33 44
33 147
33 116
33 117
33 118
33 155
33 126
34 34
34 133
34 169
34 44
34 145
34 163
34 52
34 57
34 41
34 153
34 121
34 60
34 127
35 35
35 37
35 38
35 39
35 42
35 132
35 162
35 36
36 162
36 36
36 37
36 38
36 39
36 40
36 43
36 66
36 139
36 151
37 162
37 37
37 38
37 39
37 40
37 43
37 109
37 139
37 159
38 112
38 162
38 38
38 39
38 43
38 176
38 139
39 162
39 39
39 106
39 103
39 45
39 51
40 131
40 40
40 43
40 104
40 139
40 88
41 179
41 41
41 60
41 83
41 52
41 53
41 153
41 57
41 58
41 59
41 156
42 161
42 66
42 134
42 49
42 105
42 42
42 172
42 147
42 116
42 94
43 161
43 43
43 139
43 91
43 92
43 90
44 96
44 169
44 108
44 109
44 44
44 114
44 117
44 55
44 121
44 111
45 80
45 162
45 101
45 105
45 119
45 45
45 46
45 167
45 51
45 148
45 73
45 152
46 65
46 99
46 164
46 101
46 70
46 48
46 46
46 179
46 52
46 149
46 152
46 58
46 59
46 125
46 62
46 51
47 144
47 101
47 167
47 168
47 137
47 106
47 80
47 47
47 48
47 82
47 115
47 119
47 124
48 79
48 144
48 99
48 104
48 74
48 174
48 175
48 48
48 115
48 78
48 124
48 157
48 95
49 100
49 134
49 161
49 139
49 172
49 49
49 147
49 116
50 161
50 131
50 100
50 102
50 135
50 50
50 145
50 146
50 122
51 80
51 101
51 51
51 144
51 115
51 53
51 152
51 179
51 59
51 58
52 142
52 104
52 57
52 87
52 113
52 179
52 52
52 180
52 60
52 149
53 101
53 142
53 80
53 53
53 152
53 57
53 179
53 60
53 153
54 96
54 101
54 167
54 168
54 106
54 119
54 144
54 54
54 55
54 121
55 96
55 167
55 106
55 119
55 109
55 168
55 148
55 55
55 121
56 137
56 80
56 82
56 56
56 154
56 157
56 101
57 70
57 74
57 179
57 153
57 57
57 58
57 59
57 60
57 85
58 68
58 179
58 84
58 58
58 59
58 60
58 157
59 68
59 179
59 59
59 60
59 154
60 138
60 60
60 179
60 153
60 156
60 62
61 64
61 163
61 133
61 136
61 170
61 72
61 87
61 127
61 61
61 69
62 160
62 65
62 98
62 69
62 70
62 71
62 138
62 86
62 83
62 87
62 154
62 62
63 171
63 169
63 75
63 76
63 141
63 111
63 108
63 140
63 180
63 117
63 151
63 143
63 63
64 64
64 163
64 133
64 136
64 170
64 72
64 87
64 127
64 69
65 160
65 65
65 85
65 69
65 138
65 156
66 66
66 77
66 110
66 143
66 94
66 151
66 89
66 90
66 91
66 92
66 158
66 159
67 97
67 98
67 67
67 68
67 103
67 73
67 107
67 173
67 178
67 148
67 84
68 97
68 98
68 68
68 70
68 84
68 73
68 101
68 154
69 69
69 70
69 71
69 72
69 138
69 160
69 86
69 87
70 160
70 98
70 70
70 71
70 83
70 84
70 87
70 154
70 86
71 160
71 98
71 86
71 71
71 138
71 83
71 87
72 177
72 163
72 87
72 72
72 170
72 127
73 97
73 73
73 178
73 84
73 154
73 125
74 99
74 102
74 113
74 74
74 78
74 79
74 145
74 85
74 95
74 156
74 81
75 161
75 171
75 169
75 75
75 76
75 141
75 143
75 108
75 114
75 180
75 117
75 111
75 140
76 171
76 100
76 169
76 76
76 141
76 143
76 140
76 180
76 117
76 150
76 111
77 134
77 137
77 151
77 77
77 110
77 94
77 89
77 90
77 158
77 159
78 80
78 99
78 157
78 78
78 79
78 81
78 179
78 85
78 156
78 138
79 80
79 99
79 157
79 79
79 81
79 179
79 85
79 156
79 138
80 115
80 155
80 80
80 82
80 154
80 157
81 99
81 113
81 127
81 81
81 163
81 85
81 95
81 156
82 144
82 101
82 167
82 168
82 137
82 82
82 115
82 157
83 160
83 138
83 86
83 83
83 85
83 154
83 124
83 125
84 97
84 98
84 84
84 154
85 160
85 99
85 157
85 87
85 156
85 138
85 85
86 160
86 98
86 138
86 87
86 86
87 160
87 138
87 87
87 170
88 131
88 165
88 166
88 140
88 141
88 177
88 150
88 88
88 90
88 91
88 92
88 93
88 126
89 137
89 89
89 158
89 110
89 94
90 166
90 161
90 141
90 90
90 91
90 92
90 94
91 131
91 166
91 140
91 141
91 143
91 91
91 92
91 94
92 131
92 165
92 166
92 140
92 141
92 143
92 92
92 93
92 94
93 149
93 177
93 166
93 131
93 164
93 165
93 150
93 93
93 133
94 151
94 143
94 110
94 158
94 94
94 159
95 129
95 130
95 99
95 164
95 102
95 113
95 104
95 145
95 174
95 175
95 146
95 95
96 96
96 119
96 172
96 109
96 114
96 121
97 97
97 98
97 103
97 148
97 173
97 178
97 107
97 123
98 98
98 153
99 99
99 113
99 157
99 156
99 138
100 161
100 100
100 135
100 136
100 169
100 172
100 118
100 120
100 121
100 122
100 126
101 116
101 148
101 101
101 168
101 105
101 152
101 164
101 155
102 145
102 165
102 102
102 113
102 104
102 146
103 123
103 128
103 107
103 173
103 176
103 178
103 132
103 103
104 129
104 130
104 145
104 177
104 174
104 175
104 104
104 146
105 134
105 105
105 178
105 147
105 116
105 137
105 148
106 144
106 162
106 168
106 106
106 119
106 108
106 109
106 112
106 114
106 115
106 148
106 167
107 107
107 134
107 128
107 173
107 142
107 176
107 178
107 132
107 123
108 108
108 109
108 111
108 112
108 114
108 117
108 151
108 159
108 158
109 134
109 168
109 109
109 119
109 112
109 114
109 117
109 111
109 159
109 158
110 137
110 151
110 110
110 112
110 158
110 159
111 171
111 169
111 143
111 114
111 117
111 111
111 140
112 168
112 137
112 151
112 112
112 114
112 117
112 158
112 159
113 163
113 133
113 113
113 145
113 146
113 127
113 156
114 114
114 117
114 118
114 151
114 121
114 158
114 159
115 144
115 115
115 167
115 168
115 119
116 123
116 134
116 172
116 159
116 147
116 116
116 118
116 148
116 155
117 139
117 171
117 117
117 169
117 121
118 134
118 135
118 172
118 147
118 118
118 151
118 120
118 155
118 126
119 167
119 119
119 144
119 168
120 120
120 180
120 133
120 135
120 136
120 122
120 170
120 126
120 127
121 161
121 153
121 121
122 131
122 135
122 136
122 170
122 146
122 122
122 126
122 127
123 128
123 162
123 173
123 142
123 176
123 178
123 123
123 132
124 129
124 130
124 179
124 167
124 174
124 175
124 124
124 125
125 129
125 130
125 167
125 174
125 175
125 178
125 125
126 133
126 166
126 135
126 136
126 172
126 142
126 126
127 163
127 133
127 170
127 135
127 136
127 127
128 128
128 172
128 173
128 142
128 176
128 178
128 132
129 129
129 130
129 164
129 174
129 175
129 145
130 149
130 130
130 164
130 174
130 175
130 145
130 142
131 131
131 132
131 165
131 166
131 135
131 177
131 136
132 173
132 142
132 176
132 132
133 163
133 133
133 135
133 136
133 170
134 147
134 134
134 173
134 172
134 155
135 135
135 136
135 170
136 136
136 170
136 180
137 158
137 137
137 159
138 160
138 156
138 138
138 157
139 161
139 139
140 161
140 171
140 166
140 169
140 140
140 141
140 151
140 143
141 161
141 171
141 166
141 169
141 141
141 143
141 151
142 172
142 173
142 142
142 176
143 171
143 158
143 159
143 151
143 169
143 143
144 144
144 167
144 168
144 174
145 165
145 145
145 150
145 146
146 180
146 146
147 172
147 147
147 148
148 152
148 148
149 164
149 165
149 170
149 171
149 177
149 180
149 149
149 150
150 164
150 165
150 166
150 177
150 171
150 180
150 150
151 151
151 158
151 153
151 159
152 164
152 152
152 154
153 153
154 155
154 154
155 164
155 172
155 175
155 177
155 155
156 157
156 156
157 157
158 158
158 159
159 159
160 160
161 161
162 162
163 163
163 170
164 164
164 165
164 177
165 165
165 177
165 166
166 166
166 177
167 167
167 168
167 174
167 175
168 168
169 171
169 180
169 169
170 170
171 171
171 180
172 172
173 173
173 176
173 178
174 174
174 175
175 175
176 176
177 177
178 178
179 179
180 180
