1 128
1 1
1 131
1 4
1 40
1 107
1 173
1 176
1 132
1 26
1 123
1 28
1 90
1 126
2 2
2 168
2 137
2 106
2 151
2 77
2 110
2 112
2 158
2 118
2 23
2 159
2 94
2 63
3 107
3 97
3 130
3 3
3 103
3 24
3 169
3 123
3 173
3 142
3 125
4 128
4 132
4 4
4 103
4 107
4 12
4 173
4 176
4 178
4 89
4 123
4 30
5 67
5 68
5 5
5 6
5 7
5 73
5 11
5 12
5 178
5 51
5 84
5 56
5 154
6 6
6 7
6 73
6 11
6 13
6 80
6 22
6 56
6 154
6 124
6 157
7 68
7 7
7 73
7 11
7 12
7 80
7 178
7 51
7 84
7 56
7 154
8 96
8 168
8 26
8 134
8 54
8 55
8 8
8 167
8 106
8 119
8 10
9 32
9 34
9 9
9 73
9 13
9 46
9 16
9 51
9 52
9 53
9 41
9 57
9 60
9 157
10 96
10 164
10 168
10 10
10 55
10 46
10 144
10 51
10 54
10 119
10 121
10 26
11 11
11 157
11 80
11 20
11 56
11 89
11 154
11 29
11 31
12 84
12 97
12 98
12 67
12 73
12 103
12 12
12 178
12 148
12 53
12 24
12 68
12 33
12 59
13 51
13 162
13 35
13 101
13 39
13 45
13 46
13 13
13 16
13 24
13 179
13 53
13 152
13 58
13 59
13 29
14 96
14 65
14 34
14 133
14 102
14 32
14 169
14 160
14 44
14 14
14 18
14 52
14 85
14 57
14 121
14 60
15 128
15 162
15 35
15 36
15 37
15 38
15 39
15 105
15 139
15 15
15 17
15 119
15 27
15 29
15 30
16 51
16 164
16 22
16 16
16 46
16 45
16 48
16 124
16 179
16 84
16 78
16 150
16 152
16 52
16 58
16 60
16 149
17 128
17 161
17 134
17 17
17 105
17 42
17 139
17 172
17 49
17 147
17 116
17 148
17 27
17 29
17 30
18 160
18 65
18 163
18 69
18 71
18 72
18 64
18 138
18 86
18 18
18 83
18 85
18 22
18 87
18 156
18 61
18 21
19 161
19 100
19 135
19 40
19 145
19 42
19 50
19 143
19 49
19 146
19 19
19 25
19 90
19 28
19 122
19 126
20 80
20 167
20 168
20 137
20 110
20 47
20 144
20 157
20 82
20 115
20 20
20 56
20 29
21 160
21 65
21 163
21 164
21 69
21 133
21 72
21 64
21 138
21 21
21 61
21 81
21 85
21 87
21 156
21 170
21 127
22 160
22 65
22 70
22 138
22 78
22 79
22 83
22 85
22 22
22 154
22 156
22 157
22 62
23 161
23 137
23 42
23 23
23 109
23 110
23 112
23 158
23 151
23 153
23 159
23 106
23 94
23 63
24 128
24 97
24 67
24 132
24 51
24 103
24 107
24 142
24 173
24 176
24 59
24 178
24 24
24 123
25 129
25 102
25 145
25 40
25 43
25 140
25 146
25 141
25 104
25 50
25 25
25 26
25 91
25 28
26 132
26 40
26 43
26 174
26 54
26 26
26 28
26 104
27 161
27 35
27 37
27 38
27 105
27 42
27 139
27 147
27 116
27 55
27 148
27 134
27 27
27 29
27 30
28 96
28 139
28 161
28 40
28 42
28 43
28 49
28 94
28 151
28 28
28 30
29 147
29 152
29 29
29 101
29 35
29 37
29 38
29 39
29 105
29 103
29 45
29 178
29 51
29 116
29 54
29 148
30 161
30 43
30 49
30 40
30 105
30 42
30 139
30 110
30 176
30 147
30 137
30 36
30 30
31 96
31 33
31 134
31 105
31 106
31 172
31 177
31 147
31 118
31 56
31 155
31 126
31 31
32 32
32 34
32 99
32 121
32 41
32 179
32 52
32 53
32 57
32 58
32 59
32 60
33 172
33 33
33 134
33 105
33 147
33 116
33 118
33 137
33 155
33 126
34 96
34 34
34 121
34 57
34 41
34 138
34 81
34 83
34 84
34 53
34 153
34 52
34 60
34 95
35 162
35 35
35 36
35 37
35 38
35 39
35 168
35 176
36 128
36 162
36 36
36 37
36 38
36 39
36 40
36 139
36 43
37 162
37 37
37 38
37 39
37 40
37 139
37 43
37 55
38 162
38 38
38 39
38 43
38 139
38 56
39 162
39 39
39 167
39 45
39 80
39 54
39 152
40 66
40 43
40 161
40 40
40 44
40 139
40 108
40 114
41 179
41 41
41 51
41 52
41 53
41 73
41 57
41 58
41 59
41 60
42 161
42 100
42 49
42 42
42 139
42 172
42 77
42 147
42 159
43 96
43 161
43 43
43 139
43 109
43 77
43 112
43 158
44 96
44 98
44 169
44 108
44 109
44 111
44 114
44 117
44 55
44 121
44 44
45 67
45 51
45 148
45 101
45 152
45 45
45 46
46 164
46 101
46 46
46 51
46 52
46 149
46 152
46 68
46 59
47 144
47 167
47 168
47 137
47 106
47 47
47 80
47 82
47 115
47 148
47 119
47 56
48 144
48 99
48 48
48 104
48 74
48 167
48 174
48 175
48 82
48 115
48 78
48 79
48 124
48 157
48 95
49 161
49 100
49 49
49 146
49 109
49 50
49 122
49 63
50 100
50 102
50 136
50 135
50 50
50 145
50 146
50 120
50 122
50 92
51 51
51 162
51 152
51 179
51 53
51 58
51 59
51 101
52 179
52 125
52 60
52 83
52 52
52 150
52 57
52 58
52 156
52 53
52 149
53 57
53 53
53 153
53 60
54 96
54 162
54 168
54 106
54 167
54 144
54 54
54 55
54 119
55 96
55 167
55 106
55 119
55 109
55 168
55 118
55 147
55 55
56 137
56 110
56 80
56 56
56 89
56 157
57 99
57 60
57 174
57 179
57 57
57 58
57 59
57 124
58 179
58 58
58 59
58 60
58 157
59 162
59 179
59 59
59 60
59 157
60 78
60 79
60 179
60 60
60 154
61 96
61 64
61 163
61 133
61 136
61 170
61 72
61 87
61 127
61 61
61 69
62 160
62 65
62 98
62 69
62 70
62 71
62 138
62 83
62 84
62 87
62 121
62 86
62 62
63 158
63 151
63 94
63 63
63 143
63 66
63 77
63 159
64 96
64 64
64 163
64 69
64 136
64 169
64 170
64 72
64 87
64 153
64 127
65 160
65 65
65 85
65 156
65 138
65 69
66 66
66 77
66 110
66 151
66 88
66 89
66 90
66 91
66 92
66 94
67 97
67 98
67 67
67 68
67 103
67 73
67 107
67 173
67 178
67 179
67 84
68 97
68 98
68 68
68 70
68 73
68 84
68 154
69 130
69 164
69 69
69 70
69 71
69 72
69 170
69 160
69 86
69 87
69 153
69 85
70 160
70 98
70 70
70 71
70 130
70 83
70 84
70 87
70 121
70 86
71 160
71 98
71 71
71 138
71 130
71 83
71 86
71 87
71 121
72 163
72 165
72 72
72 170
72 87
72 153
72 127
73 97
73 178
73 179
73 84
73 73
73 152
73 154
73 125
73 101
74 99
74 113
74 133
74 102
74 177
74 74
74 78
74 79
74 81
74 174
74 95
74 156
74 85
75 171
75 136
75 169
75 75
75 76
75 141
75 111
75 108
75 114
75 180
75 117
75 140
75 143
76 171
76 169
76 76
76 114
76 141
76 146
76 180
76 117
76 150
76 111
76 140
76 143
76 149
77 137
77 110
77 77
77 94
77 151
77 89
77 90
77 159
77 158
78 99
78 80
78 124
78 78
78 79
78 81
78 157
78 85
78 156
78 138
79 80
79 99
79 157
79 79
79 124
79 82
79 85
79 156
79 138
80 80
80 82
80 115
80 157
81 163
81 133
81 102
81 113
81 177
81 81
81 99
81 127
81 156
81 85
81 95
82 101
82 167
82 168
82 144
82 82
82 115
82 119
82 157
83 160
83 86
83 138
83 175
83 83
83 85
83 154
83 155
83 124
83 125
84 97
84 98
84 84
84 154
84 125
85 99
85 160
85 87
85 163
85 156
85 138
85 85
86 160
86 98
86 164
86 138
86 130
86 86
86 87
86 153
87 149
87 130
87 170
87 160
87 87
87 153
88 131
88 165
88 166
88 136
88 141
88 177
88 146
88 88
88 90
88 91
88 92
88 93
88 94
89 110
89 118
89 89
89 137
89 90
89 94
90 131
90 166
90 90
90 91
90 92
90 94
91 131
91 165
91 166
91 140
91 141
91 143
91 177
91 91
91 92
91 93
91 94
92 131
92 165
92 166
92 136
92 140
92 141
92 143
92 177
92 153
92 92
92 93
92 94
93 155
93 164
93 165
93 166
93 104
93 177
93 149
93 150
93 93
93 95
94 158
94 151
94 159
94 110
94 94
94 137
95 129
95 99
95 102
95 113
95 145
95 174
95 175
95 144
95 104
95 95
96 96
96 109
96 114
96 170
96 117
96 121
97 97
97 98
97 179
97 103
97 107
97 173
97 178
97 123
98 98
98 153
99 99
99 156
99 157
99 124
99 138
100 161
100 100
100 135
100 136
100 172
100 108
100 146
100 117
100 118
100 120
100 122
100 126
101 164
101 101
101 134
101 105
101 148
101 142
101 152
101 116
101 155
102 102
102 113
102 104
102 145
102 146
102 127
103 128
103 134
103 103
103 107
103 173
103 142
103 176
103 178
103 132
103 123
104 129
104 145
104 104
104 174
104 175
104 113
104 150
105 134
105 105
105 172
105 178
105 147
105 116
105 148
106 167
106 106
106 108
106 109
106 112
106 168
106 115
106 119
107 123
107 162
107 128
107 107
107 173
107 142
107 176
107 178
107 118
107 132
108 108
108 109
108 143
108 112
108 114
108 117
108 151
108 111
108 158
109 109
109 111
109 112
109 114
109 117
109 158
109 159
110 158
110 137
110 151
110 110
110 112
110 118
110 159
111 171
111 136
111 169
111 140
111 141
111 114
111 180
111 117
111 121
111 111
111 143
112 168
112 137
112 151
112 112
112 114
112 117
112 158
112 159
113 163
113 133
113 113
113 145
113 127
113 156
113 165
114 169
114 143
114 114
114 117
114 121
115 144
115 162
115 167
115 168
115 115
115 119
116 134
116 172
116 173
116 147
116 116
116 118
116 148
117 143
117 117
117 121
118 134
118 135
118 172
118 173
118 147
118 118
118 120
118 155
118 126
119 167
119 119
119 144
119 168
119 148
120 120
120 135
120 136
120 170
120 127
120 122
120 126
120 143
121 169
121 145
121 153
121 121
122 145
122 136
122 135
122 140
122 146
122 122
122 126
122 127
123 123
123 128
123 172
123 173
123 142
123 176
123 178
123 147
123 132
124 130
124 129
124 174
124 175
124 124
124 125
125 129
125 130
125 174
125 175
125 154
125 125
126 136
126 135
126 172
126 143
126 126
127 163
127 133
127 169
127 170
127 135
127 136
127 127
128 128
128 132
128 139
128 173
128 142
128 176
128 178
129 129
129 130
129 180
129 145
129 175
129 174
130 130
130 169
130 175
131 176
131 146
131 131
131 132
131 166
131 177
132 173
132 142
132 176
132 132
133 165
133 163
133 133
133 170
133 150
133 156
134 155
134 134
134 172
134 147
134 148
135 135
135 136
135 170
135 143
136 136
136 170
136 146
136 141
137 158
137 137
137 151
137 159
138 160
138 138
138 154
138 156
138 157
139 161
139 139
140 151
140 171
140 166
140 140
140 141
140 180
140 169
140 143
141 171
141 166
141 169
141 141
141 180
141 151
141 143
142 173
142 142
142 176
142 180
142 149
143 171
143 166
143 158
143 151
143 143
144 144
144 167
144 168
144 174
144 155
145 145
145 169
145 171
145 146
146 146
147 161
147 172
147 147
147 148
148 152
148 148
149 164
149 165
149 169
149 171
149 150
149 180
149 149
150 164
150 165
150 169
150 171
150 180
150 150
151 151
151 158
151 159
152 164
152 152
153 166
153 153
154 154
155 164
155 175
155 177
155 155
155 165
155 157
156 157
156 156
157 157
158 158
158 159
159 159
160 160
161 161
161 172
162 162
163 165
163 163
163 170
164 165
164 164
164 177
165 166
165 177
165 165
166 166
166 177
167 174
167 168
167 167
168 168
169 171
169 180
169 169
170 170
171 171
171 180
172 172
173 173
173 176
173 178
174 174
174 175
175 175
176 176
177 177
178 178
179 179
180 180
