1 128
1 1
1 162
1 131
1 4
1 166
1 103
1 107
1 173
1 176
1 88
1 132
1 90
1 123
1 30
2 2
2 35
2 134
2 137
2 151
2 110
2 112
2 20
2 23
2 56
2 158
2 159
3 129
3 130
3 3
3 97
3 103
3 98
3 142
3 43
3 149
3 24
3 153
3 125
4 128
4 67
4 4
4 97
4 103
4 173
4 176
4 27
4 178
4 107
4 132
4 123
5 68
5 5
5 6
5 7
5 73
5 12
5 178
5 84
5 89
5 58
5 59
5 154
5 62
6 6
6 7
6 138
6 11
6 157
6 80
6 83
6 22
6 56
6 89
6 154
6 29
7 68
7 7
7 73
7 11
7 12
7 84
7 89
7 154
7 59
7 62
8 96
8 167
8 8
8 10
8 174
8 144
8 168
8 148
8 54
8 55
8 26
8 106
9 32
9 65
9 179
9 70
9 41
9 60
9 13
9 46
9 45
9 16
9 51
9 52
9 53
9 9
9 152
9 57
9 124
10 96
10 177
10 104
10 10
10 119
10 174
10 144
10 54
10 55
10 26
10 58
11 11
11 110
11 157
11 80
11 20
11 22
11 56
11 89
11 154
11 29
12 97
12 98
12 67
12 68
12 73
12 103
12 12
12 178
12 116
12 24
12 84
13 48
13 101
13 13
13 46
13 45
13 16
13 51
13 52
13 53
13 86
13 152
13 29
13 69
14 32
14 96
14 34
14 52
14 121
14 41
14 120
14 57
14 44
14 14
14 60
15 162
15 35
15 36
15 37
15 38
15 39
15 137
15 42
15 139
15 15
15 49
15 17
15 27
15 29
15 30
16 64
16 61
16 163
16 101
16 170
16 45
16 46
16 16
16 113
16 51
16 180
16 149
16 152
16 52
16 127
16 53
16 133
17 27
17 134
17 49
17 137
17 42
17 139
17 110
17 17
17 147
17 116
17 105
17 148
17 123
17 29
17 30
18 64
18 65
18 99
18 32
18 72
18 138
18 127
18 61
18 78
18 79
18 18
18 163
18 85
18 87
18 160
18 155
18 156
18 170
18 21
19 161
19 131
19 100
19 102
19 135
19 40
19 50
19 145
19 146
19 19
19 25
19 136
19 26
19 28
19 122
20 144
20 167
20 168
20 137
20 110
20 79
20 80
20 157
20 82
20 115
20 20
20 105
20 56
20 47
20 29
21 160
21 65
21 99
21 72
21 64
21 170
21 61
21 78
21 79
21 85
21 155
21 156
21 138
21 21
22 65
22 22
22 69
22 71
22 138
22 80
22 83
22 148
22 53
22 86
22 154
22 70
22 62
23 38
23 137
23 151
23 108
23 109
23 110
23 143
23 112
23 114
23 23
23 27
23 158
23 159
24 128
24 97
24 67
24 68
24 103
24 107
24 173
24 142
24 176
24 178
24 116
24 24
24 123
24 60
24 29
25 129
25 130
25 102
25 104
25 43
25 146
25 145
25 50
25 40
25 25
25 26
25 28
25 93
26 40
26 146
26 165
26 43
26 28
26 26
26 104
27 96
27 161
27 49
27 105
27 42
27 139
27 109
27 112
27 147
27 116
27 176
27 148
27 27
27 29
27 30
28 161
28 131
28 40
28 169
28 43
28 76
28 49
28 50
28 139
28 28
28 30
29 116
29 45
29 147
29 101
29 105
29 42
29 47
29 80
29 51
29 148
29 152
29 29
30 43
30 161
30 42
30 139
30 49
30 147
30 30
31 33
31 147
31 164
31 101
31 134
31 177
31 31
31 155
31 172
31 118
31 65
32 32
32 34
32 121
32 70
32 71
32 41
32 175
32 179
32 180
32 57
32 153
32 52
32 58
32 59
32 60
32 95
33 33
33 134
33 105
33 172
33 110
33 114
33 147
33 116
33 117
33 118
33 155
33 126
34 129
34 34
34 41
34 170
34 145
34 179
34 180
34 57
34 153
34 121
34 60
34 52
35 35
35 36
35 37
35 38
35 39
35 42
35 162
35 77
35 59
35 119
35 58
36 162
36 36
36 37
36 38
36 39
36 40
36 43
36 108
36 114
36 139
36 90
37 162
37 37
37 38
37 39
37 40
37 42
37 139
37 66
37 112
37 43
37 94
37 158
38 162
38 38
38 39
38 42
38 43
38 139
38 151
38 159
39 162
39 39
39 51
39 56
39 132
39 179
39 59
39 58
40 130
40 43
40 40
40 171
40 50
40 139
41 97
41 67
41 41
41 60
41 179
41 52
41 57
41 153
41 58
41 59
41 156
42 161
42 132
42 49
42 105
42 42
42 139
42 147
42 116
42 159
43 161
43 43
43 75
43 139
43 63
44 96
44 139
44 169
44 75
44 108
44 109
44 111
44 112
44 114
44 117
44 118
44 119
44 121
44 44
45 83
45 101
45 71
45 105
45 45
45 46
45 51
45 148
45 53
45 54
45 152
46 101
46 72
46 174
46 51
46 52
46 46
46 152
46 180
46 53
46 149
47 144
47 48
47 82
47 115
47 167
47 168
47 106
47 47
47 157
48 79
48 48
48 99
48 113
48 167
48 168
48 74
48 78
48 175
48 144
48 81
48 82
48 179
48 174
48 115
48 156
48 95
49 161
49 100
49 49
49 139
49 114
49 147
50 161
50 100
50 165
50 102
50 135
50 145
50 50
50 136
50 146
50 122
51 58
51 179
51 157
51 51
51 84
51 53
51 152
51 154
51 59
52 149
52 104
52 170
52 57
52 52
52 180
52 60
52 53
53 101
53 79
53 53
53 152
54 96
54 167
54 168
54 106
54 119
54 144
54 115
54 54
54 55
55 96
55 167
55 168
55 55
55 109
55 144
55 148
55 119
55 121
55 106
56 80
56 56
56 137
56 157
56 110
56 89
57 121
57 57
57 174
57 60
57 81
57 179
57 153
57 58
57 59
57 124
57 62
58 128
58 162
58 179
58 59
58 60
58 58
59 162
59 176
59 179
59 59
59 60
59 157
60 65
60 68
60 133
60 84
60 138
60 179
60 60
60 74
60 153
61 64
61 163
61 72
61 160
61 170
61 127
61 61
61 85
62 69
62 70
62 73
62 138
62 71
62 83
62 148
62 87
62 154
62 86
62 62
63 171
63 169
63 140
63 141
63 63
63 143
63 76
63 75
63 149
63 111
63 117
64 64
64 163
64 72
64 160
64 170
64 127
64 85
65 160
65 65
65 69
65 156
65 138
65 85
65 87
66 66
66 166
66 77
66 143
66 151
66 88
66 89
66 90
66 91
66 92
66 94
67 128
67 97
67 98
67 67
67 103
67 107
67 173
67 178
67 84
67 68
67 123
68 97
68 98
68 68
68 73
68 178
68 84
69 160
69 69
69 70
69 71
69 138
69 83
69 87
69 86
70 70
70 71
70 73
70 83
70 84
70 87
70 154
70 86
70 125
71 160
71 71
71 83
71 87
71 154
71 86
71 125
72 160
72 163
72 72
72 170
72 87
72 85
72 127
73 178
73 179
73 84
73 154
73 73
74 144
74 99
74 133
74 113
74 156
74 74
74 78
74 81
74 163
74 174
74 95
74 127
75 161
75 143
75 169
75 171
75 75
75 108
75 141
75 111
75 76
75 114
75 117
75 140
76 149
76 171
76 169
76 140
76 141
76 111
76 76
76 180
76 117
76 150
76 143
77 137
77 172
77 77
77 110
77 143
77 94
77 118
77 151
77 88
77 89
77 90
77 91
77 92
77 158
78 80
78 99
78 124
78 78
78 79
78 81
78 179
78 157
78 156
78 138
78 85
79 80
79 99
79 124
79 138
79 82
79 79
79 179
79 156
79 157
79 85
80 157
80 80
80 110
81 99
81 133
81 113
81 127
81 81
81 163
81 174
81 95
81 156
81 170
81 85
82 144
82 167
82 168
82 106
82 82
82 115
82 148
82 157
83 160
83 86
83 124
83 138
83 175
83 83
83 87
83 154
83 125
84 97
84 98
84 178
84 84
85 99
85 124
85 138
85 160
85 157
85 163
85 155
85 170
85 152
85 175
85 156
85 85
86 160
86 138
86 86
86 87
86 125
87 160
87 138
87 87
87 101
88 131
88 164
88 165
88 166
88 177
88 88
88 100
88 90
88 91
88 92
88 93
88 94
89 162
89 89
89 90
89 94
90 166
90 90
90 91
90 92
90 94
91 161
91 165
91 166
91 140
91 141
91 91
91 92
91 93
91 94
92 161
92 131
92 165
92 166
92 140
92 141
92 177
92 92
92 93
92 94
93 131
93 164
93 165
93 166
93 136
93 177
93 146
93 150
93 122
93 93
94 166
94 140
94 110
94 141
94 158
94 151
94 143
94 94
94 159
95 102
95 113
95 104
95 145
95 174
95 175
95 95
95 127
96 96
96 119
96 109
96 114
96 147
96 117
96 121
96 106
97 128
97 97
97 98
97 103
97 107
97 173
97 178
97 123
97 132
98 98
98 134
98 103
98 107
98 173
98 142
98 153
98 123
99 99
99 101
99 156
99 155
99 124
99 157
100 161
100 100
100 166
100 135
100 136
100 169
100 171
100 172
100 146
100 118
100 121
100 120
100 122
100 126
101 164
101 101
101 134
101 105
101 125
101 116
101 152
101 148
101 155
102 136
102 164
102 102
102 113
102 104
102 135
102 146
102 145
102 120
102 122
102 126
103 123
103 179
103 128
103 107
103 173
103 176
103 178
103 132
103 103
104 129
104 130
104 113
104 104
104 174
104 175
104 145
104 146
105 148
105 134
105 105
105 172
105 147
105 116
106 144
106 162
106 167
106 168
106 106
106 119
106 108
106 109
106 112
106 115
107 123
107 128
107 107
107 173
107 142
107 176
107 179
107 132
108 108
108 109
108 111
108 112
108 114
108 117
108 158
108 159
109 119
109 109
109 111
109 112
109 114
109 117
109 158
109 159
110 137
110 162
110 110
110 158
110 151
110 159
111 161
111 171
111 111
111 114
111 117
111 169
112 168
112 151
112 112
112 114
112 137
112 158
112 159
113 163
113 133
113 145
113 113
113 127
113 170
114 114
114 117
114 169
114 158
114 159
115 144
115 167
115 168
115 115
115 119
115 155
115 157
116 134
116 172
116 147
116 116
116 118
116 148
117 171
117 169
117 117
117 118
117 121
118 134
118 172
118 147
118 118
118 120
118 155
118 126
119 168
119 119
119 142
119 144
119 121
120 131
120 133
120 135
120 136
120 145
120 146
120 150
120 120
120 122
120 126
121 121
121 153
122 135
122 136
122 146
122 145
122 180
122 122
122 126
123 123
123 128
123 173
123 142
123 176
123 179
123 132
124 129
124 130
124 167
124 174
124 175
124 124
124 125
125 160
125 129
125 130
125 174
125 175
125 125
126 133
126 135
126 136
126 172
126 142
126 180
126 126
127 163
127 133
127 170
127 127
128 128
128 173
128 142
128 176
128 132
129 129
129 130
129 174
129 175
129 145
129 146
130 130
130 142
130 175
130 174
130 155
131 131
131 132
131 165
131 166
131 177
131 164
131 155
132 132
132 173
132 176
133 163
133 164
133 133
133 136
133 135
134 134
134 172
134 147
134 148
134 155
135 135
135 136
135 146
135 145
135 180
135 150
135 165
136 136
136 146
136 145
137 137
137 151
137 158
137 159
138 160
138 156
138 138
138 154
138 157
139 161
139 139
140 161
140 171
140 169
140 140
140 141
140 143
140 158
140 151
141 161
141 171
141 169
141 141
141 143
141 158
141 150
141 151
141 153
142 142
142 173
142 176
142 149
142 153
143 171
143 143
143 153
143 159
143 151
143 158
144 144
144 167
144 168
144 153
145 145
145 146
146 146
147 172
147 147
147 148
148 167
148 168
148 152
148 148
149 149
149 164
149 169
149 171
149 180
149 150
150 164
150 165
150 166
150 169
150 171
150 180
150 150
151 151
151 158
151 159
152 160
152 152
153 168
153 153
154 154
155 172
155 177
155 164
155 155
155 156
156 157
156 156
157 157
158 158
158 159
159 159
160 160
161 172
161 161
162 162
162 179
163 163
163 170
164 165
164 164
164 177
164 166
165 165
165 166
165 177
166 166
166 177
167 167
167 174
167 168
168 168
169 171
169 180
169 169
170 170
171 171
171 180
172 172
173 173
173 176
173 178
173 179
174 175
174 174
175 175
176 176
177 177
178 178
178 179
179 179
180 180
