1 128
1 1
1 34
1 131
1 4
1 103
1 105
1 10
1 107
1 173
1 45
1 176
1 118
1 152
1 132
1 123
2 112
2 2
2 20
2 158
2 23
2 137
2 63
2 39
2 82
2 110
2 159
3 96
3 128
3 130
3 3
3 132
3 123
3 24
3 176
3 107
3 173
3 142
4 131
4 4
4 5
4 103
4 107
4 12
4 173
4 14
4 16
4 52
4 7
4 132
4 123
4 101
5 68
5 5
5 6
5 7
5 73
5 12
5 84
5 62
5 22
5 121
5 154
6 65
6 6
6 7
6 138
6 11
6 78
6 79
6 80
6 22
6 56
6 154
6 155
6 157
7 65
7 7
7 73
7 138
7 11
7 12
7 22
7 121
7 154
7 62
8 96
8 164
8 167
8 168
8 9
8 10
8 144
8 8
8 54
8 55
8 26
8 106
9 32
9 179
9 9
9 13
9 46
9 16
9 51
9 52
9 149
9 41
9 57
9 58
9 59
9 60
9 53
10 96
10 10
10 54
10 55
10 121
10 26
10 168
10 106
10 119
11 32
11 16
11 11
11 78
11 79
11 80
11 20
11 110
11 56
11 89
11 155
11 157
12 97
12 67
12 73
12 103
12 12
12 173
12 180
12 178
12 84
12 24
12 68
13 162
13 35
13 179
13 39
13 13
13 46
13 45
13 16
13 51
13 149
13 119
13 152
13 58
13 59
13 29
13 53
14 96
14 32
14 34
14 133
14 41
14 44
14 14
14 111
14 145
14 117
14 153
14 121
14 169
15 162
15 35
15 36
15 37
15 38
15 39
15 139
15 158
15 15
15 17
15 94
15 43
15 27
15 29
15 30
16 51
16 45
16 164
16 179
16 46
16 47
16 16
16 115
16 20
16 149
16 150
16 55
16 152
16 52
17 161
17 101
17 17
17 105
17 42
17 139
17 45
17 77
17 49
17 147
17 116
17 30
17 152
17 148
17 27
17 29
17 158
18 160
18 65
18 163
18 69
18 72
18 64
18 138
18 61
18 18
18 83
18 85
18 86
18 87
18 121
18 22
18 127
18 156
18 170
18 21
19 161
19 100
19 102
19 145
19 104
19 42
19 146
19 49
19 50
19 19
19 40
19 25
19 90
19 28
20 144
20 80
20 137
20 110
20 47
20 82
20 115
20 20
20 56
20 157
21 64
21 65
21 99
21 72
21 138
21 160
21 61
21 163
21 85
21 22
21 121
21 127
21 156
21 170
21 21
22 160
22 65
22 138
22 83
22 22
22 121
22 154
22 62
22 85
23 38
23 137
23 23
23 108
23 109
23 110
23 112
23 114
23 151
23 153
23 159
23 158
23 63
24 107
24 97
24 130
24 132
24 33
24 128
24 103
24 173
24 142
24 176
24 178
24 67
24 150
24 24
24 123
24 125
25 161
25 102
25 129
25 104
25 28
25 75
25 50
25 174
25 145
25 146
25 40
25 25
25 90
25 92
25 26
26 32
26 104
26 40
26 54
26 55
26 28
26 26
26 174
27 161
27 49
27 105
27 42
27 139
27 147
27 148
27 30
27 116
27 27
27 29
27 94
28 129
28 139
28 36
28 161
28 40
28 43
28 111
28 49
28 50
28 151
28 28
28 30
29 96
29 101
29 39
29 105
29 45
29 46
29 109
29 112
29 147
29 148
29 152
29 116
29 29
29 30
30 161
30 131
30 36
30 37
30 38
30 49
30 40
30 44
30 42
30 139
30 108
30 43
30 30
31 33
31 164
31 134
31 73
31 172
31 111
31 177
31 118
31 155
31 93
31 126
31 31
32 32
32 34
32 41
32 57
32 80
32 179
32 52
32 53
32 153
32 59
32 60
32 58
33 33
33 155
33 118
33 134
33 177
33 120
33 135
33 172
33 126
34 34
34 99
34 104
34 169
34 44
34 52
34 57
34 41
34 153
34 121
34 60
34 95
35 162
35 35
35 36
35 37
35 38
35 39
35 43
35 130
35 112
35 59
36 162
36 36
36 37
36 38
36 39
36 40
36 43
36 44
36 130
36 114
36 139
37 162
37 37
37 38
37 39
37 40
37 66
37 43
37 130
37 139
37 94
38 162
38 38
38 39
38 43
38 139
38 94
38 159
39 51
39 39
39 137
39 45
39 162
39 131
40 129
40 139
40 104
40 43
40 143
40 40
41 41
41 179
41 52
41 53
41 56
41 57
41 58
41 59
41 60
41 153
42 161
42 100
42 49
42 42
42 44
42 50
42 147
42 116
43 162
43 43
43 108
43 130
43 139
44 96
44 108
44 44
44 109
44 111
44 112
44 49
44 114
44 117
44 121
45 101
45 105
45 45
45 46
45 51
45 148
45 152
46 101
46 106
46 46
46 51
46 148
46 149
46 150
46 119
46 152
47 144
47 48
47 168
47 106
47 167
47 47
47 82
47 115
47 119
47 157
48 144
48 99
48 81
48 168
48 74
48 167
48 174
48 48
48 113
48 115
48 150
48 95
49 161
49 100
49 49
49 50
49 147
49 116
49 122
50 161
50 50
50 100
50 102
50 145
50 104
50 140
50 141
50 146
50 122
50 91
50 92
51 162
51 179
51 106
51 51
51 53
51 152
51 58
51 59
51 60
52 57
52 179
52 180
52 149
52 52
52 58
52 59
52 60
52 157
52 53
53 179
53 53
53 54
53 57
53 60
54 167
54 168
54 177
54 106
54 119
54 174
54 144
54 149
54 54
54 55
55 96
55 144
55 167
55 168
55 106
55 119
55 55
55 121
55 59
56 137
56 77
56 78
56 79
56 80
56 110
56 89
56 56
56 57
56 155
56 157
57 179
57 57
57 58
57 59
57 60
57 153
58 131
58 82
58 179
58 58
58 59
58 60
59 162
59 131
59 179
59 59
59 60
60 131
60 179
60 60
61 64
61 163
61 69
61 136
61 170
61 171
61 72
61 87
61 61
61 127
62 160
62 69
62 70
62 71
62 138
62 83
62 84
62 87
62 180
62 154
62 86
62 62
63 159
63 158
63 151
63 140
63 137
63 172
63 141
63 63
63 143
64 64
64 163
64 69
64 136
64 170
64 171
64 72
64 87
64 127
65 160
65 65
65 138
65 121
65 154
65 156
65 85
66 66
66 166
66 137
66 77
66 110
66 151
66 88
66 89
66 90
66 91
66 92
66 94
67 96
67 97
67 98
67 67
67 68
67 103
67 128
67 107
67 173
67 178
67 84
67 153
67 123
68 96
68 97
68 98
68 68
68 70
68 71
68 73
68 103
68 178
68 84
68 150
68 153
69 160
69 69
69 70
69 71
69 72
69 169
69 138
69 86
69 87
70 96
70 160
70 98
70 70
70 71
70 73
70 83
70 84
70 86
70 87
70 154
71 96
71 160
71 98
71 71
71 83
71 84
71 86
71 87
72 163
72 72
72 170
72 177
72 86
72 87
72 127
72 165
73 73
73 178
73 83
73 84
73 154
73 125
74 99
74 133
74 81
74 74
74 78
74 79
74 113
74 95
74 156
74 157
74 165
75 129
75 171
75 135
75 136
75 108
75 75
75 76
75 141
75 111
75 140
75 180
75 117
75 169
75 143
76 169
76 171
76 76
76 141
76 111
76 145
76 146
76 180
76 117
76 150
76 151
76 140
76 143
76 126
77 134
77 137
77 162
77 110
77 77
77 89
77 90
77 91
77 92
77 94
78 99
78 78
78 79
78 80
78 81
78 85
78 156
78 157
78 149
79 99
79 164
79 79
79 80
79 81
79 85
79 156
79 157
80 80
80 99
80 156
80 157
81 165
81 99
81 133
81 113
81 81
81 163
81 85
81 95
81 156
81 127
82 168
82 137
82 110
82 144
82 82
82 115
82 119
82 157
83 160
83 86
83 138
83 83
83 180
83 85
83 154
83 124
83 125
84 97
84 98
84 178
84 84
84 150
85 160
85 163
85 138
85 99
85 150
85 127
85 156
85 170
85 85
86 96
86 160
86 169
86 86
86 87
87 160
87 169
87 170
87 87
88 131
88 164
88 165
88 166
88 136
88 177
88 102
88 88
88 89
88 90
88 91
88 92
88 93
88 94
89 134
89 110
89 147
89 89
89 90
89 91
89 92
89 94
90 131
90 165
90 166
90 151
90 90
90 91
90 92
90 93
90 94
91 165
91 166
91 94
91 151
91 91
91 92
91 93
91 126
92 165
92 166
92 151
92 92
92 93
92 94
93 164
93 165
93 166
93 177
93 150
93 153
93 124
93 93
94 137
94 139
94 110
94 94
94 151
94 158
95 102
95 113
95 145
95 167
95 174
95 175
95 146
95 104
95 124
95 95
96 128
96 173
96 142
96 132
96 96
96 97
96 103
96 107
96 109
96 176
96 177
96 114
96 118
96 119
96 121
96 123
97 97
97 98
97 103
97 128
97 107
97 173
97 176
97 178
97 132
97 123
98 98
98 103
98 173
98 114
98 119
98 153
99 99
99 113
99 156
99 157
100 161
100 100
100 134
100 102
100 145
100 136
100 135
100 172
100 146
100 111
100 147
100 121
100 122
100 143
101 116
101 101
101 134
101 105
101 147
101 148
101 152
101 164
102 102
102 113
102 104
102 171
102 146
102 174
102 145
102 122
103 128
103 107
103 173
103 142
103 176
103 178
103 123
103 103
103 132
104 129
104 145
104 174
104 175
104 104
104 146
104 124
105 134
105 105
105 139
105 147
105 116
105 148
106 144
106 115
106 167
106 168
106 106
106 119
106 109
106 112
107 123
107 128
107 107
107 173
107 142
107 176
107 178
107 132
108 108
108 109
108 158
108 111
108 112
108 114
108 172
108 117
108 159
109 119
109 109
109 111
109 112
109 114
109 117
109 121
109 159
110 137
110 148
110 110
110 158
110 159
111 130
111 171
111 140
111 141
111 114
111 117
111 169
111 111
111 143
112 114
112 137
112 162
112 112
112 115
112 117
112 158
112 159
113 133
113 113
113 145
113 146
113 180
113 122
113 127
114 114
114 117
114 121
114 158
114 159
115 144
115 167
115 168
115 115
115 119
116 134
116 172
116 147
116 116
116 148
116 158
117 161
117 169
117 117
117 118
117 121
118 133
118 134
118 136
118 135
118 172
118 118
118 120
118 122
118 155
118 126
119 164
119 168
119 119
119 144
119 121
120 163
120 133
120 135
120 136
120 170
120 172
120 120
120 121
120 122
120 126
120 127
121 153
121 163
121 177
121 121
121 127
122 163
122 136
122 135
122 172
122 141
122 122
122 126
122 127
123 123
123 128
123 173
123 142
123 176
123 178
123 132
124 129
124 130
124 178
124 125
124 175
124 124
124 174
125 129
125 130
125 169
125 175
125 178
125 174
125 125
126 155
126 133
126 134
126 135
126 136
126 172
126 126
127 163
127 133
127 170
127 135
127 136
127 127
128 132
128 128
128 173
128 142
128 176
128 131
129 130
129 129
129 174
129 175
130 130
130 175
131 131
131 166
131 176
131 177
131 179
131 155
131 132
132 173
132 142
132 176
132 178
132 180
132 132
133 163
133 133
133 136
133 135
134 148
134 134
134 135
134 172
134 147
134 155
135 163
135 135
135 136
135 170
135 172
136 163
136 166
136 136
136 170
136 172
137 137
137 158
137 148
137 159
138 160
138 164
138 138
138 154
138 156
139 161
139 139
140 171
140 166
140 169
140 140
140 141
140 143
140 180
140 151
141 171
141 166
141 169
141 141
141 143
141 180
141 151
142 173
142 142
142 176
142 155
143 171
143 169
143 143
143 151
143 158
143 159
144 144
144 167
144 177
144 168
145 145
145 146
145 175
145 174
146 161
146 146
146 175
147 161
147 148
147 172
147 147
148 152
148 148
149 164
149 150
149 171
149 180
149 152
149 154
149 156
149 149
150 180
150 164
150 165
150 171
150 150
151 151
151 158
151 159
152 152
153 153
154 160
154 154
154 155
155 168
155 172
155 177
155 174
155 155
156 157
156 156
157 157
158 158
158 159
159 159
160 160
160 180
161 161
162 162
163 170
163 163
164 165
164 164
164 166
164 167
164 177
165 165
165 166
165 177
165 175
166 166
166 177
167 167
167 174
167 168
168 168
169 171
169 180
169 169
170 170
170 171
171 171
171 180
172 172
173 173
173 176
173 178
174 174
174 175
175 175
176 176
176 178
177 177
178 180
178 178
179 179
180 180
