1 176
1 1
1 66
1 131
1 132
1 128
1 89
1 4
1 90
1 139
1 77
2 2
2 38
2 168
2 105
2 106
2 23
2 66
2 110
2 77
2 112
2 158
2 137
2 89
2 94
2 159
3 128
3 33
3 130
3 3
3 132
3 123
3 24
3 176
3 107
3 173
3 142
4 128
4 123
4 4
4 33
4 105
4 107
4 173
4 176
4 178
4 89
4 132
4 103
4 29
4 39
5 68
5 5
5 6
5 7
5 73
5 11
5 12
5 46
5 84
5 56
5 57
5 154
6 16
6 6
6 7
6 11
6 79
6 80
6 20
6 22
6 56
6 57
6 154
6 157
7 32
7 80
7 68
7 7
7 56
7 84
7 154
7 11
7 73
8 96
8 167
8 8
8 106
8 119
8 13
8 168
8 51
8 54
8 55
8 26
8 10
9 32
9 16
9 34
9 41
9 13
9 46
9 144
9 51
9 52
9 53
9 9
9 153
9 57
9 123
9 60
10 96
10 177
10 168
10 106
10 55
10 144
10 179
10 54
10 119
10 26
10 10
11 11
11 47
11 80
11 82
11 179
11 20
11 53
11 56
11 154
11 157
12 16
12 97
12 178
12 67
12 68
12 84
12 103
12 24
12 73
12 12
13 51
13 162
13 35
13 101
13 39
13 168
13 45
13 46
13 13
13 16
13 179
13 53
13 152
13 58
13 59
13 29
14 96
14 32
14 34
14 81
14 169
14 138
14 44
14 14
14 113
14 84
14 85
14 57
14 121
14 60
14 52
15 162
15 35
15 36
15 37
15 38
15 39
15 105
15 42
15 139
15 77
15 15
15 17
15 43
15 89
15 27
15 29
15 30
16 164
16 179
16 41
16 46
16 45
16 16
16 24
16 51
16 52
16 149
16 152
16 57
16 58
16 60
16 53
17 35
17 134
17 49
17 105
17 42
17 139
17 17
17 147
17 148
17 89
17 23
17 116
17 27
17 29
17 30
17 159
18 160
18 65
18 163
18 69
18 71
18 72
18 156
18 138
18 86
18 81
18 18
18 85
18 22
18 87
18 21
18 62
18 149
19 161
19 131
19 100
19 102
19 145
19 40
19 28
19 141
19 49
19 50
19 19
19 25
19 122
19 92
19 146
20 144
20 167
20 168
20 47
20 80
20 82
20 115
20 20
20 56
20 59
20 157
21 160
21 65
21 163
21 69
21 81
21 72
21 177
21 138
21 64
21 61
21 113
21 85
21 87
21 127
21 156
21 170
21 21
22 160
22 65
22 34
22 99
22 164
22 70
22 138
22 78
22 79
22 83
22 85
22 22
22 154
22 156
22 157
22 62
23 66
23 137
23 106
23 151
23 77
23 110
23 109
23 112
23 158
23 23
23 89
23 94
23 159
24 128
24 97
24 67
24 132
24 103
24 107
24 173
24 142
24 178
24 24
24 176
24 123
25 129
25 130
25 166
25 102
25 40
25 43
25 76
25 146
25 145
25 50
25 88
25 25
25 26
25 28
25 104
26 88
26 174
26 54
26 40
26 43
26 28
26 26
26 104
27 161
27 37
27 38
27 49
27 105
27 42
27 139
27 112
27 147
27 116
27 30
27 148
27 27
27 29
27 158
28 161
28 139
28 40
28 43
28 44
28 143
28 49
28 50
28 117
28 28
28 30
29 162
29 35
29 101
29 38
29 39
29 105
29 45
29 51
29 116
29 147
29 137
29 132
29 148
29 152
29 29
30 161
30 43
30 36
30 37
30 49
30 40
30 42
30 139
30 109
30 30
31 33
31 147
31 116
31 126
31 118
31 134
31 120
31 155
31 172
31 158
31 31
32 32
32 34
32 123
32 41
32 57
32 107
32 173
32 178
32 179
32 52
32 53
32 153
32 58
32 59
32 60
32 157
33 33
33 66
33 134
33 172
33 147
33 155
33 118
33 120
33 100
33 63
33 126
34 65
34 34
34 99
34 68
34 121
34 41
34 74
34 60
34 175
34 52
34 53
34 153
34 57
34 156
34 125
35 162
35 35
35 36
35 37
35 38
35 39
35 137
35 110
36 162
36 36
36 37
36 38
36 39
36 40
36 43
36 94
36 139
36 158
37 162
37 37
37 38
37 39
37 40
37 139
37 43
37 89
38 38
38 39
38 43
38 162
38 139
39 162
39 39
39 106
39 45
40 161
40 43
40 40
40 139
40 140
40 111
40 121
40 90
41 128
41 41
41 176
41 179
41 52
41 53
41 153
41 57
41 58
41 59
41 60
42 161
42 100
42 49
42 42
42 139
42 172
42 109
42 147
42 116
43 161
43 139
43 43
43 63
44 96
44 169
44 75
44 108
44 109
44 111
44 114
44 117
44 121
44 122
44 44
45 128
45 162
45 101
45 105
45 45
45 46
45 51
45 148
45 152
46 51
46 164
46 167
46 103
46 46
46 179
46 52
46 149
46 152
46 58
46 59
46 101
47 80
47 167
47 168
47 106
47 47
47 144
47 82
47 115
47 56
47 58
47 59
48 144
48 99
48 167
48 124
48 74
48 174
48 79
48 48
48 81
48 115
48 52
48 78
48 175
48 156
48 157
48 95
49 161
49 100
49 49
49 108
49 139
49 172
49 50
49 114
49 147
49 151
49 63
50 161
50 100
50 102
50 145
50 75
50 50
50 146
50 122
51 58
51 176
51 101
51 51
51 53
51 54
51 152
51 179
51 59
52 67
52 97
52 57
52 73
52 179
52 52
52 150
52 180
52 154
52 60
52 53
52 149
53 53
53 56
53 57
53 123
53 60
53 153
54 115
54 167
54 168
54 106
54 119
54 144
54 54
54 55
55 96
55 167
55 168
55 119
55 109
55 112
55 148
55 55
55 106
56 80
56 82
56 56
56 58
56 157
57 179
57 153
57 57
57 58
57 59
57 60
58 179
58 152
58 153
58 58
58 59
58 60
59 179
59 115
59 152
59 59
59 60
60 80
60 128
60 179
60 153
60 60
61 64
61 163
61 133
61 135
61 136
61 170
61 72
61 180
61 87
61 127
61 61
61 69
62 160
62 65
62 98
62 69
62 70
62 71
62 138
62 83
62 149
62 87
62 154
62 86
62 62
63 140
63 108
63 141
63 143
63 112
63 114
63 117
63 151
63 159
63 158
63 63
64 64
64 163
64 69
64 135
64 136
64 170
64 72
64 180
64 87
64 120
64 127
64 133
65 160
65 65
65 138
65 78
65 79
65 156
65 157
65 85
66 139
66 66
66 110
66 77
66 158
66 151
66 89
66 90
66 91
66 92
66 94
66 159
67 97
67 98
67 67
67 68
67 103
67 73
67 107
67 173
67 178
67 84
68 97
68 68
68 70
68 73
68 98
68 83
68 84
68 154
68 125
69 160
69 98
69 69
69 70
69 71
69 72
69 138
69 150
69 87
69 86
70 160
70 98
70 70
70 71
70 138
70 130
70 83
70 84
70 149
70 87
70 86
71 160
71 98
71 71
71 138
71 83
71 84
71 149
71 86
71 87
72 163
72 136
72 170
72 72
72 180
72 87
72 127
73 97
73 73
73 178
73 84
73 154
73 155
73 124
73 125
74 99
74 133
74 102
74 113
74 74
74 78
74 79
74 81
74 174
74 95
74 156
74 85
75 171
75 135
75 140
75 169
75 75
75 76
75 114
75 141
75 108
75 180
75 117
75 111
75 121
75 122
75 143
76 108
76 171
76 76
76 141
76 111
76 140
76 180
76 117
76 150
76 169
76 143
77 134
77 137
77 110
77 77
77 158
77 89
77 94
77 159
78 99
78 164
78 80
78 78
78 79
78 157
78 85
78 156
78 138
79 99
79 164
79 80
79 79
79 157
79 85
79 156
79 138
80 80
80 82
80 115
80 154
80 157
81 99
81 133
81 102
81 113
81 81
81 163
81 150
81 127
81 156
81 85
81 95
82 144
82 167
82 168
82 137
82 152
82 82
82 115
83 160
83 130
83 86
83 138
83 175
83 83
83 84
83 85
83 164
83 154
83 124
83 125
84 97
84 98
84 84
84 154
84 124
84 125
85 99
85 113
85 160
85 156
85 138
85 85
85 149
86 160
86 98
86 138
86 86
86 87
86 121
87 160
87 163
87 170
87 93
87 177
87 87
87 121
88 131
88 165
88 166
88 140
88 141
88 93
88 143
88 177
88 88
88 90
88 91
88 92
89 137
89 110
89 158
89 89
89 94
89 159
90 131
90 100
90 166
90 140
90 141
90 143
90 151
90 90
90 91
90 92
91 131
91 165
91 166
91 140
91 141
91 143
91 151
91 153
91 91
91 92
91 126
92 131
92 165
92 166
92 140
92 141
92 143
92 177
92 151
92 92
92 93
92 126
93 164
93 165
93 166
93 171
93 177
93 149
93 150
93 155
93 93
94 137
94 139
94 110
94 158
94 151
94 94
94 159
95 129
95 99
95 165
95 102
95 113
95 145
95 174
95 175
95 146
95 150
95 104
95 95
96 96
96 161
96 98
96 119
96 109
96 111
96 114
96 117
96 121
97 128
97 97
97 98
97 103
97 107
97 173
97 178
97 123
98 98
98 153
99 99
99 157
99 156
99 138
100 100
100 134
100 161
100 136
100 135
100 172
100 146
100 118
100 120
100 122
100 126
101 123
101 164
101 101
101 134
101 105
101 116
101 152
101 148
101 155
102 102
102 113
102 145
102 146
102 180
102 104
103 128
103 103
103 107
103 173
103 142
103 176
103 178
103 132
103 123
104 129
104 130
104 145
104 104
104 174
104 175
104 113
104 146
104 180
105 134
105 105
105 172
105 147
105 116
105 148
106 144
106 106
106 109
106 162
106 110
106 112
106 168
106 167
106 115
106 153
106 119
107 128
107 107
107 173
107 142
107 176
107 178
107 132
107 123
108 108
108 109
108 143
108 112
108 114
108 117
108 151
108 111
109 119
109 139
109 109
109 112
109 114
109 158
109 159
109 151
109 117
110 168
110 137
110 110
110 112
110 158
110 159
111 171
111 169
111 141
111 114
111 117
111 111
111 121
111 140
111 143
112 119
112 137
112 112
112 114
112 147
112 159
112 158
113 163
113 113
113 133
113 145
113 146
113 127
114 114
114 117
114 151
114 121
114 143
115 144
115 167
115 168
115 115
115 119
116 132
116 134
116 172
116 147
116 116
116 118
116 148
117 171
117 169
117 117
117 121
117 143
118 132
118 134
118 135
118 172
118 147
118 118
118 120
118 155
118 126
119 144
119 119
119 142
119 168
120 133
120 135
120 136
120 170
120 142
120 120
120 122
120 126
120 127
121 163
121 169
121 146
121 121
121 126
121 127
122 131
122 135
122 136
122 170
122 146
122 145
122 122
122 126
122 127
123 128
123 173
123 142
123 176
123 178
123 132
123 123
124 129
124 130
124 167
124 174
124 175
124 155
124 124
124 125
125 129
125 130
125 174
125 175
125 155
125 125
126 133
126 135
126 136
126 172
126 126
127 163
127 133
127 170
127 135
127 136
127 180
127 127
128 128
128 142
128 173
128 176
128 178
128 132
129 129
129 130
129 165
129 145
129 175
129 174
130 130
130 165
130 174
130 175
131 131
131 132
131 166
131 136
131 176
131 177
132 173
132 142
132 176
132 132
133 163
133 133
133 170
133 142
134 134
134 172
134 147
134 148
134 155
134 158
135 135
135 136
135 170
135 172
136 166
136 170
136 136
137 137
137 158
137 159
138 160
138 156
138 138
138 157
139 139
139 161
140 171
140 166
140 169
140 141
140 140
140 180
140 151
140 143
141 151
141 171
141 166
141 141
141 180
141 169
141 143
142 172
142 173
142 142
142 176
142 149
143 151
143 171
143 166
143 169
143 143
144 144
144 167
144 168
144 157
145 145
145 169
145 146
146 169
146 171
146 146
147 172
147 161
147 147
147 148
148 176
148 152
148 148
149 149
149 160
149 164
149 165
149 171
149 174
149 175
149 150
149 180
150 164
150 177
150 169
150 171
150 180
150 150
150 165
151 161
151 159
151 151
151 158
152 164
152 168
152 152
153 153
154 154
155 164
155 167
155 172
155 177
155 155
156 157
156 156
157 157
158 158
158 159
159 159
160 160
161 161
162 162
163 163
163 170
164 165
164 164
164 177
165 165
165 166
165 177
166 166
166 171
166 177
167 179
167 167
167 168
167 174
168 168
169 171
169 180
169 169
170 170
170 180
171 171
171 180
172 172
173 173
173 176
173 178
174 174
174 175
175 175
176 179
176 176
176 178
177 177
178 178
179 179
180 180
