1 128
1 1
1 131
1 4
1 166
1 40
1 107
1 173
1 176
1 123
1 88
1 132
1 90
1 91
1 92
2 2
2 36
2 137
2 11
2 108
2 110
2 112
2 23
2 56
2 27
2 151
2 158
2 159
3 96
3 97
3 130
3 3
3 103
3 98
3 142
3 173
3 67
3 149
3 24
3 153
3 125
4 128
4 67
4 4
4 97
4 161
4 103
4 12
4 173
4 176
4 178
4 107
4 88
4 90
4 123
5 68
5 5
5 6
5 7
5 73
5 11
5 12
5 84
5 89
5 116
5 154
5 38
5 125
5 37
6 6
6 7
6 11
6 125
6 29
6 80
6 83
6 22
6 56
6 154
6 124
6 157
7 35
7 68
7 7
7 73
7 11
7 12
7 15
7 17
7 116
7 89
7 84
7 154
8 96
8 39
8 8
8 10
8 119
8 44
8 168
8 54
8 55
8 121
8 26
8 106
9 160
9 179
9 41
9 13
9 46
9 16
9 51
9 52
9 53
9 9
9 152
9 57
9 58
9 59
9 60
10 96
10 132
10 165
10 104
10 10
10 55
10 25
10 54
10 119
10 121
10 26
10 93
11 35
11 137
11 11
11 110
11 80
11 20
11 56
11 89
11 154
11 124
11 157
12 97
12 98
12 67
12 73
12 103
12 12
12 178
12 172
12 84
12 24
12 68
12 36
13 16
13 45
13 99
13 101
13 39
13 13
13 46
13 175
13 48
13 51
13 53
13 152
13 179
13 59
13 58
14 96
14 32
14 34
14 121
14 136
14 169
14 44
14 14
14 50
14 19
14 52
14 153
14 57
14 60
14 126
15 162
15 35
15 36
15 37
15 38
15 105
15 42
15 139
15 15
15 49
15 148
15 17
15 39
15 27
15 29
15 30
16 164
16 41
16 45
16 46
16 16
16 51
16 52
16 149
16 150
16 152
16 95
16 53
17 35
17 101
17 134
17 17
17 105
17 42
17 49
17 147
17 116
17 148
17 27
17 29
17 30
18 160
18 65
18 163
18 69
18 72
18 64
18 138
18 61
18 18
18 85
18 22
18 87
18 59
18 156
18 170
18 21
19 161
19 100
19 102
19 135
19 40
19 50
19 145
19 146
19 19
19 126
19 25
19 88
19 132
19 122
19 28
19 120
20 144
20 167
20 168
20 137
20 47
20 80
20 82
20 115
20 148
20 56
20 20
20 79
20 124
20 157
21 160
21 65
21 99
21 72
21 64
21 138
21 61
21 78
21 79
21 81
21 163
21 85
21 87
21 58
21 156
21 170
21 21
22 160
22 65
22 101
22 71
22 138
22 86
22 157
22 80
22 83
22 85
22 22
22 154
22 70
22 125
22 62
23 137
23 151
23 108
23 109
23 110
23 143
23 112
23 114
23 23
23 159
23 158
23 31
24 128
24 97
24 98
24 132
24 103
24 107
24 173
24 142
24 176
24 178
24 67
24 24
24 36
24 123
25 129
25 102
25 40
25 43
25 50
25 145
25 146
25 153
25 25
25 26
25 28
25 104
26 91
26 103
26 104
26 28
26 43
26 173
26 107
26 40
26 54
26 57
26 26
26 123
26 92
26 55
27 96
27 161
27 36
27 37
27 38
27 49
27 105
27 42
27 139
27 147
27 116
27 148
27 27
27 29
27 30
28 128
28 161
28 139
28 40
28 169
28 43
28 76
28 49
28 50
28 28
28 30
29 80
29 162
29 35
29 101
29 39
29 168
29 105
29 42
29 45
29 116
29 55
29 152
29 148
29 154
29 38
29 29
29 37
30 161
30 43
30 49
30 40
30 42
30 139
30 114
30 147
30 116
30 30
31 33
31 134
31 31
31 105
31 172
31 126
31 112
31 108
31 114
31 147
31 116
31 117
31 118
31 155
31 158
31 159
32 32
32 34
32 163
32 41
32 179
32 52
32 57
32 153
32 58
32 59
32 60
33 33
33 100
33 134
33 105
33 172
33 147
33 84
33 118
33 151
33 116
33 155
33 126
34 64
34 34
34 169
34 170
34 44
34 146
34 52
34 57
34 41
34 153
34 121
34 60
35 162
35 35
35 36
35 37
35 38
35 42
35 39
35 56
36 36
36 37
36 38
36 39
36 40
36 43
36 162
36 110
36 178
36 67
36 139
37 162
37 38
37 39
37 43
37 98
37 139
37 37
38 162
38 38
38 39
38 106
38 43
38 139
39 51
39 162
39 39
39 45
39 115
39 54
40 171
40 161
40 40
40 139
40 176
40 43
40 90
41 104
41 41
41 87
41 179
41 52
41 53
41 153
41 57
41 58
41 59
41 60
42 97
42 147
42 134
42 49
42 161
42 42
42 139
42 172
42 67
42 116
42 105
43 128
43 161
43 75
43 139
43 140
43 141
43 43
43 63
44 96
44 139
44 44
44 75
44 108
44 109
44 111
44 112
44 114
44 117
44 55
44 121
45 144
45 162
45 101
45 138
45 71
45 45
45 46
45 79
45 157
45 51
45 148
45 53
45 152
46 164
46 74
46 46
46 51
46 52
46 149
46 152
46 59
46 53
47 144
47 48
47 162
47 167
47 168
47 106
47 47
47 80
47 82
47 115
47 119
48 79
48 144
48 99
48 113
48 167
48 104
48 74
48 174
48 78
48 175
48 48
48 81
48 82
48 115
48 53
48 152
48 168
48 95
49 161
49 100
49 49
49 139
49 172
49 77
49 114
49 147
49 116
49 94
49 118
49 103
50 100
50 166
50 102
50 135
50 136
50 50
50 145
50 146
50 120
50 122
50 126
51 162
51 59
51 101
51 70
51 125
51 78
51 51
51 152
51 179
51 79
51 58
51 62
51 53
52 64
52 72
52 57
52 179
52 52
52 150
52 180
52 58
52 127
52 60
52 61
52 149
53 98
53 101
53 79
53 53
53 152
54 96
54 167
54 168
54 106
54 174
54 144
54 54
54 55
54 121
54 119
55 96
55 167
55 106
55 55
55 144
55 168
55 119
55 121
56 137
56 110
56 80
56 56
56 89
56 154
56 157
57 129
57 163
57 113
57 179
57 57
57 153
57 59
57 60
57 58
58 179
58 74
58 86
58 58
58 59
58 60
58 69
59 160
59 179
59 85
59 86
59 59
59 60
60 113
60 179
60 60
61 64
61 163
61 133
61 72
61 170
61 87
61 61
61 85
61 127
62 160
62 101
62 70
62 71
62 83
62 87
62 154
62 86
62 62
62 69
63 66
63 75
63 140
63 171
63 76
63 141
63 143
63 180
63 151
63 94
63 63
64 64
64 163
64 72
64 170
64 87
64 85
64 127
65 160
65 65
65 69
65 72
65 138
65 87
65 152
65 156
65 85
66 161
66 66
66 166
66 140
66 141
66 77
66 143
66 151
66 88
66 89
66 90
66 91
66 92
66 94
67 68
67 97
67 98
67 103
67 73
67 107
67 173
67 178
67 67
67 84
67 123
68 97
68 98
68 68
68 70
68 73
68 178
68 116
68 84
69 160
69 69
69 86
69 87
69 71
69 70
69 138
70 160
70 70
70 71
70 83
70 84
70 87
70 154
70 86
71 160
71 83
71 71
71 154
71 87
71 86
72 163
72 164
72 72
72 170
72 177
72 87
72 127
73 97
73 73
73 178
73 84
73 116
73 154
73 125
74 99
74 133
74 102
74 113
74 104
74 74
74 78
74 79
74 81
74 163
74 156
74 95
75 161
75 169
75 171
75 75
75 108
75 141
75 143
75 76
75 114
75 180
75 117
75 111
75 140
76 171
76 100
76 169
76 76
76 141
76 111
76 140
76 180
76 117
76 143
77 158
77 151
77 89
77 90
77 94
77 140
77 77
77 110
77 143
78 80
78 99
78 78
78 79
78 81
78 82
78 157
78 175
78 156
78 138
78 85
79 80
79 99
79 138
79 157
79 79
79 81
79 82
79 115
79 175
79 156
79 85
80 137
80 80
80 157
80 148
80 124
81 99
81 113
81 133
81 177
81 81
81 163
81 179
81 127
81 156
81 95
82 144
82 155
82 167
82 168
82 82
82 115
82 119
82 157
83 160
83 130
83 138
83 86
83 175
83 83
83 154
83 124
83 125
83 101
84 98
84 84
84 97
84 154
85 99
85 138
85 160
85 157
85 163
85 170
85 87
85 156
85 85
86 160
86 138
86 87
86 155
86 86
87 130
87 138
87 160
87 179
87 87
88 131
88 165
88 166
88 177
88 88
88 90
88 91
88 92
88 93
88 94
89 110
89 89
89 90
89 172
89 94
90 166
90 90
90 91
90 92
90 94
90 100
91 165
91 166
91 140
91 141
91 150
91 91
91 92
91 94
92 165
92 166
92 140
92 141
92 93
92 150
92 92
92 94
93 131
93 164
93 133
93 166
93 177
93 149
93 150
93 93
93 165
94 140
94 141
94 110
94 151
94 143
94 94
95 99
95 102
95 129
95 145
95 174
95 113
95 179
95 104
95 95
96 96
96 119
96 109
96 121
96 153
96 106
97 97
97 98
97 103
97 107
97 173
97 178
97 123
98 98
98 134
98 103
98 107
98 162
98 173
98 153
99 99
99 156
99 157
100 100
100 161
100 136
100 135
100 172
100 118
100 120
100 122
100 126
101 115
101 164
101 101
101 177
101 105
101 116
101 152
101 148
101 155
101 124
102 131
102 102
102 145
102 104
102 146
102 113
102 149
103 128
103 103
103 161
103 107
103 173
103 176
103 178
103 132
103 123
104 129
104 130
104 113
104 104
104 174
104 145
104 153
105 134
105 105
105 147
105 116
105 106
105 148
106 144
106 167
106 168
106 106
106 119
106 108
106 109
106 112
106 114
106 115
107 128
107 107
107 173
107 142
107 176
107 178
107 123
107 132
108 108
108 109
108 111
108 112
108 114
108 117
108 159
108 158
109 134
109 168
109 109
109 111
109 112
109 114
109 117
109 158
109 159
110 134
110 137
110 110
110 112
110 147
110 153
110 158
110 151
110 159
111 161
111 171
111 111
111 112
111 114
111 117
111 169
111 143
112 137
112 151
112 112
112 114
112 117
112 159
112 158
113 163
113 133
113 113
113 145
113 146
113 127
114 158
114 114
114 172
114 121
114 117
114 169
114 159
115 144
115 168
115 167
115 174
115 115
115 119
116 155
116 134
116 172
116 147
116 116
116 118
116 148
117 171
117 169
117 142
117 117
117 121
118 134
118 172
118 147
118 118
118 151
118 120
118 155
118 126
119 162
119 167
119 119
119 144
119 168
120 133
120 166
120 135
120 136
120 146
120 120
120 122
120 126
120 127
121 139
121 153
121 121
122 136
122 145
122 135
122 180
122 122
122 146
122 126
123 128
123 173
123 142
123 176
123 178
123 123
123 132
123 126
124 129
124 130
124 167
124 174
124 175
124 124
124 125
125 129
125 130
125 125
125 175
125 154
126 135
126 136
126 172
126 180
126 126
127 163
127 133
127 170
127 135
127 136
127 127
128 128
128 131
128 173
128 142
128 176
128 132
129 129
129 130
129 174
129 175
129 145
130 160
130 130
130 164
130 142
130 175
130 174
131 131
131 132
131 165
131 177
131 176
131 145
131 164
131 166
132 132
132 173
132 142
132 176
132 177
133 136
133 163
133 170
133 133
134 134
134 172
134 147
134 148
134 155
135 136
135 142
135 135
135 146
136 136
136 170
136 146
137 137
137 153
137 151
137 158
137 159
138 160
138 138
138 156
138 157
139 161
139 139
139 151
140 169
140 140
140 141
140 171
140 151
140 143
141 171
141 169
141 141
141 143
141 180
141 151
142 173
142 142
142 176
143 161
143 171
143 158
143 169
143 143
143 151
143 159
144 144
144 167
144 168
144 174
145 145
145 146
145 150
146 146
147 161
147 172
147 147
147 148
148 148
148 152
149 165
149 171
149 149
149 150
149 180
149 166
150 164
150 165
150 166
150 171
150 150
150 180
151 172
151 158
151 151
151 159
152 160
152 164
152 152
152 156
153 174
153 153
154 162
154 154
155 164
155 172
155 177
155 155
156 157
156 156
157 157
158 159
158 158
159 159
160 160
161 161
161 172
162 167
162 162
163 163
163 170
164 164
164 177
164 165
165 165
165 166
165 177
166 166
166 177
167 167
167 168
167 174
167 175
168 174
168 168
169 171
169 180
169 169
170 170
171 171
171 180
172 172
173 173
173 176
173 178
174 174
174 175
175 175
176 176
177 177
178 178
179 179
180 180
