1 128
1 1
1 107
1 4
1 16
1 97
1 103
1 173
1 176
1 52
1 132
1 90
1 123
2 32
2 2
2 137
2 77
2 110
2 47
2 112
2 82
2 20
2 23
2 143
2 158
2 159
3 129
3 130
3 3
3 149
3 35
3 24
3 175
3 124
3 178
3 142
3 125
4 128
4 67
4 132
4 97
4 107
4 173
4 176
4 123
4 180
4 118
4 4
4 103
5 34
5 68
5 5
5 6
5 7
5 73
5 11
5 12
5 84
5 22
5 89
5 154
5 62
6 80
6 22
6 83
6 180
6 6
6 7
6 56
6 154
6 11
6 157
7 180
7 68
7 7
7 73
7 11
7 12
7 84
7 22
7 56
7 89
7 154
7 62
8 96
8 144
8 54
8 168
8 10
8 109
8 16
8 8
8 118
8 55
8 26
8 106
9 179
9 9
9 13
9 143
9 16
9 17
9 151
9 88
9 152
9 32
9 166
9 41
9 42
9 108
9 45
9 46
9 51
9 52
9 53
9 57
9 58
9 59
9 60
10 96
10 168
10 10
10 144
10 54
10 55
10 41
10 26
10 119
10 106
11 11
11 110
11 79
11 80
11 52
11 89
11 56
11 20
11 157
12 97
12 98
12 67
12 68
12 73
12 103
12 12
12 34
12 178
12 84
12 24
13 51
13 148
13 101
13 13
13 46
13 45
13 16
13 17
13 179
13 180
13 53
13 152
13 52
13 90
13 60
14 160
14 32
14 34
14 163
14 69
14 70
14 71
14 72
14 41
14 44
14 14
14 19
14 52
14 117
14 86
14 87
14 153
14 121
14 28
14 169
14 63
15 161
15 162
15 35
15 36
15 37
15 38
15 39
15 42
15 43
15 15
15 49
15 50
15 139
15 27
15 29
15 30
15 31
16 148
16 101
16 106
16 110
16 46
16 45
16 16
16 180
16 149
16 55
16 152
16 52
17 51
17 131
17 49
17 105
17 42
17 45
17 17
17 147
17 116
17 53
17 152
17 148
17 29
18 64
18 33
18 163
18 72
18 138
18 160
18 61
18 81
18 18
18 85
18 87
18 127
18 156
18 170
18 21
19 161
19 100
19 102
19 145
19 40
19 50
19 104
19 146
19 19
19 25
19 122
19 28
19 30
19 31
20 167
20 168
20 137
20 110
20 79
20 80
20 115
20 20
20 78
20 23
20 56
20 52
20 47
20 157
21 160
21 65
21 99
21 69
21 33
21 72
21 64
21 138
21 61
21 81
21 163
21 85
21 22
21 87
21 127
21 156
21 170
21 21
22 65
22 34
22 69
22 138
22 71
22 86
22 80
22 83
22 22
22 154
22 70
22 62
23 158
23 137
23 23
23 109
23 110
23 143
23 112
23 82
23 41
23 151
23 94
23 159
24 128
24 97
24 34
24 68
24 103
24 107
24 173
24 142
24 176
24 178
24 67
24 24
24 132
24 123
24 125
25 129
25 34
25 102
25 40
25 174
25 145
25 146
25 25
25 26
25 28
25 104
25 95
26 104
26 40
26 149
26 54
26 55
26 167
26 26
26 174
27 161
27 100
27 39
27 177
27 42
27 139
27 49
27 50
27 147
27 27
27 29
27 30
28 161
28 36
28 40
28 139
28 50
28 145
28 146
28 104
28 28
28 30
29 49
29 105
29 42
29 39
29 45
29 147
29 116
29 121
29 29
30 161
30 162
30 35
30 36
30 37
30 38
30 31
30 43
30 50
30 139
30 164
30 30
30 100
31 32
31 33
31 131
31 164
31 165
31 102
31 39
31 177
31 146
31 118
31 88
31 155
31 93
31 31
32 32
32 41
32 57
32 34
32 179
32 180
32 53
32 137
32 153
32 52
32 90
32 60
32 94
33 160
33 131
33 54
33 134
33 78
33 79
33 144
33 155
33 156
33 96
33 33
33 99
33 164
33 168
33 172
33 174
33 47
33 177
33 115
33 118
33 126
34 128
34 65
34 67
34 68
34 145
34 73
34 138
34 81
34 83
34 84
34 85
34 153
34 154
34 97
34 34
34 180
34 103
34 40
34 41
34 175
34 176
34 113
34 178
34 52
34 117
34 121
34 57
34 123
34 124
34 125
34 62
35 162
35 35
35 36
35 37
35 38
35 39
35 171
35 43
35 59
36 162
36 36
36 37
36 38
36 40
36 43
36 139
36 150
37 139
37 162
37 37
37 38
37 39
37 171
37 43
38 162
38 38
38 39
38 139
38 43
38 171
38 164
39 58
39 162
39 39
39 169
39 42
39 43
39 76
39 63
39 177
39 75
39 179
39 59
39 49
40 129
40 40
40 43
40 145
40 146
40 104
41 131
41 82
41 153
41 91
41 92
41 158
41 159
41 180
41 41
41 179
41 52
41 53
41 57
41 58
41 59
41 60
42 59
42 147
42 49
42 42
42 45
42 93
42 51
42 116
42 53
42 152
42 58
43 162
43 43
43 139
43 150
44 96
44 45
44 134
44 169
44 55
44 108
44 109
44 111
44 114
44 117
44 119
44 121
44 44
44 63
45 45
45 101
45 49
45 140
45 46
45 111
45 51
45 116
45 53
45 141
45 105
45 152
45 148
45 88
46 112
46 148
46 101
46 105
46 109
46 46
46 51
46 180
46 53
46 152
46 52
46 94
46 149
47 144
47 115
47 167
47 168
47 106
47 82
47 110
47 47
48 99
48 113
48 168
48 74
48 167
48 174
48 79
48 48
48 81
48 115
48 180
48 78
48 175
48 124
48 95
49 51
49 49
49 93
49 147
49 116
50 161
50 100
50 139
50 50
50 150
50 164
50 122
51 179
51 141
51 51
51 53
51 152
51 57
51 58
51 59
51 60
52 180
52 167
52 80
52 57
52 56
52 52
52 60
52 149
53 134
53 114
53 116
53 53
53 152
53 143
54 96
54 167
54 106
54 119
54 144
54 168
54 115
54 54
54 55
55 96
55 144
55 167
55 106
55 119
55 109
55 168
55 55
56 137
56 77
56 110
56 79
56 80
56 89
56 56
56 157
57 179
57 109
57 180
57 57
57 153
57 58
57 59
57 60
58 162
58 155
58 165
58 179
58 153
58 58
58 59
58 60
58 93
59 162
59 177
59 179
59 59
59 60
60 179
60 119
60 143
60 180
60 153
60 60
61 64
61 160
61 163
61 87
61 72
61 170
61 127
61 61
61 149
62 65
62 70
62 73
62 138
62 71
62 83
62 87
62 154
62 86
62 62
62 69
63 75
63 108
63 171
63 76
63 141
63 117
63 150
63 169
63 121
63 111
63 63
64 64
64 160
64 163
64 87
64 72
64 170
64 127
64 149
65 65
65 85
65 154
65 87
65 156
65 138
65 69
66 66
66 101
66 166
66 137
66 77
66 110
66 94
66 88
66 89
66 90
66 91
66 92
66 158
67 128
67 97
67 67
67 103
67 73
67 107
67 98
67 173
67 176
67 178
67 84
67 68
67 123
68 97
68 68
68 73
68 103
68 98
68 178
68 84
69 160
69 69
69 70
69 71
69 138
69 83
69 87
69 154
69 86
70 98
70 70
70 71
70 83
70 84
70 87
70 154
70 86
71 160
71 98
71 71
71 138
71 83
71 87
71 154
71 86
72 160
72 163
72 87
72 72
72 170
72 127
73 73
73 178
73 83
73 84
73 154
73 124
73 125
74 99
74 81
74 74
74 78
74 79
74 113
74 115
74 180
74 156
74 157
74 95
75 171
75 108
75 75
75 76
75 141
75 111
75 140
75 117
75 150
75 169
76 171
76 169
76 76
76 141
76 111
76 140
76 149
76 150
76 117
77 137
77 110
77 77
77 94
77 118
77 89
77 90
77 91
77 92
77 158
78 99
78 80
78 78
78 79
78 81
78 85
78 157
78 156
78 138
79 99
79 80
79 79
79 81
79 85
79 157
79 156
79 138
80 99
80 110
80 80
80 157
81 99
81 113
81 145
81 81
81 163
81 127
81 156
81 85
81 95
82 112
82 82
82 137
82 106
82 108
82 109
82 110
82 144
82 114
82 115
82 158
82 159
83 138
83 86
83 130
83 175
83 83
83 154
83 124
83 125
84 97
84 98
84 178
84 84
85 160
85 163
85 138
85 157
85 99
85 156
85 170
85 85
86 160
86 98
86 138
86 87
86 154
86 86
87 138
87 160
87 87
87 154
88 131
88 164
88 165
88 166
88 177
88 155
88 151
88 88
88 90
88 91
88 92
88 93
89 110
89 118
89 89
89 90
89 94
90 131
90 166
90 148
90 90
90 91
90 92
90 94
91 131
91 165
91 166
91 151
91 140
91 143
91 141
91 105
91 91
91 92
91 93
91 94
92 131
92 165
92 166
92 140
92 93
92 141
92 152
92 151
92 92
92 143
92 94
93 131
93 164
93 165
93 166
93 177
93 155
93 150
93 93
94 101
94 166
94 158
94 137
94 151
94 140
94 141
94 110
94 143
94 94
94 159
95 129
95 99
95 102
95 145
95 174
95 175
95 113
95 146
95 149
95 104
95 95
96 96
96 118
96 119
96 109
96 144
96 114
96 179
96 121
97 128
97 97
97 103
97 98
97 173
97 176
97 178
97 107
97 123
98 98
98 103
98 149
98 153
99 99
99 113
99 157
99 156
99 138
100 161
100 100
100 133
100 135
100 136
100 171
100 147
100 126
100 120
100 122
101 101
101 134
101 105
101 172
101 116
101 118
101 152
101 148
102 161
102 102
102 145
102 104
102 135
102 113
102 146
102 136
102 122
103 128
103 107
103 173
103 176
103 178
103 123
103 103
103 132
104 129
104 130
104 145
104 174
104 175
104 104
104 146
104 149
105 134
105 105
105 172
105 143
105 147
105 148
105 152
105 116
106 144
106 112
106 167
106 119
106 114
106 109
106 168
106 115
106 106
107 128
107 107
107 173
107 142
107 176
107 178
107 123
107 118
107 132
108 144
108 114
108 143
108 169
108 108
108 141
108 159
108 109
108 112
108 117
108 111
108 158
109 144
109 119
109 114
109 109
109 112
109 153
109 111
109 158
109 159
110 137
110 110
110 158
110 159
111 171
111 140
111 169
111 141
111 114
111 117
111 121
111 111
112 144
112 168
112 112
112 114
112 158
112 159
113 113
113 145
113 146
113 163
113 127
114 144
114 114
114 118
114 159
114 158
114 117
115 167
115 168
115 144
115 115
116 131
116 134
116 172
116 147
116 116
116 152
116 148
117 171
117 169
117 162
117 117
117 121
118 155
118 134
118 172
118 173
118 148
118 118
118 120
118 123
118 133
118 126
119 168
119 119
119 144
119 121
120 133
120 135
120 136
120 170
120 172
120 150
120 120
120 122
120 126
120 127
121 169
121 147
121 121
122 163
122 133
122 135
122 136
122 146
122 122
122 155
122 127
123 128
123 173
123 142
123 176
123 178
123 123
123 132
124 129
124 167
124 130
124 174
124 175
124 124
124 125
125 129
125 130
125 174
125 175
125 178
125 142
125 125
126 133
126 134
126 135
126 136
126 171
126 172
126 147
126 126
127 163
127 133
127 170
127 135
127 136
127 127
127 149
128 128
128 173
128 142
128 176
128 132
129 129
129 130
129 174
129 175
129 149
130 130
130 149
130 174
130 142
130 175
131 131
131 164
131 165
131 166
131 177
131 155
131 147
132 180
132 132
132 173
132 176
133 133
133 135
133 136
133 170
133 172
133 150
134 134
134 172
134 147
134 148
135 163
135 135
135 136
135 170
135 177
136 163
136 136
136 170
136 177
137 137
137 158
137 159
138 160
138 156
138 138
138 154
139 161
139 162
139 139
139 171
140 171
140 166
140 169
140 140
140 141
140 158
140 151
140 143
140 159
141 151
141 171
141 166
141 141
141 158
141 169
141 143
142 149
142 176
142 142
142 173
143 151
143 158
143 143
143 159
144 144
144 168
145 145
145 146
146 146
147 148
147 172
147 147
148 172
148 152
148 148
149 149
149 150
149 163
149 164
149 169
149 170
149 171
149 180
150 165
150 169
150 171
150 150
150 164
151 166
151 151
151 158
151 159
152 152
153 179
153 153
154 154
155 164
155 165
155 161
155 177
155 179
155 155
156 157
156 156
157 180
157 157
158 158
158 159
159 159
160 160
160 170
161 161
162 162
162 164
163 170
163 163
164 164
164 165
164 177
164 166
165 165
165 166
165 177
166 166
166 177
166 172
167 167
167 168
167 174
167 175
168 168
169 171
169 169
170 170
171 171
172 172
173 173
173 176
173 178
174 174
174 175
175 175
176 176
177 177
178 178
179 179
180 180
