1 128
1 1
1 162
1 131
1 4
1 103
1 161
1 107
1 173
1 176
1 139
1 88
1 132
1 90
1 123
2 2
2 37
2 137
2 106
2 151
2 110
2 112
2 20
2 94
2 23
2 158
2 159
3 129
3 130
3 3
3 36
3 40
3 43
3 142
3 175
3 118
3 24
3 153
3 125
4 67
4 4
4 97
4 103
4 12
4 173
4 178
4 107
4 132
4 123
4 126
5 68
5 5
5 6
5 7
5 73
5 11
5 172
5 12
5 147
5 84
5 56
5 89
5 154
5 59
5 62
6 6
6 7
6 11
6 80
6 83
6 116
6 22
6 89
6 56
6 20
6 154
6 157
7 68
7 7
7 73
7 11
7 172
7 12
7 84
7 56
7 89
7 154
8 96
8 167
8 8
8 105
8 10
8 44
8 174
8 29
8 168
8 54
8 55
8 26
8 106
9 32
9 34
9 70
9 41
9 60
9 13
9 46
9 45
9 16
9 51
9 52
9 53
9 9
9 152
9 57
9 156
10 96
10 104
10 10
10 119
10 174
10 144
10 46
10 54
10 55
10 26
10 59
11 80
11 147
11 20
11 56
11 89
11 154
11 11
11 110
12 97
12 98
12 67
12 73
12 103
12 12
12 178
12 179
12 84
12 24
12 68
13 48
13 83
13 99
13 101
13 70
13 13
13 46
13 45
13 16
13 51
13 148
13 53
13 152
13 52
13 29
14 96
14 64
14 34
14 121
14 32
14 41
14 170
14 44
14 14
14 52
14 25
14 153
14 57
14 60
14 61
15 128
15 162
15 35
15 17
15 37
15 38
15 39
15 42
15 139
15 15
15 49
15 27
15 29
15 30
16 101
16 45
16 46
16 16
16 51
16 180
16 149
16 152
16 52
16 95
16 53
17 161
17 107
17 17
17 105
17 42
17 139
17 173
17 27
17 49
17 147
17 116
17 148
17 123
17 29
17 30
18 160
18 65
18 99
18 69
18 72
18 64
18 138
18 78
18 61
18 81
18 18
18 163
18 85
18 87
18 31
18 156
18 170
18 21
19 161
19 100
19 102
19 135
19 145
19 76
19 146
19 49
19 50
19 19
19 25
19 122
19 28
20 134
20 167
20 168
20 137
20 110
20 47
20 80
20 82
20 115
20 116
20 56
20 20
20 157
20 39
21 32
21 65
21 99
21 69
21 72
21 64
21 138
21 160
21 78
21 79
21 81
21 85
21 87
21 156
21 61
21 21
22 160
22 86
22 71
22 41
22 138
22 78
22 79
22 80
22 83
22 22
22 154
22 70
22 157
22 62
22 69
23 137
23 30
23 151
23 109
23 110
23 143
23 112
23 94
23 23
23 158
23 159
24 128
24 97
24 67
24 68
24 103
24 107
24 173
24 142
24 176
24 178
24 24
24 132
24 123
24 60
24 126
25 129
25 130
25 102
25 104
25 43
25 146
25 145
25 50
25 40
25 25
25 26
25 28
25 93
26 129
26 177
26 104
26 43
26 54
26 40
26 26
26 28
26 93
27 161
27 27
27 49
27 105
27 42
27 139
27 147
27 116
27 123
27 29
27 30
28 161
28 131
28 36
28 166
28 40
28 43
28 141
28 49
28 50
28 139
28 88
28 75
28 28
28 30
28 146
29 147
29 101
29 167
29 105
29 42
29 45
29 51
29 148
29 119
29 152
29 116
29 29
29 30
30 161
30 35
30 37
30 38
30 49
30 42
30 139
30 151
30 112
30 43
30 30
30 159
31 33
31 131
31 164
31 134
31 129
31 172
31 82
31 177
31 85
31 118
31 155
31 126
31 31
32 32
32 65
32 34
32 59
32 133
32 57
32 121
32 81
32 179
32 52
32 85
32 41
32 153
32 58
32 95
32 60
33 33
33 86
33 134
33 167
33 172
33 177
33 147
33 116
33 118
33 121
33 155
33 126
34 34
34 163
34 121
34 102
34 72
34 41
34 179
34 52
34 153
34 57
34 60
34 127
35 162
35 35
35 36
35 37
35 38
35 39
35 42
35 43
35 110
35 139
35 89
35 106
36 162
36 36
36 37
36 38
36 39
36 40
36 43
36 109
36 139
37 37
37 38
37 39
37 40
37 137
37 43
37 162
37 139
37 151
38 162
38 38
38 39
38 137
38 139
38 43
39 162
39 39
39 47
39 59
39 51
39 56
39 132
39 179
39 58
40 129
40 130
40 40
40 169
40 43
40 139
40 165
41 99
41 179
41 41
41 67
41 51
41 52
41 153
41 57
41 58
41 59
41 60
42 161
42 100
42 49
42 42
42 139
42 151
42 132
43 130
43 43
43 140
43 141
43 111
43 139
43 117
43 63
44 96
44 100
44 169
44 75
44 108
44 109
44 44
44 112
44 114
44 117
44 55
44 121
44 111
45 83
45 101
45 71
45 105
45 45
45 46
45 51
45 148
45 53
45 152
46 101
46 46
46 175
46 51
46 52
46 53
46 152
46 148
46 74
46 149
47 144
47 82
47 115
47 167
47 168
47 137
47 106
47 110
47 47
48 48
48 99
48 101
48 167
48 168
48 74
48 78
48 79
48 144
48 81
48 82
48 115
48 174
48 104
48 175
48 124
48 95
49 96
49 161
49 100
49 49
49 139
49 108
49 90
50 100
50 165
50 102
50 135
50 136
50 50
50 145
50 146
50 122
51 144
51 179
51 51
51 84
51 53
51 152
51 58
51 59
52 149
52 104
52 57
52 113
52 52
52 152
52 180
52 60
52 53
53 101
53 78
53 53
53 152
53 125
54 96
54 134
54 167
54 168
54 106
54 119
54 174
54 144
54 148
54 54
54 55
55 96
55 167
55 172
55 119
55 109
55 144
55 168
55 55
55 121
55 106
56 137
56 110
56 80
56 118
56 56
56 89
57 121
57 57
57 174
57 60
57 179
57 84
57 153
57 58
57 59
57 124
58 128
58 162
58 123
58 179
58 178
58 58
58 59
58 60
59 128
59 162
59 179
59 176
59 59
59 60
59 157
60 68
60 138
60 179
60 60
60 153
61 64
61 65
61 163
61 133
61 72
61 170
61 127
61 113
61 85
61 155
61 61
62 70
62 71
62 138
62 83
62 148
62 87
62 154
62 86
62 62
62 69
63 75
63 100
63 169
63 171
63 76
63 141
63 111
63 108
63 114
63 180
63 117
63 140
63 143
63 63
64 64
64 65
64 163
64 85
64 72
64 170
64 127
65 69
65 65
65 72
65 138
65 160
65 170
65 87
65 152
65 156
65 85
65 101
66 161
66 66
66 166
66 77
66 94
66 151
66 88
66 89
66 90
66 91
66 92
66 126
67 128
67 97
67 98
67 67
67 103
67 73
67 107
67 173
67 178
67 84
67 68
67 123
68 97
68 98
68 68
68 73
68 178
68 147
68 84
69 160
69 69
69 70
69 71
69 138
69 83
69 87
69 152
69 86
70 160
70 98
70 70
70 71
70 83
70 84
70 87
70 154
70 86
70 125
71 160
71 83
71 71
71 154
71 87
71 86
72 163
72 72
72 170
72 127
72 85
73 97
73 73
73 172
73 178
73 179
73 84
73 154
73 124
73 125
74 99
74 133
74 102
74 113
74 74
74 127
74 78
74 81
74 163
74 95
74 156
74 85
75 117
75 171
75 143
75 169
75 75
75 108
75 141
75 111
75 76
75 114
75 180
75 149
75 140
76 149
76 171
76 169
76 140
76 141
76 111
76 76
76 114
76 180
76 117
76 150
76 120
76 143
77 166
77 139
77 77
77 110
77 94
77 151
77 88
77 89
77 90
77 91
77 92
77 158
77 159
78 80
78 99
78 157
78 82
78 78
78 79
78 81
78 179
78 156
78 138
78 85
79 80
79 99
79 138
79 79
79 82
79 179
79 156
79 157
79 85
80 80
80 116
80 154
80 157
81 99
81 81
81 113
81 163
81 127
81 156
81 170
81 85
81 95
82 144
82 167
82 168
82 82
82 115
82 119
82 157
83 160
83 124
83 138
83 86
83 175
83 83
83 154
83 125
84 84
84 97
84 98
84 116
84 154
84 125
85 99
85 160
85 163
85 138
85 127
85 156
85 85
86 160
86 86
86 138
86 87
86 152
87 160
87 101
87 138
87 87
88 164
88 165
88 166
88 88
88 90
88 91
88 92
88 93
88 94
89 89
89 90
89 94
90 166
90 90
90 91
90 92
90 94
91 131
91 164
91 165
91 166
91 177
91 140
91 141
91 120
91 91
91 92
91 93
91 94
92 131
92 164
92 165
92 166
92 177
92 141
92 120
92 92
92 93
92 94
93 131
93 164
93 165
93 166
93 177
93 155
93 150
93 93
94 161
94 166
94 151
94 140
94 141
94 158
94 143
94 94
94 159
95 99
95 102
95 145
95 174
95 175
95 113
95 144
95 104
95 95
96 96
96 119
96 109
96 114
96 117
96 121
97 128
97 97
97 98
97 103
97 107
97 173
97 176
97 178
97 179
97 123
98 98
98 103
98 107
98 172
98 173
98 153
99 99
99 157
99 156
99 138
100 161
100 100
100 135
100 136
100 172
100 146
100 118
100 120
100 122
100 126
101 160
101 101
101 134
101 105
101 147
101 148
101 152
101 116
102 136
102 102
102 113
102 104
102 145
102 146
102 122
103 123
103 128
103 107
103 173
103 176
103 178
103 179
103 132
103 103
104 129
104 130
104 104
104 174
104 175
104 145
104 146
105 134
105 105
105 172
105 147
105 148
105 152
105 116
106 144
106 167
106 172
106 106
106 119
106 108
106 109
106 112
106 168
106 114
106 115
107 128
107 107
107 173
107 142
107 176
107 178
107 123
107 132
108 161
108 108
108 109
108 111
108 112
108 114
108 117
108 159
108 158
109 139
109 109
109 111
109 112
109 114
109 117
109 119
109 158
109 159
110 137
110 110
110 112
110 151
110 158
110 159
111 169
111 171
111 111
111 114
111 117
111 121
112 168
112 137
112 151
112 112
112 114
112 158
112 159
113 163
113 133
113 113
113 145
113 170
113 146
113 155
113 127
114 161
114 114
114 117
114 169
114 158
115 144
115 167
115 168
115 115
115 119
115 148
115 157
116 148
116 172
116 147
116 118
116 134
116 116
117 169
117 117
117 121
118 134
118 172
118 120
118 147
118 118
118 155
118 126
119 168
119 119
119 144
119 155
120 133
120 166
120 135
120 136
120 172
120 169
120 120
120 121
120 122
120 126
120 127
121 136
121 121
121 153
122 135
122 136
122 169
122 146
122 145
122 122
122 126
123 128
123 132
123 173
123 142
123 178
123 123
123 176
124 129
124 130
124 167
124 174
124 175
124 154
124 124
124 125
125 129
125 130
125 174
125 142
125 175
125 125
126 134
126 135
126 136
126 172
126 143
126 126
127 163
127 133
127 135
127 170
127 136
127 127
128 128
128 132
128 173
128 142
128 176
129 129
129 130
129 145
129 174
129 175
129 180
129 142
130 130
130 142
130 175
130 149
131 131
131 132
131 165
131 166
131 176
131 177
131 155
131 164
132 173
132 176
132 155
132 132
133 163
133 133
133 136
133 170
133 135
134 148
134 134
134 167
134 168
134 172
134 147
134 154
135 135
135 136
135 169
135 171
135 146
136 136
136 170
136 146
137 137
137 151
137 158
137 159
138 160
138 156
138 138
138 157
139 161
139 139
139 158
140 169
140 140
140 141
140 158
140 143
140 171
140 150
141 166
141 169
141 171
141 141
141 143
141 158
141 150
142 172
142 142
142 176
142 149
143 171
143 158
143 143
143 151
143 153
143 159
144 144
144 167
144 168
144 174
145 145
145 146
145 180
145 150
146 165
146 146
147 172
147 147
147 148
148 172
148 157
148 152
148 148
149 169
149 171
149 150
149 180
149 149
150 164
150 165
150 169
150 171
150 180
150 150
151 158
151 151
151 159
152 152
153 164
153 153
154 154
155 165
155 177
155 163
155 164
155 155
156 157
156 156
157 157
158 158
158 159
159 159
160 160
161 161
162 179
162 162
163 163
163 170
164 164
164 165
164 166
164 177
165 165
165 166
165 177
166 166
166 177
167 167
167 174
167 168
168 168
169 171
169 180
169 169
170 170
171 171
171 180
172 172
173 173
173 176
173 178
174 174
174 175
175 175
176 176
177 177
178 178
179 179
180 180
