1 128
1 1
1 131
1 132
1 107
1 176
1 4
1 42
1 123
1 90
1 173
2 2
2 134
2 137
2 106
2 151
2 110
2 112
2 20
2 94
2 23
2 158
2 159
3 128
3 130
3 3
3 103
3 169
3 107
3 173
3 142
3 176
3 24
3 153
3 123
4 128
4 35
4 4
4 38
4 103
4 107
4 12
4 173
4 15
4 27
4 17
4 178
4 89
4 132
4 123
5 178
5 51
5 68
5 5
5 6
5 7
5 84
5 154
5 11
5 12
5 73
6 6
6 7
6 11
6 79
6 80
6 51
6 22
6 56
6 154
6 124
6 157
7 68
7 7
7 73
7 11
7 12
7 51
7 84
7 22
7 56
7 154
8 96
8 162
8 167
8 8
8 10
8 119
8 144
8 168
8 54
8 55
8 26
8 106
9 32
9 34
9 67
9 179
9 41
9 13
9 46
9 79
9 16
9 51
9 52
9 53
9 9
9 152
9 57
9 58
9 59
9 60
10 96
10 164
10 168
10 10
10 55
10 13
10 144
10 51
10 54
10 119
10 26
10 106
11 162
11 11
11 110
11 79
11 80
11 20
11 56
11 89
11 157
12 97
12 98
12 67
12 73
12 103
12 12
12 173
12 178
12 179
12 84
12 24
12 68
13 51
13 162
13 35
13 101
13 39
13 45
13 46
13 13
13 16
13 179
13 53
13 152
13 58
13 59
13 29
14 96
14 129
14 34
14 163
14 69
14 32
14 169
14 87
14 44
14 14
14 145
14 52
14 57
14 86
14 25
14 121
14 60
14 127
15 162
15 35
15 36
15 37
15 38
15 39
15 105
15 42
15 139
15 15
15 17
15 132
15 27
15 29
15 30
16 83
16 164
16 179
16 46
16 174
16 45
16 16
16 51
16 52
16 149
16 150
16 152
17 161
17 134
17 17
17 105
17 42
17 139
17 172
17 49
17 147
17 116
17 148
17 27
17 29
17 30
18 160
18 65
18 163
18 69
18 71
18 72
18 64
18 138
18 86
18 61
18 18
18 83
18 52
18 85
18 22
18 87
18 156
18 170
18 21
19 161
19 100
19 102
19 145
19 40
19 76
19 50
19 49
19 146
19 19
19 121
19 88
19 25
19 122
19 28
20 144
20 167
20 168
20 137
20 110
20 47
20 80
20 82
20 115
20 148
20 56
20 20
20 157
21 160
21 65
21 163
21 69
21 72
21 64
21 138
21 61
21 81
21 99
21 52
21 85
21 22
21 87
21 127
21 156
21 170
21 21
22 160
22 65
22 138
22 78
22 79
22 83
22 22
22 154
22 60
22 157
22 62
22 85
23 158
23 137
23 139
23 108
23 109
23 110
23 143
23 112
23 94
23 23
23 153
23 159
23 151
23 30
23 63
24 128
24 97
24 98
24 68
24 103
24 107
24 173
24 142
24 176
24 178
24 67
24 53
24 24
24 132
24 123
24 60
25 129
25 102
25 145
25 40
25 43
25 50
25 104
25 146
25 25
25 26
25 28
26 166
26 104
26 43
26 174
26 40
26 54
26 88
26 26
26 28
27 161
27 148
27 37
27 38
27 49
27 105
27 42
27 139
27 110
27 147
27 116
27 134
27 36
27 27
27 29
27 30
28 161
28 139
28 40
28 42
28 43
28 143
28 49
28 28
28 30
29 123
29 45
29 35
29 101
29 38
29 39
29 168
29 105
29 51
29 116
29 119
29 56
29 148
29 152
29 29
29 37
30 161
30 139
30 49
30 40
30 42
30 43
30 77
30 112
30 147
30 30
30 159
31 33
31 147
31 134
31 118
31 177
31 105
31 155
31 172
31 109
31 126
31 31
32 57
32 65
32 34
32 121
32 68
32 179
32 32
32 41
32 138
32 175
32 81
32 83
32 52
32 53
32 153
32 58
32 59
32 60
32 95
33 33
33 98
33 134
33 97
33 44
33 172
33 178
33 114
33 147
33 116
33 118
33 120
33 155
33 126
34 34
34 70
34 102
34 71
34 41
34 179
34 52
34 57
34 153
34 121
34 60
35 51
35 162
35 35
35 37
35 38
35 39
35 36
36 162
36 36
36 37
36 38
36 39
36 40
36 106
36 43
36 139
37 162
37 37
37 38
37 39
37 43
37 139
37 119
38 162
38 38
38 39
38 139
38 55
39 128
39 176
39 162
39 39
39 167
39 45
39 80
39 115
39 54
39 51
40 161
40 43
40 40
40 139
40 143
40 49
40 121
40 111
40 90
41 99
41 179
41 103
41 41
41 51
41 52
41 53
41 73
41 153
41 57
41 58
41 59
41 60
42 161
42 42
42 139
42 172
42 112
42 49
42 147
42 116
42 158
43 161
43 43
43 139
43 49
43 114
43 63
44 96
44 100
44 169
44 75
44 108
44 109
44 142
44 111
44 114
44 121
44 44
44 117
45 67
45 101
45 105
45 45
45 46
45 51
45 148
45 152
46 164
46 101
46 46
46 51
46 84
46 53
46 152
46 52
46 59
46 124
46 149
47 48
47 167
47 168
47 137
47 106
47 47
47 144
47 82
47 115
47 148
47 119
48 48
48 99
48 167
48 74
48 78
48 175
48 144
48 59
48 82
48 115
48 174
48 79
48 124
48 95
49 161
49 139
49 100
49 49
49 108
49 172
49 147
50 130
50 100
50 102
50 135
50 136
50 169
50 146
50 145
50 50
50 120
50 122
51 144
51 152
51 162
51 101
51 103
51 178
51 51
51 53
51 58
51 59
52 160
52 133
52 149
52 95
52 179
52 52
52 53
52 57
52 58
52 60
52 125
52 62
52 85
53 57
53 53
53 153
53 60
53 157
54 96
54 162
54 168
54 106
54 167
54 144
54 115
54 54
54 119
54 55
55 96
55 167
55 168
55 55
55 109
55 144
55 119
55 106
56 157
56 80
56 56
56 137
56 110
56 89
57 65
57 67
57 74
57 179
57 153
57 57
57 58
57 59
57 60
58 179
58 78
58 79
58 58
58 59
58 60
59 162
59 179
59 107
59 173
59 178
59 59
59 60
60 97
60 67
60 60
60 124
60 179
60 156
60 153
61 64
61 163
61 69
61 136
61 170
61 177
61 149
61 87
61 72
61 127
61 61
62 160
62 65
62 69
62 70
62 71
62 138
62 83
62 87
62 84
62 154
62 86
62 62
63 112
63 143
63 158
63 151
63 140
63 159
63 141
63 94
63 63
64 64
64 163
64 69
64 72
64 170
64 177
64 87
64 121
64 127
65 65
65 138
65 160
65 83
65 156
65 85
66 66
66 166
66 77
66 110
66 94
66 118
66 151
66 88
66 89
66 90
66 91
66 92
66 158
67 97
67 98
67 67
67 68
67 103
67 107
67 173
67 178
67 84
67 73
67 123
68 97
68 98
68 68
68 70
68 73
68 178
68 84
68 154
69 160
69 130
69 69
69 70
69 71
69 72
69 83
69 86
69 87
70 160
70 70
70 71
70 98
70 83
70 84
70 86
70 87
70 125
71 160
71 98
71 71
71 138
71 83
71 84
71 86
71 87
71 130
72 149
72 163
72 87
72 72
72 170
72 127
73 97
73 73
73 178
73 179
73 84
73 154
73 125
73 101
74 99
74 133
74 102
74 113
74 74
74 78
74 79
74 81
74 174
74 95
74 156
74 85
75 171
75 100
75 143
75 169
75 75
75 108
75 141
75 111
75 76
75 114
75 180
75 117
75 140
76 171
76 169
76 76
76 141
76 143
76 114
76 180
76 117
76 150
76 111
76 140
76 149
77 137
77 172
77 77
77 110
77 94
77 151
77 89
77 90
77 158
77 159
78 80
78 99
78 124
78 157
78 78
78 79
78 81
78 85
78 156
78 138
79 80
79 99
79 124
79 79
79 81
79 157
79 85
79 156
79 138
80 80
80 82
80 99
80 157
81 99
81 133
81 113
81 127
81 174
81 175
81 81
81 163
81 156
81 85
81 95
82 162
82 167
82 168
82 144
82 82
82 115
82 119
82 157
83 138
83 160
83 86
83 175
83 83
83 85
83 154
83 124
83 125
84 97
84 98
84 84
84 154
84 125
85 160
85 99
85 163
85 113
85 127
85 156
85 138
85 85
86 160
86 130
86 138
86 86
86 87
87 160
87 130
87 170
87 87
88 131
88 165
88 166
88 141
88 93
88 177
88 88
88 90
88 91
88 92
88 94
89 139
89 110
89 89
89 137
89 90
89 94
90 131
90 166
90 143
90 90
90 91
90 92
90 94
91 131
91 165
91 166
91 140
91 141
91 143
91 177
91 94
91 91
91 92
91 93
91 126
92 131
92 165
92 166
92 140
92 141
92 143
92 177
92 94
92 92
92 93
92 126
93 130
93 164
93 165
93 166
93 170
93 177
93 149
93 150
93 93
94 137
94 151
94 159
94 110
94 158
94 118
94 94
95 99
95 102
95 104
95 145
95 174
95 175
95 113
95 95
96 96
96 161
96 119
96 109
96 114
96 117
96 121
97 128
97 98
97 97
97 103
97 173
97 176
97 178
97 107
97 123
98 98
98 153
98 103
99 99
99 157
99 124
99 156
99 138
100 161
100 100
100 135
100 136
100 172
100 146
100 140
100 141
100 118
100 120
100 122
100 111
100 126
101 164
101 101
101 105
101 116
101 152
101 148
101 155
102 165
102 102
102 145
102 104
102 113
102 146
102 150
103 103
103 128
103 107
103 173
103 142
103 176
103 178
103 105
103 132
103 123
104 129
104 113
104 104
104 177
104 174
104 175
104 145
104 146
105 134
105 105
105 147
105 116
105 148
106 144
106 167
106 168
106 119
106 108
106 109
106 112
106 114
106 115
106 116
106 106
107 123
107 128
107 107
107 173
107 142
107 176
107 178
107 132
108 161
108 108
108 109
108 111
108 112
108 114
108 117
108 158
108 159
109 159
109 172
109 109
109 111
109 112
109 114
109 117
109 119
109 158
110 137
110 110
110 147
110 158
110 151
110 159
111 171
111 169
111 140
111 141
111 114
111 180
111 117
111 121
111 111
112 168
112 137
112 151
112 158
112 112
112 114
112 117
112 159
113 163
113 133
113 113
113 145
113 177
113 127
113 156
114 161
114 114
114 117
114 169
114 121
114 143
115 144
115 168
115 167
115 115
115 119
115 155
115 157
116 128
116 155
116 134
116 172
116 147
116 116
116 118
116 148
117 171
117 169
117 142
117 117
117 121
118 128
118 134
118 135
118 172
118 147
118 126
118 118
118 151
118 120
118 155
119 119
119 144
119 168
120 133
120 135
120 136
120 170
120 180
120 120
120 121
120 122
120 126
120 127
121 170
121 169
121 121
121 153
122 135
122 136
122 169
122 171
122 146
122 145
122 122
122 126
122 127
123 123
123 134
123 128
123 173
123 142
123 176
123 178
123 132
124 129
124 130
124 124
124 174
124 175
124 125
125 160
125 129
125 130
125 174
125 175
125 125
126 133
126 135
126 136
126 171
126 172
126 126
127 163
127 133
127 170
127 135
127 136
127 127
128 128
128 132
128 173
128 142
128 176
128 178
129 129
129 130
129 174
129 175
129 145
129 146
129 150
130 130
130 175
131 131
131 132
131 165
131 166
131 177
131 135
132 173
132 142
132 176
132 132
133 163
133 133
133 136
133 156
133 170
134 155
134 134
134 161
134 172
134 147
134 148
135 135
135 136
135 169
135 170
135 146
136 136
136 170
136 146
136 180
137 137
137 151
137 147
137 158
137 159
138 138
138 160
138 154
138 156
138 157
139 161
139 139
140 171
140 166
140 169
140 140
140 141
140 180
140 151
140 143
141 171
141 166
141 169
141 141
141 180
141 151
141 143
142 169
142 173
142 142
142 176
142 172
143 151
143 171
143 143
143 159
143 158
144 144
144 167
144 174
144 168
145 145
145 146
146 146
146 180
147 172
147 176
147 147
147 148
148 148
148 168
148 178
148 152
149 164
149 169
149 171
149 180
149 149
149 150
150 164
150 165
150 169
150 170
150 171
150 180
150 150
151 151
151 158
151 159
152 164
152 152
152 154
153 153
154 179
154 154
155 177
155 164
155 155
155 172
156 156
156 157
157 157
158 158
158 159
159 159
160 160
161 161
161 172
162 162
163 163
163 170
164 164
164 165
164 177
165 177
165 166
165 165
166 166
166 177
167 167
167 174
167 168
168 168
169 171
169 180
169 169
170 170
171 171
171 180
172 172
172 176
173 173
173 176
173 178
174 174
174 175
175 175
176 176
176 178
177 177
178 178
179 179
180 180
