1 123
1 1
1 162
1 131
1 4
1 128
1 132
1 173
1 176
1 107
1 139
1 89
1 27
2 2
2 137
2 109
2 110
2 77
2 112
2 148
2 158
2 23
2 20
2 94
2 159
3 128
3 33
3 130
3 3
3 123
3 103
3 24
3 176
3 107
3 173
3 142
4 128
4 132
4 4
4 179
4 103
4 107
4 12
4 173
4 176
4 51
4 89
4 123
5 67
5 68
5 5
5 6
5 7
5 73
5 11
5 12
5 178
5 84
5 56
5 154
5 31
6 6
6 7
6 73
6 11
6 80
6 52
6 22
6 56
6 20
6 154
6 157
7 68
7 7
7 56
7 84
7 154
7 11
7 73
7 12
7 52
8 144
8 168
8 106
8 54
8 55
8 8
8 96
8 26
8 167
8 60
8 10
9 32
9 16
9 179
9 41
9 13
9 46
9 176
9 51
9 52
9 149
9 9
9 57
9 58
9 60
9 53
10 32
10 96
10 166
10 168
10 10
10 119
10 144
10 54
10 55
10 104
10 26
11 16
11 80
11 20
11 56
11 154
11 11
11 157
11 110
12 97
12 98
12 67
12 73
12 103
12 12
12 34
12 178
12 84
12 24
12 68
13 35
13 132
13 101
13 29
13 45
13 46
13 13
13 16
13 51
13 53
13 152
13 179
13 59
13 58
14 32
14 65
14 34
14 68
14 104
14 41
14 138
14 44
14 14
14 111
14 113
14 84
14 117
14 121
14 153
14 95
14 169
14 52
15 162
15 35
15 36
15 37
15 38
15 39
15 42
15 139
15 15
15 17
15 94
15 43
15 27
15 29
15 30
16 107
16 164
16 101
16 45
16 46
16 16
16 173
16 82
16 51
16 180
16 149
16 150
16 56
16 20
16 152
16 123
16 53
16 52
17 96
17 162
17 17
17 134
17 39
17 105
17 42
17 139
17 172
17 45
17 49
17 147
17 116
17 30
17 148
17 27
17 29
17 158
18 160
18 65
18 83
18 99
18 69
18 72
18 64
18 138
18 86
18 78
18 79
18 18
18 163
18 85
18 150
18 87
18 22
18 156
18 61
18 21
19 161
19 100
19 102
19 135
19 40
19 145
19 42
19 146
19 111
19 49
19 50
19 19
19 121
19 25
19 122
19 28
20 80
20 167
20 168
20 137
20 144
20 47
20 82
20 115
20 20
20 56
20 57
20 155
20 157
21 160
21 65
21 163
21 93
21 72
21 64
21 138
21 61
21 78
21 79
21 81
21 99
21 85
21 87
21 127
21 156
21 170
21 21
22 160
22 65
22 70
22 71
22 138
22 80
22 83
22 149
22 22
22 154
22 157
22 62
22 85
23 77
23 137
23 162
23 110
23 109
23 112
23 114
23 158
23 23
23 159
23 94
23 31
24 128
24 97
24 34
24 132
24 103
24 107
24 173
24 142
24 176
24 178
24 67
24 24
24 123
25 161
25 102
25 129
25 40
25 145
25 50
25 28
25 104
25 146
25 25
25 26
25 91
25 92
26 131
26 104
26 43
26 174
26 40
26 54
26 90
26 91
26 28
26 26
27 148
27 161
27 42
27 139
27 49
27 147
27 116
27 105
27 39
27 27
27 29
27 30
28 161
28 139
28 36
28 40
28 43
28 49
28 50
28 117
28 121
28 28
28 30
28 63
29 147
29 101
29 134
29 39
29 105
29 45
29 46
29 112
29 51
29 116
29 152
29 148
29 29
30 161
30 139
30 36
30 37
30 38
30 49
30 40
30 42
30 43
30 114
30 30
31 33
31 164
31 134
31 172
31 110
31 177
31 147
31 118
31 153
31 155
31 126
31 31
32 32
32 34
32 167
32 41
32 179
32 52
32 53
32 153
32 57
32 58
32 60
33 33
33 134
33 105
33 172
33 44
33 108
33 147
33 116
33 118
33 120
33 155
33 126
34 97
34 34
34 67
34 169
34 57
34 79
34 60
34 52
34 78
34 73
34 41
34 121
34 154
34 124
34 174
34 153
34 53
35 162
35 35
35 36
35 37
35 38
35 39
35 77
35 112
35 59
35 58
36 162
36 36
36 37
36 38
36 39
36 40
36 43
36 114
36 139
37 162
37 37
37 38
37 39
37 40
37 43
37 66
37 139
37 94
38 96
38 162
38 38
38 39
38 139
38 43
39 112
39 162
39 39
40 131
40 40
40 139
40 143
40 43
40 50
41 41
41 179
41 52
41 53
41 54
41 153
41 57
41 58
41 59
41 60
42 161
42 100
42 49
42 42
42 139
42 108
42 50
43 162
43 139
43 43
43 44
44 96
44 75
44 100
44 108
44 44
44 109
44 111
44 114
44 117
44 121
45 176
45 101
45 105
45 45
45 46
45 51
45 148
45 152
46 164
46 101
46 106
46 46
46 51
46 148
46 149
46 119
46 152
46 52
46 123
47 144
47 80
47 82
47 115
47 167
47 168
47 57
47 106
47 157
47 47
48 144
48 99
48 113
48 150
48 167
48 104
48 177
48 74
48 78
48 175
48 48
48 81
48 115
48 174
48 124
48 79
48 156
48 93
48 95
49 50
49 100
49 161
49 49
49 108
50 161
50 100
50 102
50 135
50 145
50 50
50 146
50 122
50 121
50 136
50 90
51 179
51 51
51 53
51 57
51 152
51 132
51 58
51 59
51 60
52 57
52 167
52 178
52 179
52 52
52 150
52 180
52 103
52 60
52 53
52 149
53 128
53 53
53 54
53 153
53 57
53 60
54 164
54 167
54 168
54 106
54 55
54 144
54 115
54 54
54 119
54 155
55 96
55 167
55 168
55 55
55 109
55 144
55 119
55 58
55 106
56 80
56 137
56 110
56 56
56 154
56 157
57 132
57 179
57 57
57 144
57 153
57 58
57 59
57 60
58 179
58 106
58 58
58 59
58 60
59 179
59 162
59 106
59 59
59 60
60 115
60 179
60 168
60 153
60 60
61 64
61 163
61 133
61 72
61 169
61 170
61 87
61 61
61 85
61 127
62 160
62 65
62 164
62 69
62 70
62 71
62 138
62 83
62 84
62 87
62 154
62 86
62 62
63 108
63 140
63 141
63 111
63 114
63 117
63 151
63 143
63 159
63 158
63 63
64 64
64 163
64 87
64 72
64 169
64 170
64 127
64 69
65 149
65 65
65 164
65 69
65 138
65 160
65 85
65 156
66 66
66 77
66 110
66 94
66 151
66 89
66 90
66 91
66 92
66 158
66 159
67 97
67 67
67 68
67 103
67 73
67 107
67 98
67 173
67 178
67 84
67 123
68 97
68 98
68 68
68 70
68 73
68 178
68 84
68 154
69 69
69 70
69 71
69 72
69 138
69 160
69 83
69 86
69 87
69 121
70 160
70 98
70 70
70 71
70 83
70 84
70 87
70 164
70 154
70 86
71 160
71 98
71 164
71 71
71 138
71 130
71 83
71 87
71 86
72 163
72 87
72 72
72 169
72 170
72 127
73 97
73 73
73 178
73 84
73 154
73 124
73 125
74 163
74 133
74 113
74 74
74 78
74 79
74 81
74 99
74 174
74 95
74 156
74 165
75 171
75 169
75 75
75 76
75 141
75 145
75 146
75 180
75 117
75 151
75 111
75 140
75 143
76 102
76 169
76 171
76 140
76 141
76 143
76 76
76 180
76 117
76 150
76 151
76 111
77 137
77 172
77 110
77 77
77 158
77 89
77 90
77 94
77 159
78 80
78 99
78 138
78 78
78 79
78 81
78 157
78 156
78 85
79 80
79 99
79 138
79 79
79 81
79 157
79 156
79 85
80 155
80 80
80 82
80 154
80 157
81 99
81 133
81 113
81 81
81 163
81 180
81 95
81 156
81 170
81 127
82 167
82 168
82 137
82 144
82 157
82 82
82 115
82 119
82 106
83 160
83 130
83 164
83 138
83 86
83 175
83 83
83 85
83 124
83 125
84 97
84 98
84 84
84 154
84 125
85 160
85 163
85 150
85 138
85 99
85 156
85 85
86 160
86 98
86 138
86 130
86 150
86 87
86 121
86 86
87 160
87 138
87 180
87 87
87 121
87 170
88 131
88 165
88 166
88 177
88 140
88 141
88 145
88 102
88 88
88 90
88 91
88 92
88 93
89 137
89 162
89 110
89 147
89 158
89 89
89 90
89 94
90 131
90 166
90 151
90 90
90 91
90 92
90 94
91 131
91 165
91 166
91 140
91 141
91 93
91 143
91 177
91 151
91 122
91 91
91 92
92 131
92 165
92 166
92 140
92 141
92 143
92 177
92 151
92 92
92 93
93 155
93 164
93 165
93 166
93 177
93 150
93 93
93 149
94 137
94 139
94 143
94 110
94 158
94 151
94 94
94 159
95 129
95 102
95 113
95 104
95 145
95 174
95 175
95 146
95 95
96 96
96 105
96 119
96 109
96 114
96 117
96 118
96 121
96 106
97 128
97 97
97 103
97 107
97 98
97 173
97 178
97 123
98 98
98 103
98 180
98 153
99 99
99 150
99 156
99 157
100 161
100 100
100 145
100 136
100 172
100 135
100 146
100 117
100 118
100 151
100 120
100 122
100 126
101 164
101 101
101 134
101 105
101 147
101 116
101 152
101 148
101 123
102 166
102 102
102 145
102 104
102 146
102 174
102 113
102 122
103 128
103 103
103 107
103 173
103 142
103 176
103 178
103 132
103 123
104 129
104 130
104 113
104 104
104 175
104 145
104 146
104 174
105 134
105 105
105 172
105 112
105 147
105 116
105 152
105 148
106 112
106 167
106 106
106 119
106 109
106 144
106 168
106 115
107 123
107 132
107 128
107 107
107 173
107 142
107 178
107 176
108 161
108 108
108 109
108 111
108 112
108 114
108 117
108 151
108 121
108 143
108 158
109 109
109 112
109 114
109 116
109 117
109 119
109 158
109 159
110 137
110 110
110 112
110 148
110 158
110 159
111 171
111 143
111 169
111 141
111 111
111 114
111 117
111 151
111 121
111 140
112 162
112 112
112 114
112 137
112 158
112 159
113 163
113 133
113 113
113 145
113 146
113 136
113 127
114 139
114 158
114 114
114 117
114 121
114 159
115 144
115 167
115 168
115 115
115 119
115 157
116 132
116 134
116 172
116 147
116 116
116 118
116 148
116 159
117 117
117 169
117 121
118 134
118 135
118 172
118 147
118 118
118 120
118 155
118 126
119 168
119 119
119 144
119 121
120 133
120 135
120 136
120 170
120 141
120 120
120 122
120 126
120 127
121 163
121 142
121 153
121 121
121 127
122 135
122 136
122 140
122 146
122 141
122 145
122 122
122 126
122 127
123 123
123 132
123 128
123 173
123 178
123 142
123 176
124 129
124 164
124 167
124 130
124 174
124 175
124 124
124 125
125 180
125 129
125 130
125 175
125 178
125 174
125 125
126 133
126 135
126 136
126 172
126 140
126 126
127 163
127 133
127 169
127 170
127 135
127 136
127 171
127 127
128 128
128 173
128 142
128 176
128 178
128 132
129 129
129 130
129 146
129 169
129 175
129 174
130 130
130 165
130 169
130 174
130 175
131 131
131 132
131 166
131 177
131 136
131 176
132 132
132 142
132 173
132 176
133 163
133 133
133 136
133 170
133 180
134 134
134 172
134 147
134 148
134 155
134 158
135 135
135 136
135 140
135 170
135 172
136 163
136 136
136 170
137 137
137 148
137 158
137 159
138 160
138 156
138 138
138 157
139 162
139 139
139 161
140 171
140 166
140 169
140 141
140 140
140 151
140 143
141 151
141 171
141 166
141 141
141 180
141 169
141 143
142 173
142 142
142 176
142 149
143 151
143 171
143 169
143 143
144 144
144 167
144 168
145 145
145 146
146 146
147 148
147 161
147 172
147 147
148 172
148 176
148 152
148 148
149 164
149 165
149 152
149 180
149 150
149 149
150 160
150 164
150 165
150 171
150 180
150 156
150 150
151 166
151 158
151 151
152 176
152 152
153 153
154 154
155 155
155 164
155 167
155 168
155 172
155 177
155 165
156 157
156 156
157 164
157 157
158 158
158 159
159 162
159 159
160 160
161 161
162 162
163 163
163 170
164 165
164 164
164 166
164 177
165 165
165 166
165 177
166 177
166 166
167 167
167 174
167 168
168 168
169 171
169 180
169 169
170 170
170 171
171 171
171 180
172 172
173 173
173 178
173 176
174 174
174 175
175 180
175 175
176 176
176 178
177 177
178 178
179 179
180 180
