1 128
1 1
1 132
1 131
1 4
1 134
1 107
1 173
1 176
1 51
1 53
1 89
1 123
1 60
2 112
2 2
2 20
2 110
2 23
2 137
2 159
2 94
2 82
2 158
2 45
3 128
3 33
3 130
3 3
3 132
3 107
3 173
3 142
3 176
3 150
3 24
3 123
4 32
4 132
4 131
4 4
4 5
4 103
4 128
4 107
4 173
4 176
4 152
4 89
4 123
5 97
5 67
5 5
5 6
5 7
5 73
5 11
5 12
5 84
5 68
5 154
5 31
6 6
6 7
6 11
6 78
6 79
6 80
6 52
6 22
6 56
6 154
6 157
7 34
7 68
7 7
7 73
7 11
7 12
7 84
7 22
7 56
7 154
8 96
8 167
8 8
8 9
8 10
8 55
8 168
8 54
8 119
8 121
8 26
8 106
9 32
9 179
9 9
9 119
9 13
9 46
9 16
9 51
9 52
9 53
9 41
9 57
9 58
9 59
9 60
10 96
10 168
10 106
10 55
10 180
10 54
10 119
10 88
10 121
10 26
10 10
11 32
11 16
11 11
11 78
11 79
11 80
11 20
11 56
11 157
12 97
12 98
12 67
12 68
12 73
12 103
12 12
12 14
12 178
12 84
12 24
13 110
13 179
13 101
13 13
13 46
13 45
13 16
13 51
13 53
13 152
13 58
13 59
13 29
14 65
14 133
14 32
14 142
14 146
14 83
14 14
14 22
14 24
14 153
14 154
14 96
14 34
14 102
14 41
14 44
14 111
14 176
14 117
14 169
14 121
14 85
15 162
15 35
15 36
15 37
15 38
15 39
15 44
15 42
15 139
15 108
15 15
15 49
15 17
15 43
15 27
15 29
15 30
16 51
16 164
16 101
16 46
16 45
16 16
16 152
16 179
16 180
16 149
16 150
16 55
16 56
16 132
16 58
16 119
16 20
16 52
17 162
17 35
17 66
17 101
17 39
17 105
17 42
17 45
17 49
17 147
17 116
17 17
17 148
17 27
17 29
17 30
18 160
18 65
18 163
18 69
18 71
18 72
18 64
18 138
18 62
18 61
18 18
18 83
18 85
18 86
18 87
18 22
18 127
18 156
18 170
18 150
18 21
19 161
19 100
19 102
19 145
19 40
19 75
19 50
19 49
19 146
19 19
19 25
19 122
19 28
19 104
20 80
20 167
20 137
20 144
20 110
20 47
20 82
20 115
20 20
20 56
20 60
20 157
21 160
21 65
21 163
21 69
21 72
21 64
21 138
21 61
21 99
21 85
21 150
21 87
21 22
21 127
21 156
21 170
21 21
22 160
22 65
22 138
22 83
22 22
22 154
22 62
22 85
23 159
23 137
23 151
23 108
23 77
23 110
23 143
23 112
23 82
23 148
23 158
23 23
23 63
23 109
23 94
23 31
24 128
24 97
24 67
24 132
24 103
24 107
24 173
24 142
24 176
24 178
24 24
24 123
24 125
25 161
25 102
25 129
25 40
25 50
25 174
25 145
25 146
25 25
25 88
25 104
25 26
25 28
26 98
26 166
26 40
26 174
26 54
26 55
26 26
26 28
26 104
27 161
27 162
27 35
27 49
27 105
27 42
27 139
27 147
27 116
27 121
27 148
27 39
27 27
27 29
27 30
28 161
28 139
28 36
28 146
28 40
28 28
28 43
28 141
28 145
28 50
28 91
28 92
28 30
29 162
29 35
29 101
29 39
29 105
29 42
29 45
29 46
29 147
29 116
29 89
29 152
29 148
29 29
30 161
30 35
30 36
30 37
30 38
30 49
30 40
30 42
30 43
30 50
30 139
30 151
30 30
31 33
31 164
31 101
31 134
31 31
31 108
31 172
31 177
31 126
31 118
31 155
31 158
31 159
32 32
32 34
32 41
32 80
32 179
32 52
32 53
32 153
32 57
32 58
32 60
33 33
33 134
33 172
33 77
33 147
33 116
33 117
33 118
33 120
33 89
33 155
33 126
34 34
34 104
34 169
34 44
34 60
34 178
34 52
34 57
34 41
34 153
34 121
34 156
35 162
35 35
35 131
35 37
35 38
35 39
36 162
36 131
36 36
36 37
36 38
36 39
36 40
36 43
36 139
36 151
37 162
37 37
37 38
37 39
37 40
37 43
37 131
37 139
38 162
38 38
38 39
38 139
38 108
38 43
38 121
39 162
39 39
39 45
39 66
39 94
40 75
40 104
40 139
40 76
40 40
40 43
41 167
41 41
41 179
41 52
41 53
41 153
41 57
41 58
41 59
41 60
42 161
42 100
42 49
42 42
42 147
42 116
42 121
42 63
43 162
43 139
43 43
43 143
43 117
43 111
43 90
44 96
44 44
44 108
44 109
44 111
44 114
44 117
44 55
44 121
45 101
45 137
45 45
45 46
45 51
45 148
45 105
45 152
46 101
46 106
46 46
46 51
46 148
46 149
46 152
46 58
46 59
47 48
47 167
47 168
47 106
47 110
47 47
47 144
47 82
47 115
47 119
47 60
48 144
48 99
48 81
48 168
48 74
48 167
48 174
48 48
48 113
48 115
48 149
48 175
48 124
48 95
49 161
49 100
49 49
49 50
49 147
49 116
49 151
49 121
50 161
50 100
50 166
50 102
50 145
50 75
50 50
50 146
50 122
51 110
51 51
51 137
51 179
51 53
51 152
51 58
51 59
52 132
52 57
52 179
52 180
52 149
52 150
52 52
52 58
52 60
52 157
52 53
53 179
53 53
53 54
53 153
53 57
53 58
53 60
54 96
54 164
54 167
54 168
54 106
54 119
54 144
54 54
54 55
55 96
55 144
55 167
55 106
55 55
55 168
55 179
55 119
55 121
56 80
56 78
56 79
56 110
56 56
56 89
56 157
57 167
57 179
57 180
57 153
57 57
57 58
57 59
57 60
58 179
58 106
58 119
58 58
58 59
58 60
59 179
59 110
59 152
59 59
59 60
60 144
60 179
60 153
60 60
61 64
61 163
61 165
61 136
61 170
61 177
61 87
61 72
61 127
61 61
61 69
62 160
62 65
62 164
62 69
62 70
62 71
62 138
62 83
62 84
62 87
62 154
62 86
62 62
63 140
63 139
63 172
63 141
63 63
63 143
63 108
63 114
63 117
63 118
63 151
63 111
63 158
63 159
64 64
64 163
64 165
64 136
64 170
64 72
64 87
64 69
64 127
65 160
65 65
65 85
65 138
65 154
65 69
66 66
66 134
66 137
66 77
66 110
66 116
66 158
66 89
66 90
66 91
66 92
66 94
67 97
67 98
67 67
67 68
67 103
67 73
67 107
67 173
67 178
67 84
67 121
67 123
68 97
68 98
68 68
68 70
68 73
68 71
68 178
68 84
68 121
68 154
69 69
69 70
69 71
69 72
69 138
69 160
69 170
69 86
69 87
69 121
70 160
70 98
70 70
70 71
70 83
70 84
70 86
70 87
70 121
71 160
71 98
71 71
71 138
71 83
71 84
71 86
71 87
71 164
72 163
72 87
72 72
72 170
72 127
72 93
73 97
73 73
73 178
73 84
73 154
73 155
73 125
74 81
74 99
74 113
74 177
74 74
74 95
74 156
74 157
74 78
74 79
75 171
75 169
75 75
75 76
75 141
75 111
75 180
75 117
75 151
75 122
75 140
75 143
76 169
76 171
76 140
76 141
76 111
76 76
76 136
76 180
76 117
76 150
76 151
76 120
76 143
76 126
77 158
77 137
77 89
77 90
77 94
77 77
77 110
77 159
78 99
78 164
78 78
78 79
78 80
78 81
78 85
78 156
78 157
79 99
79 164
79 79
79 80
79 81
79 85
79 156
79 157
80 80
80 99
80 156
80 157
81 99
81 133
81 113
81 81
81 163
81 85
81 150
81 95
81 156
81 127
82 115
82 167
82 168
82 137
82 110
82 144
82 82
82 179
82 159
83 160
83 130
83 86
83 138
83 83
83 85
83 154
83 124
83 125
84 97
84 98
84 84
84 149
84 121
84 154
85 163
85 138
85 160
85 99
85 156
85 85
86 160
86 98
86 138
86 86
86 87
86 121
87 160
87 163
87 170
87 180
87 150
87 87
88 131
88 164
88 165
88 166
88 140
88 141
88 177
88 88
88 90
88 91
88 92
88 93
89 110
89 89
89 90
89 91
89 94
90 131
90 166
90 151
90 90
90 91
90 92
90 94
91 131
91 165
91 166
91 92
91 140
91 141
91 151
91 91
91 93
91 94
92 131
92 165
92 166
92 92
92 140
92 141
92 177
92 151
92 93
92 94
93 130
93 163
93 164
93 165
93 166
93 177
93 155
93 149
93 150
93 153
93 93
94 137
94 151
94 110
94 94
94 158
94 159
95 165
95 102
95 113
95 145
95 174
95 175
95 146
95 104
95 124
95 95
96 96
96 118
96 121
96 119
96 109
97 128
97 97
97 98
97 103
97 107
97 173
97 176
97 178
97 121
97 123
98 98
98 169
98 103
98 153
99 149
99 99
99 164
99 113
99 157
99 156
99 138
100 161
100 131
100 100
100 134
100 102
100 135
100 136
100 140
100 172
100 141
100 147
100 118
100 120
100 122
100 126
101 164
101 101
101 134
101 105
101 116
101 110
101 152
101 148
102 145
102 102
102 113
102 104
102 146
103 128
103 103
103 107
103 173
103 142
103 176
103 178
103 121
103 132
103 123
104 129
104 145
104 130
104 174
104 175
104 104
104 146
105 134
105 105
105 147
105 148
105 152
105 116
105 158
106 144
106 167
106 168
106 106
106 119
106 109
106 112
106 115
107 123
107 128
107 107
107 173
107 142
107 176
107 178
107 121
107 132
108 108
108 109
108 111
108 112
108 114
108 147
108 117
108 169
108 159
108 158
109 119
109 109
109 111
109 112
109 114
109 148
109 117
109 159
110 158
110 110
110 137
110 159
111 169
111 171
111 111
111 114
111 117
111 143
112 137
112 112
112 114
112 115
112 148
112 158
112 159
113 133
113 113
113 145
113 146
113 180
113 122
113 127
114 162
114 134
114 114
114 117
114 159
114 158
115 144
115 167
115 168
115 115
115 119
115 153
116 134
116 172
116 147
116 116
116 148
117 117
117 169
117 121
118 155
118 134
118 135
118 136
118 172
118 147
118 118
118 120
118 126
119 144
119 167
119 119
119 177
119 168
119 121
120 133
120 135
120 136
120 170
120 172
120 120
120 122
120 126
120 127
121 128
121 135
121 153
121 173
121 176
121 121
121 136
121 123
121 170
122 163
122 135
122 136
122 172
122 122
122 126
122 127
123 123
123 132
123 128
123 173
123 142
123 176
123 178
124 129
124 130
124 167
124 174
124 175
124 180
124 155
124 124
124 125
125 129
125 130
125 164
125 174
125 175
125 178
125 155
125 125
126 133
126 135
126 136
126 172
126 155
126 126
127 163
127 165
127 170
127 135
127 136
127 127
127 133
128 128
128 132
128 173
128 142
128 176
128 178
129 129
129 130
129 165
129 146
129 145
129 174
129 175
130 130
130 174
130 175
130 145
130 146
131 132
131 131
131 166
131 177
132 132
132 173
132 142
132 176
133 133
133 163
133 136
133 170
133 135
134 134
134 172
134 147
134 148
134 155
135 163
135 135
135 136
135 170
135 172
136 163
136 136
136 170
137 137
137 158
137 159
138 149
138 138
138 160
138 154
138 156
139 161
139 139
140 171
140 166
140 169
140 140
140 141
140 143
140 151
141 171
141 166
141 169
141 141
141 143
141 151
142 142
142 176
142 173
143 161
143 171
143 151
143 169
143 143
143 158
143 159
144 144
144 167
144 168
145 145
145 171
145 146
145 174
146 171
146 146
147 172
147 147
147 148
148 152
148 148
149 164
149 165
149 171
149 180
149 149
149 150
149 152
149 156
150 164
150 165
150 171
150 174
150 175
150 150
150 180
151 151
151 171
151 166
151 158
151 159
152 152
153 153
154 154
155 164
155 167
155 168
155 172
155 177
155 155
156 157
156 156
157 157
158 159
158 158
159 159
160 160
160 164
161 161
162 162
163 177
163 170
163 163
164 165
164 164
164 166
164 177
165 165
165 166
165 177
166 166
166 177
167 167
167 175
167 174
167 168
168 168
169 171
169 180
169 169
170 170
171 171
171 180
172 172
173 173
173 176
173 178
174 174
174 175
175 175
176 176
176 178
177 177
178 178
179 179
180 180
