1 128
1 1
1 66
1 131
1 4
1 10
1 50
1 176
1 146
1 88
1 132
1 90
1 91
2 2
2 137
2 42
2 151
2 108
2 110
2 112
2 23
2 159
2 28
2 158
2 63
3 128
3 129
3 130
3 3
3 107
3 142
3 176
3 180
3 14
3 24
3 121
3 123
3 125
4 128
4 66
4 4
4 100
4 103
4 107
4 173
4 77
4 176
4 19
4 89
4 132
4 123
5 139
5 68
5 5
5 6
5 7
5 73
5 11
5 12
5 80
5 147
5 84
5 56
5 154
6 36
6 6
6 7
6 73
6 11
6 80
6 20
6 22
6 56
6 154
6 157
7 68
7 7
7 73
7 11
7 12
7 80
7 17
7 84
7 56
7 26
7 154
7 134
8 96
8 167
8 168
8 106
8 119
8 45
8 8
8 54
8 55
8 121
8 26
8 10
9 32
9 16
9 99
9 179
9 51
9 41
9 13
9 48
9 83
9 52
9 53
9 9
9 57
9 60
10 128
10 166
10 96
10 10
10 119
10 174
10 104
10 40
10 54
10 55
10 88
10 153
10 26
10 123
11 139
11 137
11 11
11 110
11 80
11 17
11 20
11 56
11 154
11 31
12 97
12 98
12 67
12 68
12 73
12 103
12 12
12 173
12 178
12 84
12 24
12 30
13 162
13 35
13 101
13 39
13 29
13 13
13 46
13 45
13 16
13 51
13 53
13 152
13 98
13 59
13 58
14 96
14 32
14 34
14 169
14 76
14 130
14 14
14 111
14 163
14 121
14 57
14 153
14 44
15 162
15 35
15 36
15 37
15 38
15 39
15 105
15 139
15 15
15 17
15 148
15 73
15 55
15 27
15 29
15 30
16 65
16 51
16 71
16 16
16 18
16 149
16 150
16 152
16 93
16 164
16 41
16 45
16 46
16 179
16 52
16 53
16 57
16 58
16 59
16 60
17 161
17 67
17 49
17 134
17 105
17 42
17 139
17 172
17 17
17 147
17 116
17 56
17 148
17 27
17 29
17 30
18 160
18 65
18 99
18 69
18 71
18 41
18 138
18 86
18 78
18 79
18 18
18 83
18 85
18 22
18 87
18 156
18 62
18 21
19 128
19 161
19 145
19 40
19 42
19 44
19 50
19 77
19 49
19 146
19 19
19 121
19 25
19 100
19 122
19 28
20 36
20 167
20 168
20 137
20 47
20 80
20 82
20 115
20 20
20 56
20 27
20 157
21 160
21 65
21 163
21 164
21 69
21 72
21 64
21 138
21 21
21 61
21 81
21 99
21 85
21 87
21 57
21 156
21 74
21 133
22 160
22 70
22 71
22 138
22 45
22 78
22 79
22 83
22 22
22 154
22 156
22 157
22 62
23 40
23 137
23 23
23 108
23 109
23 110
23 112
23 117
23 151
23 159
23 158
23 63
24 128
24 97
24 67
24 103
24 107
24 173
24 142
24 176
24 178
24 24
24 26
24 123
25 66
25 75
25 102
25 49
25 40
25 43
25 146
25 111
25 145
25 50
25 25
25 104
25 26
25 28
26 75
26 36
26 43
26 104
26 54
26 40
26 26
26 28
26 63
27 161
27 148
27 35
27 37
27 38
27 105
27 42
27 139
27 147
27 134
27 116
27 27
27 29
27 30
28 161
28 139
28 103
28 40
28 42
28 43
28 109
28 112
28 49
28 28
28 30
29 162
29 35
29 101
29 38
29 39
29 105
29 45
29 167
29 51
29 116
29 148
29 84
29 152
29 29
29 37
30 161
30 139
30 36
30 49
30 40
30 105
30 42
30 43
30 178
30 147
30 116
30 97
30 56
30 106
30 30
31 33
31 134
31 105
31 172
31 147
31 84
31 118
31 116
31 155
31 126
31 31
32 32
32 34
32 104
32 41
32 74
32 81
32 179
32 52
32 53
32 86
32 57
32 58
32 59
32 60
33 33
33 100
33 134
33 161
33 137
33 172
33 147
33 116
33 118
33 155
33 126
34 129
34 34
34 121
34 169
34 87
34 44
34 142
34 113
34 52
34 41
34 153
34 57
34 60
35 162
35 35
35 36
35 37
35 38
35 39
35 167
35 45
35 115
35 119
36 162
36 36
36 37
36 39
36 40
36 73
36 139
36 98
36 43
36 38
36 154
37 162
37 37
37 38
37 39
37 40
37 47
37 139
37 98
37 43
37 68
38 162
38 38
38 39
38 168
38 43
38 98
38 139
39 162
39 39
39 45
39 82
39 152
40 161
40 139
40 103
40 40
40 43
40 114
40 117
40 153
40 159
41 41
41 175
41 179
41 52
41 53
41 57
41 58
41 59
41 60
41 62
42 161
42 100
42 49
42 42
42 107
42 172
42 173
42 110
42 146
42 147
43 161
43 43
43 139
43 121
44 96
44 44
44 108
44 109
44 111
44 112
44 114
44 117
44 55
44 120
44 121
45 162
45 164
45 101
45 45
45 46
45 51
45 148
45 142
45 152
46 48
46 164
46 101
46 51
46 46
46 179
46 149
46 150
46 152
46 58
46 59
46 156
46 93
46 62
47 144
47 167
47 168
47 106
47 47
47 80
47 82
47 115
47 119
47 56
47 153
47 124
48 48
48 99
48 167
48 104
48 74
48 174
48 78
48 79
48 144
48 81
48 82
48 115
48 175
48 124
48 95
49 161
49 100
49 49
49 50
49 146
49 89
49 122
49 158
49 159
50 130
50 100
50 102
50 135
50 50
50 143
50 145
50 146
50 120
50 122
50 126
51 58
51 98
51 101
51 51
51 53
51 152
51 179
51 59
52 69
52 142
52 81
52 179
52 52
52 149
52 150
52 57
52 58
52 60
52 53
53 57
53 79
53 53
53 153
53 60
54 96
54 101
54 167
54 168
54 106
54 119
54 174
54 54
54 55
55 96
55 167
55 168
55 119
55 55
55 121
55 106
56 137
56 110
56 80
56 56
56 154
57 179
57 57
57 58
57 59
57 60
58 160
58 179
58 70
58 60
58 58
58 59
58 156
58 125
59 179
59 138
59 60
59 152
59 59
59 156
60 71
60 179
60 60
60 85
61 64
61 163
61 133
61 136
61 170
61 142
61 72
61 87
61 61
61 69
61 127
62 160
62 83
62 69
62 70
62 71
62 138
62 98
62 179
62 87
62 86
62 62
63 151
63 66
63 110
63 77
63 94
63 89
63 63
63 158
63 159
64 64
64 163
64 133
64 136
64 170
64 72
64 87
64 121
64 69
64 127
65 160
65 65
65 69
65 72
65 138
65 86
65 87
65 156
65 85
66 66
66 166
66 140
66 141
66 77
66 143
66 94
66 89
66 151
66 88
66 90
66 91
66 92
66 126
67 97
67 98
67 67
67 68
67 103
67 73
67 107
67 173
67 178
67 84
68 97
68 98
68 68
68 70
68 73
68 84
68 154
69 164
69 69
69 70
69 71
69 72
69 160
69 86
69 87
69 85
70 160
70 98
70 70
70 71
70 138
70 83
70 84
70 87
70 155
70 86
71 160
71 98
71 71
71 138
71 86
71 83
71 87
72 163
72 165
72 87
72 72
72 170
72 127
73 84
73 97
73 98
73 73
73 178
73 116
73 154
73 125
74 99
74 133
74 102
74 81
74 74
74 113
74 163
74 95
74 156
74 85
75 171
75 108
75 75
75 76
75 141
75 143
75 114
75 180
75 117
75 169
75 111
75 140
76 169
76 171
76 76
76 141
76 111
76 145
76 114
76 180
76 140
76 143
77 77
77 143
77 94
77 151
77 89
77 90
77 158
77 159
78 99
78 138
78 82
78 78
78 79
78 85
78 152
78 156
78 157
79 80
79 99
79 138
79 82
79 79
79 152
79 156
79 157
79 85
80 105
80 80
80 154
80 157
81 163
81 133
81 102
81 113
81 81
81 99
81 127
81 156
81 93
81 85
81 95
82 144
82 162
82 99
82 101
82 168
82 167
82 82
82 115
82 119
82 157
83 160
83 86
83 138
83 83
83 85
83 152
83 124
83 125
84 97
84 98
84 125
84 84
84 154
85 160
85 99
85 156
85 86
85 87
85 163
85 138
85 85
86 138
86 160
86 86
86 87
86 153
87 170
87 160
87 87
87 153
88 131
88 165
88 166
88 140
88 141
88 88
88 90
88 91
88 92
89 158
89 137
89 89
89 90
89 94
89 110
90 166
90 136
90 141
90 145
90 90
90 91
90 92
90 94
91 131
91 165
91 166
91 171
91 140
91 141
91 143
91 177
91 180
91 91
91 92
91 102
92 131
92 165
92 166
92 140
92 141
92 143
92 177
92 102
92 150
92 92
92 93
93 164
93 165
93 166
93 177
93 149
93 150
93 155
93 93
94 151
94 110
94 143
94 94
94 153
94 159
94 158
95 129
95 130
95 102
95 113
95 104
95 145
95 174
95 175
95 144
95 149
95 150
95 95
96 96
96 98
96 119
96 109
96 121
96 153
96 106
97 97
97 98
97 103
97 107
97 173
97 178
97 172
97 123
98 98
98 148
98 162
98 153
99 99
99 157
99 156
99 138
100 145
100 136
100 108
100 135
100 172
100 146
100 117
100 118
100 151
100 120
100 100
100 122
100 126
101 164
101 101
101 105
101 116
101 152
101 148
101 155
102 129
102 131
102 113
102 166
102 102
102 145
102 104
102 127
102 146
103 128
103 103
103 107
103 173
103 176
103 178
103 132
103 123
104 129
104 130
104 104
104 174
104 175
104 145
104 144
105 134
105 105
105 139
105 147
105 116
105 148
105 154
106 167
106 168
106 106
106 119
106 108
106 109
106 112
106 114
106 115
106 117
107 128
107 107
107 173
107 142
107 176
107 178
107 132
107 123
108 108
108 109
108 111
108 112
108 114
108 117
108 151
108 158
108 159
109 151
109 109
109 111
109 112
109 114
109 117
109 121
109 159
110 137
110 110
110 112
110 158
110 159
110 151
111 143
111 140
111 136
111 169
111 171
111 141
111 114
111 117
111 121
111 111
112 137
112 151
112 112
112 114
112 117
112 158
112 159
113 163
113 133
113 113
113 145
113 127
113 170
114 114
114 117
114 151
114 121
114 158
114 159
115 144
115 167
115 168
115 115
115 119
115 124
116 134
116 172
116 147
116 116
116 118
116 148
117 117
117 121
117 158
117 159
118 134
118 135
118 137
118 172
118 147
118 118
118 120
118 155
118 126
119 167
119 119
119 144
119 168
120 135
120 136
120 170
120 176
120 120
120 122
120 126
120 127
121 153
121 121
121 126
122 145
122 136
122 135
122 146
122 132
122 122
122 126
123 128
123 173
123 142
123 176
123 178
123 132
123 123
124 129
124 130
124 167
124 144
124 174
124 175
124 152
124 124
124 125
125 129
125 130
125 167
125 174
125 175
125 125
126 135
126 136
126 172
126 126
127 163
127 133
127 170
127 135
127 142
127 136
127 127
128 128
128 173
128 142
128 176
128 178
128 132
129 129
129 130
129 174
129 175
129 145
130 130
130 142
130 145
130 174
130 175
130 177
131 176
131 131
131 132
131 165
131 177
131 166
132 173
132 142
132 176
132 146
132 132
133 163
133 170
133 165
133 133
134 155
134 134
134 172
134 147
134 148
135 135
135 136
135 170
135 146
135 176
136 136
136 170
136 140
137 161
137 137
137 158
137 151
137 153
137 159
138 160
138 138
138 156
138 157
139 161
139 139
140 171
140 166
140 169
140 141
140 140
140 180
140 143
141 171
141 166
141 169
141 141
141 145
141 180
141 143
142 170
142 142
142 176
142 152
142 173
142 180
143 171
143 180
143 169
143 151
143 143
144 144
144 167
144 168
144 174
144 153
144 175
145 145
145 169
145 171
145 146
146 146
147 161
147 172
147 147
147 148
148 148
149 163
149 165
149 169
149 171
149 149
149 150
149 180
150 164
150 165
150 166
150 177
150 150
151 158
151 151
151 159
152 162
152 152
152 164
153 153
154 154
155 164
155 172
155 177
155 155
155 157
156 157
156 156
157 157
158 158
158 159
159 159
160 160
161 172
161 161
162 162
163 163
163 165
163 170
164 165
164 164
164 174
164 177
165 166
165 177
165 165
166 177
166 166
167 167
167 174
167 168
168 168
169 171
169 169
169 180
170 170
171 171
171 180
172 172
173 173
173 176
173 178
174 174
174 175
175 175
176 176
177 177
178 178
179 179
180 180
