1 128
1 1
1 131
1 4
1 166
1 92
1 176
1 91
1 88
1 132
1 90
1 123
1 28
2 2
2 105
2 151
2 110
2 47
2 112
2 82
2 20
2 23
2 137
2 158
2 159
3 128
3 130
3 3
3 107
3 34
3 142
3 173
3 176
3 180
3 24
3 123
3 125
4 128
4 66
4 4
4 103
4 107
4 172
4 173
4 176
4 49
4 178
4 89
4 132
4 26
4 123
4 90
5 67
5 68
5 5
5 6
5 7
5 73
5 11
5 12
5 84
5 89
5 56
5 148
5 154
6 6
6 7
6 73
6 11
6 125
6 80
6 83
6 20
6 22
6 56
6 39
6 154
6 157
7 68
7 7
7 73
7 11
7 12
7 84
7 53
7 56
7 89
7 154
8 96
8 8
8 44
8 10
8 119
8 172
8 14
8 148
8 54
8 121
8 153
8 26
8 29
8 55
9 41
9 46
9 13
9 174
9 45
9 16
9 51
9 84
9 53
9 9
9 152
9 57
9 58
9 175
9 60
9 157
10 128
10 96
10 131
10 132
10 10
10 55
10 44
10 13
10 46
10 176
10 40
10 121
10 54
10 119
10 153
10 26
11 80
11 20
11 101
11 56
11 137
11 154
11 11
11 157
12 97
12 98
12 67
12 68
12 73
12 103
12 12
12 178
12 84
12 105
12 24
12 29
12 31
13 101
13 39
13 13
13 46
13 45
13 16
13 51
13 53
13 152
13 58
13 59
13 125
14 96
14 32
14 34
14 72
14 41
14 44
14 14
14 50
14 52
14 121
14 153
14 57
14 60
15 162
15 35
15 17
15 37
15 38
15 39
15 105
15 42
15 139
15 110
15 15
15 49
15 148
15 27
15 29
15 30
16 164
16 179
16 53
16 46
16 16
16 18
16 51
16 52
16 149
16 150
16 152
16 58
16 59
16 86
16 93
16 165
17 35
17 101
17 17
17 105
17 42
17 45
17 142
17 49
17 147
17 116
17 110
17 148
17 27
17 29
17 30
18 160
18 65
18 163
18 69
18 72
18 41
18 138
18 86
18 64
18 18
18 83
18 85
18 22
18 87
18 156
18 61
18 21
19 180
19 145
19 50
19 19
19 100
19 102
19 161
19 25
19 122
19 28
19 146
20 39
20 137
20 47
20 80
20 82
20 115
20 20
20 56
20 124
20 157
21 160
21 65
21 163
21 69
21 81
21 72
21 64
21 138
21 61
21 177
21 99
21 85
21 87
21 127
21 156
21 170
21 21
22 160
22 65
22 70
22 71
22 138
22 46
22 83
22 85
22 22
22 154
22 157
22 62
23 77
23 137
23 23
23 108
23 109
23 110
23 143
23 112
23 151
23 153
23 159
23 158
23 63
24 128
24 97
24 67
24 37
24 103
24 107
24 173
24 142
24 176
24 178
24 24
24 123
25 32
25 129
25 130
25 102
25 145
25 40
25 43
25 50
25 104
25 146
25 25
25 26
25 28
26 96
26 107
26 54
26 166
26 103
26 40
26 43
26 173
26 121
26 150
26 55
26 153
26 26
26 123
27 161
27 35
27 37
27 38
27 49
27 105
27 42
27 139
27 108
27 147
27 116
27 148
27 27
27 29
27 30
28 171
28 36
28 161
28 40
28 43
28 50
28 146
28 139
28 153
28 132
28 28
28 30
29 162
29 35
29 101
29 39
29 105
29 42
29 45
29 142
29 67
29 116
29 152
29 148
29 29
30 161
30 139
30 49
30 105
30 42
30 43
30 147
30 30
30 63
31 172
31 33
31 147
31 148
31 118
31 134
31 105
31 116
31 155
31 31
32 32
32 34
32 69
32 41
32 87
32 179
32 52
32 57
32 58
32 59
32 60
33 33
33 155
33 100
33 134
33 161
33 75
33 172
33 143
33 147
33 116
33 118
33 103
33 126
34 96
34 34
34 41
34 44
34 163
34 52
34 57
34 153
34 121
34 60
34 169
35 162
35 35
35 36
35 37
35 38
35 39
35 106
35 45
35 178
36 43
36 162
36 36
36 37
36 38
36 39
36 40
36 139
36 103
37 162
37 37
37 38
37 39
37 40
37 43
37 44
37 109
37 178
37 67
37 139
38 97
38 162
38 38
38 39
38 40
38 43
38 178
38 139
38 121
39 162
39 39
39 45
39 80
39 82
39 55
39 152
39 68
39 154
40 139
40 104
40 43
40 40
40 91
40 92
40 90
41 129
41 71
41 41
41 81
41 179
41 52
41 53
41 57
41 58
41 59
41 60
42 161
42 134
42 49
42 105
42 42
42 107
42 172
42 147
42 116
42 89
42 148
43 161
43 43
43 169
43 139
43 76
43 176
44 96
44 108
44 44
44 109
44 111
44 114
44 117
44 54
44 55
44 121
45 51
45 162
45 164
45 101
45 45
45 46
45 115
45 84
45 142
45 105
45 152
45 148
45 154
45 47
45 53
46 65
46 70
46 78
46 79
46 174
46 152
46 51
46 99
46 164
46 46
46 48
46 179
46 53
46 58
46 59
46 62
46 149
47 48
47 167
47 168
47 137
47 106
47 47
47 144
47 82
47 115
47 119
47 175
47 124
48 129
48 99
48 104
48 144
48 174
48 78
48 79
48 48
48 82
48 115
48 175
48 124
48 74
48 95
49 161
49 66
49 134
49 49
49 105
49 172
49 147
49 116
49 151
50 161
50 100
50 102
50 135
50 146
50 145
50 50
50 122
50 126
51 101
51 51
51 84
51 53
51 152
51 179
51 59
51 124
51 58
52 133
52 130
52 142
52 179
52 52
52 150
52 57
52 58
52 59
52 60
52 149
53 101
53 53
53 152
53 153
53 125
54 96
54 101
54 168
54 106
54 119
54 54
54 55
54 121
55 96
55 106
55 55
55 109
55 168
55 119
55 121
56 137
56 80
56 82
56 56
56 154
56 157
56 101
57 69
57 113
57 179
57 57
57 58
57 59
57 60
58 179
58 70
58 149
58 58
58 59
58 60
59 179
59 138
59 60
59 83
59 59
59 156
59 62
60 179
60 86
60 60
61 64
61 163
61 133
61 136
61 170
61 142
61 72
61 87
61 127
61 61
61 69
62 160
62 65
62 98
62 69
62 70
62 71
62 138
62 83
62 87
62 154
62 86
62 62
63 75
63 139
63 140
63 141
63 143
63 151
63 63
63 94
63 158
63 159
64 64
64 163
64 69
64 135
64 136
64 170
64 142
64 72
64 87
64 127
64 133
65 160
65 65
65 69
65 70
65 71
65 138
65 85
65 86
66 66
66 77
66 140
66 141
66 110
66 143
66 151
66 89
66 90
66 91
66 92
66 94
67 97
67 98
67 67
67 68
67 103
67 73
67 107
67 173
67 178
67 84
68 97
68 98
68 68
68 70
68 73
68 84
68 154
69 69
69 70
69 72
69 138
69 71
69 86
69 87
69 160
70 160
70 98
70 70
70 71
70 83
70 84
70 87
70 86
71 160
71 98
71 71
71 83
71 179
71 87
71 86
72 163
72 72
72 170
72 87
72 127
72 93
72 133
73 97
73 162
73 73
73 178
73 84
73 154
73 125
73 101
74 99
74 102
74 113
74 74
74 142
74 79
74 145
74 179
74 78
74 95
74 156
74 157
74 81
75 171
75 169
75 75
75 76
75 141
75 143
75 108
75 114
75 180
75 117
75 111
75 140
76 169
76 171
76 140
76 141
76 143
76 76
76 180
76 117
76 151
76 111
77 134
77 77
77 110
77 143
77 147
77 94
77 151
77 89
77 158
77 159
78 80
78 99
78 78
78 79
78 81
78 85
78 157
78 156
78 138
79 80
79 99
79 79
79 81
79 85
79 157
79 156
79 138
80 99
80 80
80 82
80 154
80 157
81 99
81 133
81 102
81 113
81 81
81 163
81 127
81 156
81 85
81 95
82 168
82 137
82 144
82 167
82 162
82 82
82 115
83 160
83 138
83 83
83 85
83 154
83 125
84 97
84 98
84 84
84 154
85 160
85 163
85 164
85 138
85 99
85 156
85 157
85 85
86 160
86 98
86 138
86 86
86 87
87 138
87 160
87 170
87 87
88 131
88 165
88 166
88 135
88 136
88 177
88 88
88 150
88 120
88 90
88 91
88 92
88 93
89 137
89 110
89 147
89 89
89 90
89 94
90 166
90 141
90 90
90 91
90 92
90 94
90 100
91 94
91 166
91 91
91 92
91 141
91 140
92 131
92 166
92 140
92 141
92 150
92 92
92 94
93 131
93 164
93 165
93 166
93 177
93 163
93 149
93 150
93 93
94 139
94 140
94 141
94 110
94 158
94 151
94 143
94 94
95 129
95 130
95 99
95 102
95 113
95 104
95 145
95 146
95 179
95 95
96 96
96 119
96 172
96 153
96 121
97 97
97 98
97 103
97 107
97 173
97 178
97 123
98 98
98 152
98 153
99 99
99 156
99 113
99 157
99 138
100 100
100 134
100 161
100 136
100 169
100 135
100 172
100 146
100 118
100 120
100 122
100 126
101 164
101 101
101 177
101 168
101 167
101 116
101 105
101 148
101 152
101 155
102 102
102 113
102 145
102 146
102 150
102 104
103 128
103 132
103 107
103 173
103 176
103 178
103 123
103 103
104 129
104 130
104 174
104 175
104 145
104 146
104 153
104 104
105 134
105 105
105 147
105 116
105 137
105 148
106 144
106 167
106 168
106 106
106 108
106 109
106 112
106 114
106 115
106 119
107 128
107 107
107 173
107 176
107 178
107 139
107 132
107 123
108 108
108 109
108 111
108 112
108 114
108 147
108 117
108 151
108 158
108 159
109 168
109 109
109 111
109 112
109 114
109 117
109 121
109 159
110 137
110 151
110 110
110 112
110 158
110 159
111 139
111 169
111 171
111 112
111 114
111 117
111 151
111 111
112 168
112 151
112 112
112 114
112 116
112 117
112 158
112 159
113 165
113 163
113 133
113 113
113 145
113 142
113 146
113 127
113 156
114 169
114 114
114 147
114 117
114 151
114 158
115 144
115 167
115 168
115 174
115 115
115 119
115 124
116 155
116 134
116 172
116 147
116 116
116 148
116 158
117 171
117 172
117 117
117 169
117 151
118 134
118 135
118 172
118 143
118 147
118 118
118 120
118 122
118 155
118 126
119 167
119 168
119 119
119 174
119 144
119 142
120 133
120 166
120 135
120 136
120 170
120 120
120 122
120 126
120 127
121 153
121 121
122 166
122 135
122 136
122 170
122 122
122 126
122 127
123 128
123 173
123 142
123 176
123 178
123 123
123 132
124 129
124 130
124 167
124 174
124 175
124 124
124 125
125 129
125 130
125 167
125 174
125 175
125 152
125 155
125 125
126 136
126 135
126 132
126 172
126 126
127 163
127 133
127 170
127 135
127 136
127 127
127 149
128 128
128 173
128 142
128 176
128 132
129 129
129 130
129 175
129 174
130 130
130 174
130 175
130 145
130 142
131 131
131 132
131 165
131 166
131 177
131 142
131 176
131 145
131 146
132 173
132 142
132 176
132 132
133 163
133 133
133 170
133 136
134 134
134 172
134 147
134 155
135 135
135 136
135 170
136 136
136 170
137 158
137 137
137 159
138 160
138 156
138 138
138 157
139 161
139 139
140 161
140 171
140 169
140 140
140 141
140 143
140 180
140 151
141 161
141 171
141 169
141 141
141 143
141 180
141 151
142 163
142 142
142 176
142 149
142 155
143 171
143 180
143 158
143 169
143 143
143 151
143 159
144 144
144 152
144 168
144 167
144 174
145 145
145 146
146 146
147 155
147 147
147 161
147 172
148 152
148 148
149 149
149 165
149 170
149 179
149 150
149 180
150 164
150 166
150 171
150 177
150 150
150 180
150 165
151 158
151 159
151 171
151 151
152 162
152 152
152 164
153 177
153 153
153 158
153 159
154 154
155 172
155 177
155 155
156 164
156 157
156 156
157 157
158 158
158 159
159 159
160 160
160 179
161 161
161 176
162 162
163 163
163 170
164 164
164 165
164 177
165 177
165 165
165 166
166 166
166 177
167 167
167 168
167 174
167 175
168 168
168 174
169 171
169 180
169 169
170 170
171 171
171 180
172 172
173 173
173 176
173 178
174 175
174 174
175 175
176 176
177 177
178 178
179 179
180 180
