1 128
1 1
1 131
1 4
1 166
1 40
1 107
1 173
1 176
1 88
1 132
1 90
1 123
2 112
2 2
2 139
2 110
2 23
2 56
2 137
2 151
2 108
2 158
2 159
3 129
3 130
3 3
3 142
3 103
3 107
3 173
3 14
3 175
3 180
3 149
3 118
3 24
3 125
4 67
4 4
4 97
4 103
4 12
4 173
4 43
4 178
4 107
4 88
4 132
4 90
4 123
5 68
5 5
5 6
5 7
5 73
5 42
5 11
5 172
5 12
5 84
5 89
5 154
6 33
6 36
6 6
6 7
6 11
6 80
6 17
6 83
6 22
6 56
6 89
6 154
6 157
7 139
7 68
7 7
7 73
7 11
7 12
7 84
7 118
7 89
7 154
8 96
8 167
8 8
8 44
8 10
8 172
8 168
8 147
8 54
8 55
8 153
8 121
8 26
8 106
9 104
9 41
9 45
9 46
9 13
9 16
9 113
9 51
9 52
9 53
9 9
9 152
9 57
9 58
9 60
10 96
10 104
10 10
10 119
10 177
10 153
10 54
10 25
10 152
10 121
10 26
10 155
10 55
11 80
11 20
11 56
11 137
11 42
11 11
11 110
11 89
12 97
12 98
12 67
12 73
12 103
12 12
12 173
12 178
12 84
12 24
12 68
12 30
13 162
13 179
13 101
13 13
13 46
13 45
13 16
13 51
13 53
13 152
13 58
13 59
13 95
14 96
14 32
14 34
14 135
14 169
14 44
14 14
14 111
14 121
14 117
14 57
14 120
14 153
14 122
15 162
15 35
15 36
15 37
15 38
15 39
15 168
15 105
15 42
15 167
15 15
15 49
15 148
15 17
15 27
15 29
15 30
16 164
16 179
16 41
16 46
16 45
16 142
16 16
16 51
16 52
16 149
16 150
16 152
16 58
16 59
16 53
17 84
17 161
17 35
17 134
17 17
17 105
17 42
17 172
17 49
17 147
17 116
17 148
17 27
17 29
17 30
18 160
18 65
18 163
18 69
18 72
18 156
18 138
18 64
18 61
18 18
18 85
18 22
18 87
18 21
18 170
18 53
19 161
19 34
19 100
19 166
19 102
19 135
19 40
19 50
19 145
19 146
19 19
19 25
19 122
19 28
20 27
20 167
20 137
20 78
20 79
20 80
20 82
20 115
20 20
20 56
20 47
20 124
20 157
21 160
21 65
21 162
21 99
21 170
21 81
21 163
21 85
21 22
21 87
21 53
21 156
21 138
21 21
22 160
22 35
22 22
22 71
22 138
22 83
22 86
22 154
22 157
22 62
23 137
23 23
23 108
23 109
23 110
23 143
23 112
23 49
23 114
23 151
23 158
23 159
24 128
24 97
24 67
24 68
24 103
24 107
24 173
24 142
24 176
24 178
24 139
24 24
24 132
24 123
24 30
25 32
25 129
25 130
25 165
25 102
25 40
25 43
25 50
25 145
25 146
25 150
25 25
25 104
25 26
25 28
26 128
26 132
26 40
26 166
26 104
26 41
26 43
26 176
26 52
26 54
26 55
26 88
26 26
26 123
26 28
26 153
27 161
27 148
27 35
27 37
27 38
27 49
27 105
27 42
27 139
27 147
27 116
27 154
27 27
27 29
27 30
28 161
28 139
28 40
28 169
28 43
28 76
28 141
28 49
28 50
28 28
28 30
29 51
29 162
29 99
29 147
29 101
29 39
29 105
29 29
29 45
29 35
29 116
29 86
29 152
29 148
29 125
29 69
30 67
30 161
30 137
30 139
30 147
30 30
30 97
30 36
30 37
30 38
30 42
30 43
30 110
30 49
30 178
30 116
31 33
31 69
31 134
31 167
31 105
31 138
31 172
31 47
31 177
31 147
31 116
31 118
31 121
31 155
31 31
32 32
32 34
32 41
32 130
32 179
32 52
32 153
32 57
32 58
32 59
32 60
33 33
33 147
33 116
33 118
33 134
33 105
33 155
33 172
33 126
34 34
34 121
34 169
34 44
34 52
34 41
34 153
34 57
34 60
35 162
35 35
35 36
35 37
35 38
35 39
35 42
35 82
35 55
36 162
36 36
36 37
36 39
36 40
36 43
36 80
36 139
36 38
37 162
37 37
37 38
37 39
37 43
37 139
37 62
37 71
37 70
37 157
38 162
38 38
38 39
38 43
38 139
38 62
39 162
39 39
39 45
39 51
39 85
39 152
40 98
40 139
40 161
40 40
40 43
40 146
40 91
40 92
41 41
41 170
41 179
41 52
41 53
41 57
41 59
41 60
41 58
42 161
42 134
42 49
42 105
42 42
42 172
42 147
42 116
42 56
42 106
43 161
43 66
43 75
43 139
43 77
43 143
43 176
43 98
43 43
43 63
44 96
44 44
44 106
44 139
44 108
44 109
44 111
44 114
44 117
44 54
44 55
44 121
45 162
45 101
45 74
45 45
45 46
45 51
45 148
45 53
45 152
46 129
46 164
46 101
46 51
46 170
46 46
46 179
46 52
46 149
46 152
46 58
46 59
46 53
46 127
47 144
47 167
47 168
47 137
47 106
47 47
47 48
47 82
47 115
47 119
47 124
48 48
48 162
48 99
48 113
48 167
48 168
48 74
48 175
48 78
48 79
48 144
48 104
48 82
48 115
48 174
48 119
48 124
48 125
48 95
49 161
49 139
49 100
49 49
49 108
49 103
49 172
49 147
49 158
49 89
49 159
50 131
50 100
50 102
50 135
50 136
50 50
50 145
50 146
50 122
51 162
51 101
51 74
51 81
51 51
51 53
51 152
51 59
52 179
52 52
52 149
52 150
52 57
52 60
52 58
53 65
53 101
53 85
53 152
53 95
53 53
53 69
54 96
54 167
54 106
54 174
54 144
54 168
54 116
54 54
54 55
54 121
55 96
55 134
55 167
55 168
55 106
55 174
55 55
55 121
56 80
56 151
56 56
56 137
56 110
56 89
57 130
57 179
57 57
57 58
57 59
57 60
58 179
58 58
58 59
58 60
58 127
59 64
59 179
59 152
59 59
59 60
59 61
59 127
60 145
60 179
60 60
61 64
61 65
61 163
61 133
61 72
61 170
61 85
61 87
61 61
61 127
62 160
62 70
62 71
62 138
62 83
62 87
62 154
62 86
62 62
62 69
63 66
63 75
63 171
63 140
63 77
63 143
63 141
63 180
63 94
63 159
63 158
63 63
64 64
64 65
64 163
64 133
64 72
64 170
64 85
64 87
64 127
65 65
65 69
65 72
65 138
65 160
65 170
65 87
65 156
65 85
66 66
66 166
66 140
66 141
66 77
66 143
66 88
66 89
66 90
66 91
66 92
66 94
67 97
67 98
67 67
67 103
67 73
67 107
67 173
67 178
67 84
67 68
67 123
68 97
68 98
68 68
68 73
68 178
68 172
68 84
68 118
69 160
69 69
69 70
69 71
69 138
69 86
69 87
70 160
70 98
70 70
70 71
70 83
70 84
70 86
70 87
70 154
71 160
71 83
71 71
71 87
71 86
71 154
72 163
72 85
72 152
72 87
72 72
72 170
72 127
73 97
73 73
73 178
73 84
73 118
73 154
73 125
74 99
74 113
74 133
74 102
74 81
74 74
74 78
74 79
74 145
74 163
74 155
74 156
74 95
75 108
75 171
75 75
75 76
75 141
75 143
75 114
75 117
75 169
75 111
75 140
75 109
76 171
76 169
76 140
76 141
76 143
76 76
76 114
76 180
76 117
76 111
76 149
77 140
77 77
77 110
77 143
77 94
77 88
77 89
77 90
77 91
77 92
77 158
78 80
78 99
78 105
78 78
78 79
78 81
78 82
78 157
78 156
78 138
79 80
79 99
79 105
79 138
79 125
79 157
79 81
79 82
79 115
79 79
79 156
80 134
80 137
80 110
80 80
80 157
81 99
81 133
81 113
81 127
81 81
81 163
81 95
81 156
81 85
81 101
82 144
82 99
82 167
82 168
82 105
82 115
82 82
82 119
82 157
83 160
83 105
83 138
83 154
83 83
83 86
83 125
84 97
84 98
84 84
84 154
85 99
85 138
85 160
85 163
85 170
85 87
85 127
85 156
85 85
86 160
86 138
86 87
86 86
87 162
87 160
87 87
88 131
88 165
88 166
88 88
88 90
88 91
88 92
88 94
89 89
89 90
89 94
90 166
90 90
90 91
90 92
90 94
90 100
91 165
91 166
91 140
91 141
91 150
91 91
91 92
91 93
91 94
92 165
92 166
92 140
92 141
92 150
92 92
92 93
92 94
93 131
93 164
93 165
93 166
93 177
93 155
93 149
93 150
93 153
93 93
94 166
94 140
94 141
94 158
94 153
94 143
94 94
95 129
95 102
95 113
95 104
95 145
95 174
95 175
95 144
95 119
95 155
95 95
96 96
96 168
96 172
96 109
96 121
96 153
96 106
97 128
97 97
97 98
97 103
97 107
97 173
97 178
97 123
98 98
98 103
98 107
98 173
98 118
98 153
99 99
99 113
99 148
99 157
99 156
100 161
100 100
100 135
100 136
100 140
100 172
100 146
100 141
100 176
100 118
100 120
100 122
100 126
101 164
101 101
101 177
101 105
101 174
101 116
101 152
101 148
101 155
102 102
102 145
102 104
102 146
102 113
102 153
102 122
103 128
103 103
103 161
103 107
103 173
103 176
103 178
103 132
103 123
104 129
104 130
104 104
104 174
104 175
104 145
104 146
104 144
104 155
105 147
105 134
105 105
105 115
105 116
105 157
105 148
105 124
106 167
106 106
106 119
106 108
106 109
106 112
106 168
106 114
106 115
106 117
107 123
107 128
107 107
107 173
107 142
107 176
107 178
107 132
107 126
108 139
108 108
108 109
108 111
108 112
108 114
108 117
108 151
108 158
108 159
109 139
109 168
109 109
109 111
109 112
109 114
109 117
109 121
109 151
110 112
110 137
110 110
110 158
110 151
110 159
111 161
111 171
111 169
111 112
111 114
111 117
111 111
112 168
112 139
112 112
112 114
112 117
112 151
112 158
112 159
113 133
113 113
113 145
113 146
113 163
113 127
114 161
114 169
114 114
114 117
114 158
114 159
115 144
115 167
115 168
115 174
115 115
115 119
115 124
116 134
116 172
116 142
116 118
116 147
116 116
116 148
117 161
117 171
117 117
117 169
117 121
117 158
117 159
118 134
118 172
118 147
118 118
118 120
118 155
118 126
119 144
119 167
119 168
119 142
119 119
120 120
120 126
120 133
120 135
120 136
120 122
120 170
120 127
121 142
121 153
121 121
122 136
122 126
122 135
122 122
122 146
123 128
123 173
123 142
123 176
123 178
123 123
123 132
123 126
124 129
124 130
124 167
124 168
124 174
124 175
124 124
124 125
125 129
125 130
125 167
125 125
125 174
125 175
126 171
126 134
126 135
126 136
126 172
126 173
126 126
127 163
127 133
127 170
127 135
127 136
127 127
128 128
128 132
128 173
128 142
128 176
128 178
129 129
129 130
129 174
129 175
129 145
130 130
130 174
130 175
130 145
130 146
130 142
131 131
131 132
131 165
131 166
131 146
131 176
131 177
131 164
131 155
132 173
132 142
132 176
132 177
132 132
133 163
133 164
133 133
133 136
133 170
133 152
134 134
134 172
134 147
134 148
134 154
134 155
135 136
135 135
135 146
136 149
136 136
136 170
137 137
137 158
137 151
137 159
138 160
138 156
138 138
138 154
138 157
139 161
139 139
139 151
139 153
140 171
140 169
140 140
140 141
140 180
140 143
141 171
141 166
141 141
141 143
141 180
141 169
142 176
142 173
142 142
142 180
143 169
143 171
143 180
143 158
143 143
143 151
143 159
144 144
144 162
144 167
144 174
144 168
144 175
145 145
145 146
145 153
146 146
146 149
146 150
147 172
147 147
147 148
147 154
148 160
148 148
148 156
149 165
149 171
149 149
149 150
149 180
150 180
150 164
150 165
150 166
150 171
150 177
150 150
151 151
151 158
151 159
152 163
152 164
152 152
153 175
153 153
154 154
155 164
155 177
155 155
156 157
156 156
157 157
158 158
158 159
159 159
160 160
161 161
162 162
163 163
163 170
164 165
164 164
164 177
165 165
165 166
165 177
166 166
166 177
167 167
167 175
167 174
167 168
168 174
168 168
169 171
169 180
169 169
170 170
170 179
171 171
171 180
172 172
173 173
173 176
173 178
174 174
174 175
175 175
176 176
176 178
177 177
178 178
179 179
180 180
