1 128
1 1
1 162
1 131
1 132
1 107
1 103
1 176
1 4
1 123
1 173
2 2
2 137
2 106
2 43
2 151
2 110
2 112
2 158
2 23
2 159
2 28
2 94
2 63
3 129
3 130
3 3
3 103
3 107
3 109
3 142
3 173
3 24
3 153
3 123
3 125
4 67
4 4
4 97
4 107
4 12
4 173
4 15
4 17
4 178
4 123
4 59
4 7
4 58
4 103
5 22
5 84
5 5
5 6
5 7
5 68
5 154
5 11
5 12
5 118
5 73
6 6
6 7
6 41
6 11
6 79
6 80
6 51
6 22
6 56
6 154
6 157
7 172
7 32
7 147
7 7
7 73
7 11
7 12
7 80
7 51
7 84
7 56
7 68
7 154
8 168
8 106
8 54
8 167
8 8
8 55
8 10
8 59
8 124
8 26
8 174
9 32
9 34
9 67
9 73
9 14
9 13
9 46
9 45
9 16
9 51
9 52
9 53
9 9
9 152
10 96
10 177
10 104
10 10
10 119
10 174
10 144
10 179
10 54
10 55
10 26
11 11
11 172
11 80
11 20
11 56
11 89
11 154
11 157
11 39
12 84
12 97
12 98
12 67
12 73
12 103
12 12
12 34
12 173
12 178
12 116
12 121
12 24
12 68
13 179
13 41
13 13
13 45
13 46
13 15
13 16
13 51
13 52
13 152
13 57
13 123
13 60
13 29
14 96
14 32
14 34
14 67
14 104
14 74
14 44
14 14
14 52
14 53
14 121
14 57
15 161
15 162
15 35
15 37
15 38
15 39
15 139
15 15
15 17
15 51
15 56
15 27
15 29
15 30
16 68
16 101
16 45
16 46
16 16
16 51
16 52
16 53
16 150
16 152
16 22
16 29
16 149
17 161
17 132
17 17
17 105
17 42
17 139
17 49
17 147
17 116
17 119
17 27
17 29
17 30
18 160
18 65
18 99
18 69
18 72
18 64
18 138
18 86
18 81
18 18
18 85
18 22
18 87
18 31
18 156
18 61
18 21
19 161
19 66
19 100
19 135
19 145
19 42
19 50
19 112
19 49
19 146
19 19
19 158
19 151
19 25
19 122
19 28
19 94
20 33
20 35
20 167
20 168
20 137
20 110
20 47
20 80
20 82
20 115
20 20
20 56
20 27
20 157
21 160
21 65
21 99
21 72
21 64
21 138
21 61
21 78
21 79
21 81
21 163
21 85
21 22
21 87
21 31
21 156
21 170
21 21
22 160
22 65
22 71
22 80
22 138
22 78
22 79
22 83
22 52
22 22
22 154
22 157
22 62
23 100
23 137
23 106
23 23
23 110
23 143
23 112
23 158
23 151
23 153
23 159
23 126
23 63
24 128
24 97
24 98
24 68
24 103
24 107
24 173
24 142
24 176
24 152
24 178
24 67
24 116
24 147
24 24
24 132
24 123
24 52
25 129
25 130
25 50
25 49
25 40
25 42
25 43
25 108
25 146
25 145
25 114
25 117
25 25
25 88
25 104
25 26
25 28
26 104
26 43
26 174
26 40
26 54
26 90
26 143
26 28
26 26
27 161
27 147
27 116
27 168
27 105
27 139
27 45
27 51
27 148
27 56
27 27
27 29
27 30
28 161
28 139
28 36
28 40
28 42
28 43
28 49
28 28
28 30
29 147
29 101
29 167
29 105
29 103
29 45
29 46
29 51
29 116
29 54
29 152
29 148
29 29
29 30
30 161
30 39
30 42
30 139
30 119
30 55
30 30
31 96
31 33
31 131
31 164
31 134
31 160
31 172
31 79
31 177
31 118
31 155
31 126
31 31
32 32
32 34
32 121
32 41
32 48
32 179
32 52
32 57
32 153
32 58
32 59
32 60
33 33
33 164
33 70
33 134
33 71
33 172
33 177
33 83
33 126
33 118
33 120
33 155
33 124
33 62
34 96
34 34
34 121
34 41
34 107
34 173
34 174
34 60
34 52
34 57
34 123
34 156
34 53
35 162
35 35
35 36
35 37
35 38
35 39
35 43
35 179
35 58
35 59
36 162
36 36
36 37
36 38
36 39
36 40
36 89
36 139
36 43
37 162
37 37
37 38
37 39
37 40
37 43
37 139
37 55
37 59
38 162
38 38
38 39
38 168
38 43
38 40
38 139
38 59
39 162
39 39
39 139
39 179
39 58
39 59
40 129
40 162
40 139
40 40
40 43
40 130
40 112
40 155
41 179
41 41
41 51
41 52
41 153
41 57
41 58
41 59
41 60
42 161
42 50
42 100
42 49
42 42
42 77
42 146
43 129
43 137
43 43
43 162
43 77
43 139
43 130
44 96
44 129
44 98
44 72
44 169
44 108
44 109
44 111
44 114
44 117
44 55
44 121
44 44
44 127
45 97
45 67
45 101
45 105
45 45
45 46
45 51
45 116
45 152
45 148
46 144
46 68
46 101
46 78
46 53
46 51
46 148
46 46
46 152
46 52
46 79
46 149
47 144
47 162
47 167
47 168
47 137
47 106
47 110
47 47
47 80
47 82
47 115
47 56
48 48
48 99
48 167
48 74
48 78
48 79
48 144
48 82
48 115
48 174
48 156
48 157
48 95
49 161
49 100
49 49
49 145
49 50
49 112
49 146
49 122
50 131
50 100
50 102
50 135
50 104
50 145
50 146
50 143
50 136
50 50
50 122
50 91
50 92
51 82
51 51
51 53
51 152
51 57
51 60
52 149
52 99
52 57
52 152
52 52
52 180
52 60
52 53
53 101
53 53
53 152
53 154
53 157
54 167
54 168
54 106
54 172
54 174
54 144
54 115
54 54
54 55
55 96
55 167
55 119
55 109
55 112
55 168
55 55
55 106
56 162
56 137
56 172
56 110
56 80
56 56
56 89
56 157
57 179
57 57
57 153
57 121
57 58
57 59
57 60
57 157
58 179
58 162
58 58
58 59
58 60
59 162
59 179
59 59
59 60
60 179
60 153
60 60
60 157
61 64
61 65
61 163
61 133
61 136
61 170
61 113
61 180
61 72
61 127
61 61
61 85
62 160
62 69
62 70
62 71
62 138
62 83
62 87
62 154
62 86
62 62
63 135
63 140
63 141
63 143
63 112
63 151
63 122
63 159
63 158
63 63
64 64
64 65
64 163
64 180
64 72
64 170
64 127
64 85
65 65
65 99
65 138
65 160
65 87
65 121
65 156
65 85
66 66
66 166
66 151
66 88
66 89
66 90
66 91
66 92
66 77
66 94
67 128
67 97
67 98
67 67
67 105
67 103
67 73
67 107
67 173
67 176
67 178
67 84
67 68
67 123
68 97
68 98
68 68
68 73
68 103
68 178
68 84
68 125
69 96
69 160
69 83
69 69
69 86
69 87
69 138
69 71
69 70
70 160
70 98
70 70
70 71
70 175
70 83
70 84
70 86
70 87
70 154
70 124
70 125
71 160
71 98
71 86
71 71
71 138
71 83
71 87
72 163
72 72
72 170
72 127
72 87
72 155
72 85
73 97
73 73
73 178
73 84
73 148
73 154
73 124
74 144
74 99
74 133
74 102
74 113
74 74
74 81
74 163
74 85
74 95
74 156
74 127
75 129
75 171
75 169
75 75
75 108
75 141
75 111
75 76
75 114
75 180
75 117
75 140
75 109
75 149
76 171
76 169
76 170
76 76
76 141
76 111
76 108
76 114
76 180
76 117
76 150
76 140
76 143
76 149
77 100
77 166
77 77
77 110
77 151
77 88
77 89
77 90
77 91
77 92
77 94
78 80
78 99
78 138
78 78
78 79
78 82
78 156
78 157
78 85
79 80
79 99
79 138
79 79
79 82
79 156
79 157
79 85
80 134
80 80
80 89
80 116
80 157
81 99
81 133
81 102
81 113
81 81
81 163
81 121
81 127
81 156
81 170
81 85
81 95
82 144
82 99
82 167
82 168
82 115
82 82
82 119
82 157
83 160
83 138
83 86
83 175
83 83
83 154
83 124
83 125
84 97
84 98
84 178
84 84
84 118
84 154
84 124
84 125
85 99
85 160
85 163
85 138
85 87
85 121
85 156
85 85
86 96
86 160
86 138
86 86
86 87
86 153
87 96
87 160
87 87
88 131
88 164
88 165
88 166
88 88
88 89
88 90
88 91
88 92
88 93
88 94
89 137
89 110
89 94
89 89
89 90
89 126
90 165
90 166
90 151
90 90
90 91
90 92
90 122
90 94
91 164
91 165
91 166
91 177
91 91
91 92
91 93
91 94
92 131
92 164
92 165
92 166
92 177
92 145
92 92
92 93
92 94
93 163
93 164
93 165
93 166
93 141
93 177
93 155
93 150
93 93
94 166
94 137
94 110
94 120
94 151
94 94
95 144
95 177
95 102
95 113
95 104
95 145
95 174
95 175
95 155
95 95
96 96
96 109
96 111
96 146
96 117
96 121
96 114
96 119
97 128
97 97
97 98
97 103
97 132
97 173
97 176
97 178
97 107
97 147
97 123
98 98
98 103
98 153
99 99
99 157
99 156
99 138
100 161
100 100
100 134
100 145
100 136
100 135
100 172
100 118
100 120
100 122
100 126
100 146
101 164
101 101
101 134
101 105
101 172
101 147
101 116
101 152
101 148
101 157
102 102
102 113
102 145
102 121
102 127
102 146
102 104
103 107
103 128
103 103
103 173
103 176
103 178
103 123
103 132
104 129
104 104
104 174
104 175
104 145
104 124
105 161
105 134
105 105
105 172
105 147
105 116
105 148
106 161
106 167
106 106
106 108
106 109
106 112
106 168
106 115
106 117
106 119
107 123
107 128
107 107
107 173
107 142
107 176
107 178
107 132
108 136
108 108
108 109
108 143
108 112
108 114
108 117
108 111
108 158
109 135
109 109
109 111
109 112
109 114
109 117
109 120
109 119
109 158
109 159
110 126
110 167
110 168
110 137
110 151
110 110
110 112
110 158
110 159
111 129
111 171
111 111
111 141
111 114
111 180
111 117
111 169
111 121
111 140
112 158
112 137
112 112
112 114
112 117
112 159
112 151
112 126
113 163
113 133
113 113
113 145
113 170
113 121
113 127
114 130
114 171
114 114
114 146
114 117
114 169
115 144
115 162
115 167
115 168
115 115
115 119
115 157
116 147
116 134
116 172
116 116
116 118
116 148
117 171
117 121
117 117
117 119
118 134
118 135
118 168
118 172
118 147
118 118
118 120
118 126
119 168
119 139
119 144
119 119
120 128
120 133
120 134
120 135
120 136
120 172
120 142
120 126
120 120
120 122
120 127
121 128
121 176
121 121
121 169
121 153
121 138
122 145
122 136
122 135
122 146
122 122
122 126
123 123
123 128
123 142
123 173
123 176
123 178
123 132
124 130
124 129
124 174
124 175
124 124
124 125
125 129
125 130
125 174
125 175
125 142
125 180
125 125
126 134
126 135
126 136
126 172
126 159
126 126
127 163
127 133
127 135
127 180
127 170
127 136
127 127
127 165
128 128
128 132
128 173
128 142
128 176
129 129
129 130
129 174
129 175
130 130
130 164
130 142
130 175
130 153
131 133
131 131
131 132
131 165
131 166
131 176
131 177
131 155
132 132
132 161
132 173
132 176
132 155
133 133
133 136
133 170
133 163
133 150
134 134
134 172
134 147
134 148
135 146
135 135
135 136
135 170
136 136
136 170
136 146
137 137
137 158
137 151
137 159
138 160
138 156
138 138
138 157
139 161
139 139
140 140
140 171
140 141
140 143
140 145
140 150
140 158
140 159
141 171
141 169
141 141
141 143
141 145
141 180
141 150
141 158
141 159
142 176
142 142
142 173
143 171
143 143
143 159
143 151
143 158
144 144
144 167
144 168
144 174
145 146
145 166
145 145
146 146
147 172
147 178
147 147
147 148
148 148
148 152
149 171
149 149
149 150
149 169
149 180
149 175
150 164
150 169
150 171
150 180
150 150
151 151
151 159
151 158
152 152
152 154
153 153
154 154
155 165
155 176
155 177
155 155
155 164
156 157
156 156
157 157
158 159
158 158
159 159
160 160
161 161
162 162
162 179
163 163
163 169
163 177
163 170
164 164
164 166
164 165
164 177
165 165
165 166
165 170
165 177
166 166
166 177
167 167
167 168
167 174
168 168
169 171
169 180
169 169
170 170
170 171
171 171
171 180
172 172
173 173
173 176
173 178
174 174
174 175
175 175
175 180
176 176
177 177
178 178
179 179
180 180
