1 128
1 1
1 131
1 132
1 97
1 103
1 173
1 176
1 107
1 116
1 53
1 4
1 90
1 123
2 2
2 134
2 137
2 151
2 109
2 110
2 143
2 112
2 82
2 51
2 20
2 23
2 158
2 159
3 129
3 130
3 3
3 97
3 67
3 98
3 142
3 35
3 117
3 24
3 153
3 125
4 128
4 67
4 4
4 97
4 103
4 172
4 173
4 178
4 107
4 132
4 123
5 68
5 5
5 6
5 7
5 73
5 11
5 12
5 46
5 178
5 84
5 89
5 154
5 62
6 6
6 7
6 138
6 11
6 46
6 80
6 52
6 22
6 56
6 89
6 154
6 157
7 68
7 7
7 73
7 11
7 12
7 46
7 178
7 84
7 56
7 89
7 154
7 62
8 167
8 8
8 41
8 10
8 174
8 144
8 168
8 57
8 54
8 55
8 153
8 26
8 106
9 32
9 34
9 168
9 41
9 89
9 13
9 46
9 45
9 16
9 51
9 52
9 53
9 54
9 9
9 152
9 57
9 60
10 96
10 168
10 41
10 106
10 55
10 144
10 53
10 54
10 119
10 26
10 10
11 34
11 11
11 110
11 80
11 20
11 22
11 56
11 89
11 157
12 97
12 67
12 68
12 73
12 103
12 12
12 16
12 178
12 84
12 24
13 168
13 13
13 46
13 45
13 16
13 17
13 51
13 180
13 53
13 152
13 52
13 29
14 96
14 33
14 34
14 99
14 133
14 32
14 104
14 41
14 44
14 14
14 60
14 156
14 52
14 78
14 57
14 121
14 124
15 162
15 35
15 37
15 38
15 17
15 42
15 39
15 15
15 27
15 49
15 51
15 139
15 143
15 29
15 30
15 166
16 45
16 68
16 101
16 73
16 46
16 79
16 16
16 24
16 51
16 180
16 149
16 22
16 152
16 52
16 154
16 53
17 27
17 147
17 49
17 105
17 42
17 45
17 109
17 17
17 51
17 116
17 151
17 148
17 90
17 29
17 30
18 64
18 65
18 99
18 72
18 138
18 160
18 61
18 18
18 163
18 180
18 85
18 87
18 127
18 156
18 170
18 21
19 161
19 100
19 102
19 135
19 136
19 50
19 145
19 146
19 19
19 120
19 25
19 122
19 28
19 93
20 144
20 167
20 168
20 137
20 110
20 47
20 80
20 56
20 82
20 115
20 20
20 152
20 157
21 160
21 65
21 99
21 33
21 72
21 64
21 138
21 61
21 78
21 79
21 83
21 85
21 87
21 156
21 170
21 21
22 65
22 22
22 69
22 71
22 80
22 138
22 83
22 86
22 56
22 154
22 62
23 137
23 151
23 140
23 141
23 110
23 143
23 112
23 179
23 158
23 23
23 109
23 94
23 159
24 128
24 97
24 98
24 68
24 103
24 107
24 173
24 142
24 178
24 67
24 180
24 118
24 24
24 84
24 123
24 176
25 129
25 164
25 102
25 104
25 146
25 145
25 50
25 40
25 121
25 25
25 26
25 28
26 145
26 34
26 174
26 54
26 40
26 28
26 26
26 104
27 96
27 161
27 49
27 42
27 139
27 143
27 147
27 116
27 88
27 27
27 29
27 30
28 161
28 139
28 36
28 40
28 43
28 76
28 50
28 28
28 30
29 66
29 147
29 134
29 49
29 105
29 42
29 45
29 51
29 116
29 94
29 152
29 148
29 29
29 158
30 161
30 43
30 100
30 37
30 49
30 40
30 42
30 139
30 50
30 111
30 30
31 33
31 162
31 131
31 164
31 165
31 134
31 31
31 38
31 74
31 43
31 177
31 118
31 36
31 155
31 93
31 127
32 32
32 34
32 131
32 121
32 41
32 57
32 66
32 47
32 179
32 180
32 53
32 153
32 52
32 58
32 59
32 60
33 160
33 33
33 130
33 164
33 101
33 134
33 65
33 44
33 172
33 175
33 177
33 118
33 155
33 157
33 126
34 48
34 34
34 121
34 41
34 57
34 80
34 180
34 53
34 153
34 52
34 60
34 157
35 162
35 36
35 37
35 38
35 39
35 43
35 108
35 35
35 58
35 59
36 162
36 36
36 37
36 38
36 39
36 40
36 43
36 111
36 139
36 93
37 162
37 37
37 38
37 39
37 40
37 139
37 43
37 165
38 165
38 162
38 38
38 39
38 40
38 43
38 177
38 139
38 59
39 51
39 162
39 39
39 42
39 109
39 179
39 58
39 59
39 166
40 129
40 130
40 164
40 40
40 43
40 139
40 171
41 121
41 179
41 41
41 51
41 52
41 137
41 153
41 57
41 59
41 60
41 58
42 161
42 166
42 49
42 42
42 139
42 108
42 114
42 51
43 162
43 139
43 130
43 43
43 155
43 63
44 96
44 161
44 169
44 75
44 108
44 109
44 111
44 114
44 117
44 119
44 121
44 44
44 63
45 101
45 105
45 55
45 45
45 46
45 51
45 116
45 53
45 152
45 148
46 173
46 148
46 149
46 152
46 103
46 101
46 167
46 105
46 107
46 46
46 51
46 180
46 53
46 54
46 52
46 123
47 144
47 82
47 115
47 48
47 167
47 168
47 106
47 110
47 47
48 48
48 99
48 113
48 168
48 74
48 167
48 78
48 144
48 81
48 115
48 174
48 79
48 157
48 95
49 96
49 161
49 100
49 49
49 139
49 140
49 141
50 161
50 100
50 102
50 135
50 136
50 171
50 50
50 145
50 146
50 122
51 66
51 179
51 55
51 51
51 53
51 152
51 57
51 60
52 132
52 57
52 52
52 180
52 60
52 157
52 53
53 82
53 53
53 152
54 96
54 167
54 168
54 106
54 119
54 144
54 115
54 54
54 55
54 57
55 96
55 167
55 168
55 106
55 55
55 109
55 144
55 119
55 58
56 137
56 77
56 110
56 80
56 152
56 56
56 89
56 157
57 121
57 179
57 144
57 180
57 57
57 153
57 58
57 59
57 60
58 162
58 166
58 179
58 153
58 58
58 59
58 60
59 162
59 179
59 151
59 59
59 60
60 180
60 179
60 137
60 153
60 60
61 64
61 160
61 163
61 72
61 170
61 155
61 61
61 85
61 127
62 69
62 70
62 71
62 73
62 138
62 83
62 180
62 87
62 154
62 86
62 62
63 75
63 100
63 169
63 171
63 108
63 141
63 111
63 76
63 114
63 117
63 150
63 63
63 149
64 64
64 160
64 163
64 155
64 72
64 170
64 127
64 85
65 160
65 65
65 138
65 79
65 83
65 87
65 156
65 85
66 66
66 147
66 166
66 77
66 151
66 88
66 89
66 90
66 91
66 92
66 94
67 128
67 97
67 98
67 103
67 107
67 173
67 176
67 178
67 67
67 84
67 118
67 68
67 123
68 97
68 98
68 68
68 73
68 103
68 178
68 84
69 160
69 69
69 70
69 71
69 138
69 83
69 180
69 87
69 154
69 86
70 70
70 71
70 73
70 83
70 180
70 86
70 87
70 84
70 154
70 125
71 160
71 86
71 71
71 83
71 180
71 87
71 154
71 125
72 160
72 163
72 72
72 170
72 180
72 87
72 85
72 127
73 73
73 178
73 84
73 154
73 125
74 99
74 133
74 113
74 74
74 174
74 78
74 79
74 81
74 85
74 95
74 156
75 149
75 171
75 100
75 169
75 75
75 108
75 141
75 111
75 76
75 114
75 117
75 150
76 149
76 171
76 108
76 76
76 141
76 111
76 140
76 117
76 150
76 169
76 126
77 166
77 77
77 110
77 116
77 151
77 88
77 89
77 90
77 91
77 92
77 94
78 80
78 99
78 124
78 78
78 79
78 81
78 157
78 156
78 138
78 85
79 99
79 80
79 124
79 79
79 81
79 157
79 156
79 138
79 85
80 80
80 156
80 157
81 99
81 113
81 81
81 163
81 85
81 121
81 95
81 156
81 170
81 127
82 167
82 168
82 137
82 106
82 110
82 144
82 82
82 115
83 160
83 138
83 86
83 175
83 83
83 180
83 87
83 154
83 124
83 125
84 97
84 98
84 178
84 84
84 101
85 99
85 124
85 160
85 163
85 138
85 170
85 127
85 121
85 175
85 156
85 85
86 160
86 86
86 138
86 180
86 87
86 154
87 160
87 138
87 180
87 87
88 131
88 164
88 165
88 166
88 177
88 91
88 179
88 88
88 90
88 92
88 93
88 94
89 118
89 89
89 90
89 91
89 92
89 94
90 165
90 166
90 90
90 91
90 92
90 94
91 131
91 165
91 166
91 140
91 141
91 179
91 151
91 91
91 92
91 93
91 94
92 131
92 164
92 165
92 166
92 140
92 141
92 177
92 179
92 151
92 92
92 93
92 94
93 131
93 165
93 166
93 135
93 136
93 177
93 155
93 150
93 164
93 93
94 166
94 143
94 137
94 151
94 172
94 110
94 141
94 140
94 158
94 94
94 159
95 102
95 113
95 104
95 145
95 174
95 175
95 146
95 155
95 95
96 96
96 119
96 109
96 111
96 114
96 117
96 121
97 107
97 98
97 134
97 97
97 128
97 103
97 173
97 176
97 178
97 118
97 123
97 132
98 98
98 103
98 107
98 173
98 119
98 153
98 123
99 99
99 113
99 156
99 157
100 161
100 131
100 100
100 135
100 136
100 172
100 126
100 147
100 120
100 122
101 115
101 101
101 134
101 168
101 105
101 172
101 147
101 118
101 152
101 148
101 116
102 136
102 164
102 133
102 102
102 135
102 104
102 146
102 145
102 113
102 120
102 122
103 128
103 107
103 173
103 176
103 178
103 123
103 103
103 132
104 149
104 129
104 113
104 104
104 174
104 175
104 145
104 146
105 128
105 134
105 105
105 172
105 110
105 147
105 148
105 118
105 152
105 116
106 144
106 115
106 167
106 119
106 114
106 109
106 112
106 168
106 179
106 106
107 128
107 107
107 173
107 142
107 176
107 123
107 132
108 169
108 108
108 109
108 143
108 112
108 114
108 117
108 111
109 109
109 111
109 112
109 114
109 119
109 158
109 159
110 110
110 115
110 158
110 137
110 159
111 171
111 169
111 111
111 114
111 117
112 112
112 168
112 137
112 143
112 144
112 114
112 116
112 158
112 159
113 133
113 113
113 145
113 146
113 163
113 180
113 127
114 169
114 114
114 143
114 117
115 144
115 167
115 168
115 115
116 134
116 172
116 147
116 116
116 118
116 148
117 169
117 171
117 142
117 117
117 119
118 134
118 172
118 142
118 120
118 178
118 147
118 118
118 155
118 126
119 119
119 144
119 177
119 121
120 131
120 133
120 135
120 136
120 146
120 120
120 122
120 126
121 145
121 138
121 175
121 121
121 153
121 125
122 133
122 135
122 145
122 146
122 177
122 136
122 122
122 127
123 128
123 173
123 142
123 176
123 123
123 132
124 129
124 130
124 174
124 175
124 125
124 154
124 124
125 129
125 130
125 174
125 175
125 142
125 154
125 125
126 133
126 134
126 135
126 136
126 169
126 172
126 147
126 132
126 126
127 163
127 133
127 170
127 127
128 128
128 172
128 173
128 142
128 176
128 132
129 129
129 130
129 174
129 175
129 145
129 149
130 160
130 130
130 142
130 175
131 131
131 132
131 165
131 166
131 177
131 164
131 155
132 173
132 176
132 152
132 132
133 133
133 136
133 135
134 134
134 172
134 147
134 148
134 155
135 135
135 136
135 146
135 145
136 136
136 146
136 145
137 151
137 158
137 137
137 159
138 160
138 156
138 138
138 154
139 161
139 139
139 141
140 151
140 140
140 141
140 143
140 158
140 159
141 151
141 171
141 141
141 143
141 158
141 159
142 173
142 142
142 176
143 151
143 143
143 158
143 159
144 144
144 167
144 168
145 145
145 146
146 164
146 146
146 150
147 172
147 147
147 148
148 172
148 173
148 152
148 148
149 169
149 171
149 180
149 149
149 150
150 165
150 171
150 164
150 150
150 169
151 151
151 158
151 159
152 152
153 179
153 153
154 154
155 164
155 165
155 170
155 177
155 163
155 155
156 157
156 156
157 157
158 158
158 159
159 179
159 159
160 160
161 161
162 162
162 179
163 163
163 170
164 164
164 165
164 166
164 177
165 165
165 166
165 177
166 166
166 177
167 167
167 168
167 174
168 168
169 171
169 169
170 170
171 171
172 172
172 176
173 173
173 176
173 178
174 174
174 175
174 180
175 175
176 176
177 177
178 178
179 179
180 180
