1 128
1 1
1 131
1 4
1 97
1 103
1 173
1 176
1 107
1 88
1 132
1 90
1 123
1 60
2 2
2 39
2 137
2 106
2 23
2 109
2 110
2 143
2 112
2 82
2 147
2 20
2 158
2 151
2 94
2 159
3 129
3 130
3 3
3 40
3 43
3 98
3 142
3 175
3 149
3 24
3 153
3 125
4 107
4 67
4 4
4 128
4 97
4 32
4 103
4 173
4 178
4 51
4 147
4 132
4 123
4 29
5 68
5 5
5 6
5 7
5 73
5 12
5 178
5 84
5 53
5 9
5 154
5 62
6 32
6 6
6 7
6 138
6 11
6 80
6 53
6 22
6 56
6 89
6 154
6 157
7 68
7 7
7 73
7 11
7 12
7 178
7 84
7 56
7 89
7 154
7 134
8 144
8 33
8 115
8 54
8 167
8 8
8 168
8 10
8 55
8 106
8 174
9 32
9 34
9 103
9 9
9 107
9 45
9 46
9 13
9 16
9 173
9 178
9 51
9 52
9 53
9 41
9 152
9 57
9 60
10 144
10 168
10 41
10 10
10 55
10 174
10 16
10 54
10 119
10 104
10 26
10 155
11 105
11 11
11 110
11 80
11 20
11 22
11 89
11 56
11 57
11 157
12 97
12 98
12 67
12 68
12 134
12 73
12 103
12 12
12 45
12 178
12 84
12 24
13 97
13 101
13 13
13 46
13 45
13 16
13 51
13 148
13 53
13 54
13 152
13 180
13 29
13 52
14 32
14 34
14 163
14 102
14 72
14 41
14 44
14 14
14 180
14 121
14 57
14 127
14 60
14 52
15 162
15 35
15 36
15 37
15 38
15 39
15 42
15 139
15 109
15 15
15 49
15 17
15 151
15 90
15 27
15 29
15 30
16 160
16 98
16 101
16 125
16 46
16 45
16 16
16 81
16 18
16 180
16 149
16 152
16 52
16 74
16 53
17 51
17 49
17 105
17 42
17 139
17 172
17 77
17 17
17 147
17 116
17 23
17 27
17 29
17 30
18 64
18 65
18 99
18 72
18 138
18 160
18 61
18 81
18 18
18 163
18 85
18 87
18 127
18 156
18 170
18 21
19 161
19 100
19 102
19 135
19 136
19 50
19 145
19 146
19 19
19 120
19 25
19 122
19 28
19 93
20 51
20 167
20 168
20 137
20 144
20 110
20 47
20 80
20 82
20 115
20 20
20 56
20 157
21 160
21 65
21 34
21 99
21 72
21 64
21 138
21 61
21 78
21 79
21 83
21 85
21 87
21 156
21 170
21 21
22 65
22 69
22 71
22 138
22 80
22 83
22 22
22 152
22 154
22 70
22 62
23 137
23 151
23 140
23 141
23 110
23 143
23 112
23 158
23 118
23 23
23 109
23 94
23 159
24 128
24 97
24 98
24 68
24 103
24 107
24 173
24 142
24 176
24 178
24 67
24 118
24 24
24 123
25 129
25 130
25 164
25 102
25 104
25 146
25 145
25 50
25 150
25 40
25 25
25 26
25 28
26 129
26 146
26 43
26 40
26 104
26 155
26 28
26 26
26 174
27 161
27 49
27 105
27 42
27 139
27 109
27 147
27 116
27 27
27 29
27 30
28 161
28 139
28 165
28 40
28 43
28 76
28 49
28 50
28 28
28 30
29 45
29 101
29 134
29 105
29 42
29 132
29 29
29 51
29 116
29 147
29 119
29 152
29 148
29 106
30 161
30 139
30 100
30 37
30 166
30 49
30 40
30 42
30 43
30 30
31 96
31 33
31 163
31 164
31 165
31 134
31 170
31 93
31 177
31 131
31 118
31 155
31 74
31 31
32 32
32 34
32 121
32 41
32 179
32 180
32 57
32 153
32 58
32 59
32 60
32 157
32 52
33 33
33 101
33 134
33 106
33 172
33 177
33 147
33 118
33 87
33 121
33 155
33 138
33 126
34 34
34 133
34 41
34 57
34 175
34 113
34 180
34 84
34 121
34 60
34 62
34 52
35 59
35 162
35 35
35 36
35 37
35 38
35 39
35 119
35 139
35 43
36 96
36 162
36 36
36 37
36 38
36 39
36 40
36 140
36 43
36 108
36 141
36 139
37 162
37 37
37 38
37 39
37 40
37 139
37 43
37 166
38 43
38 162
38 38
38 39
38 139
38 59
38 166
39 51
39 39
39 42
39 162
39 179
39 66
39 58
39 59
39 94
40 129
40 130
40 40
40 169
40 43
40 139
40 171
41 179
41 167
41 41
41 51
41 52
41 56
41 57
41 58
41 59
41 60
41 153
42 161
42 49
42 42
42 139
42 147
42 116
42 90
43 162
43 139
43 130
43 177
43 75
43 43
43 93
43 165
44 96
44 161
44 169
44 75
44 108
44 109
44 111
44 114
44 117
44 119
44 121
44 44
44 63
45 97
45 67
45 101
45 167
45 105
45 144
45 45
45 46
45 51
45 148
45 53
45 152
46 48
46 148
46 101
46 70
46 71
46 46
46 51
46 180
46 53
46 152
46 52
46 149
47 144
47 51
47 82
47 115
47 167
47 168
47 137
47 106
47 110
47 47
48 144
48 99
48 113
48 168
48 74
48 167
48 174
48 79
48 48
48 81
48 115
48 78
48 156
48 157
48 95
49 96
49 161
49 100
49 49
49 139
49 114
49 88
50 161
50 100
50 102
50 135
50 136
50 145
50 50
50 177
50 146
50 122
51 179
51 168
51 82
51 51
51 53
51 152
51 57
51 58
51 59
51 60
52 149
52 69
52 71
52 60
52 81
52 174
52 86
52 121
52 152
52 180
52 52
52 53
52 57
52 124
52 85
53 53
53 152
53 101
54 167
54 168
54 174
54 144
54 115
54 54
54 55
54 153
54 106
55 96
55 167
55 168
55 105
55 55
55 109
55 144
55 115
55 119
55 106
56 80
56 110
56 56
56 157
56 137
56 89
57 121
57 179
57 80
57 153
57 57
57 58
57 59
57 60
58 162
58 179
58 82
58 153
58 58
58 59
58 60
59 162
59 179
59 82
59 153
59 59
59 60
60 179
60 167
60 153
60 60
61 64
61 160
61 163
61 72
61 170
61 155
61 61
61 85
61 127
62 70
62 71
62 73
62 138
62 86
62 83
62 84
62 87
62 154
62 124
62 62
62 69
63 171
63 100
63 169
63 75
63 108
63 141
63 63
63 111
63 76
63 114
63 149
63 150
63 140
63 117
64 64
64 160
64 163
64 155
64 72
64 170
64 127
64 85
65 160
65 65
65 69
65 156
65 138
65 78
65 79
65 85
65 87
65 101
66 66
66 91
66 166
66 151
66 88
66 89
66 90
66 92
66 77
66 94
67 128
67 97
67 98
67 67
67 103
67 105
67 107
67 173
67 176
67 178
67 84
67 68
67 123
68 97
68 98
68 68
68 73
68 103
68 152
68 178
68 84
68 148
69 160
69 69
69 70
69 71
69 138
69 83
69 87
69 154
69 86
70 70
70 71
70 73
70 83
70 84
70 87
70 154
70 86
70 125
71 160
71 101
71 71
71 83
71 87
71 154
71 86
71 125
72 160
72 163
72 72
72 170
72 87
72 85
72 127
73 73
73 178
73 84
73 148
73 154
73 124
74 99
74 133
74 113
74 144
74 78
74 79
74 81
74 174
74 95
74 156
74 74
74 85
75 169
75 171
75 75
75 108
75 141
75 111
75 76
75 114
75 117
75 140
76 149
76 171
76 169
76 140
76 141
76 111
76 76
76 114
76 117
76 150
77 166
77 137
77 77
77 110
77 151
77 88
77 89
77 90
77 91
77 92
77 94
78 99
78 101
78 80
78 78
78 79
78 81
78 157
78 156
78 138
78 85
79 99
79 101
79 80
79 79
79 157
79 156
79 138
79 85
80 80
80 110
80 157
81 95
81 99
81 113
81 81
81 163
81 174
81 127
81 156
81 170
81 85
82 115
82 167
82 168
82 137
82 106
82 110
82 144
82 82
83 160
83 101
83 138
83 86
83 175
83 83
83 87
83 154
83 124
83 125
84 97
84 98
84 178
84 84
84 152
85 99
85 124
85 160
85 163
85 138
85 170
85 127
85 156
85 85
86 160
86 138
86 86
86 87
86 154
86 125
87 160
87 138
87 87
88 131
88 164
88 165
88 166
88 177
88 139
88 94
88 88
88 90
88 91
88 92
88 93
88 126
89 110
89 118
89 89
89 90
89 94
90 165
90 166
90 90
90 91
90 92
90 94
91 131
91 164
91 165
91 166
91 139
91 140
91 141
91 91
91 92
91 93
91 94
92 131
92 164
92 165
92 166
92 139
92 140
92 141
92 177
92 92
92 93
92 94
93 131
93 164
93 165
93 166
93 135
93 177
93 155
93 150
93 93
94 166
94 151
94 143
94 110
94 158
94 94
94 159
95 102
95 113
95 104
95 145
95 174
95 175
95 95
95 155
95 127
96 96
96 119
96 108
96 109
96 111
96 114
96 117
96 121
97 128
97 98
97 97
97 103
97 176
97 173
97 178
97 107
97 118
97 123
97 132
98 98
98 103
98 107
98 173
98 142
98 153
99 99
99 101
99 157
99 156
99 138
100 161
100 131
100 100
100 135
100 136
100 172
100 146
100 126
100 118
100 120
100 122
101 101
101 134
101 105
101 152
101 148
101 116
101 156
102 136
102 113
102 133
102 102
102 135
102 104
102 146
102 145
102 180
102 120
102 122
103 128
103 107
103 173
103 176
103 178
103 123
103 103
103 132
104 129
104 130
104 113
104 104
104 174
104 175
104 145
104 146
104 180
105 134
105 105
105 172
105 178
105 147
105 148
105 118
105 152
105 116
106 167
106 112
106 106
106 119
106 109
106 144
106 168
106 115
107 128
107 107
107 173
107 176
107 178
107 123
107 132
108 159
108 169
108 108
108 109
108 111
108 112
108 114
108 117
108 143
108 158
109 172
109 109
109 119
109 112
109 114
109 111
109 158
109 159
110 116
110 167
110 168
110 137
110 110
110 158
110 151
110 159
111 161
111 171
111 141
111 111
111 114
111 117
111 169
111 140
112 137
112 151
112 172
112 162
112 112
112 114
112 118
112 143
112 158
112 159
113 163
113 133
113 113
113 145
113 146
113 127
113 170
114 169
114 114
114 117
114 119
114 143
114 158
115 144
115 115
115 167
115 168
115 119
115 179
115 157
116 128
116 134
116 172
116 176
116 147
116 116
116 118
116 137
116 148
117 161
117 171
117 117
117 169
117 121
118 155
118 134
118 172
118 142
118 120
118 147
118 118
118 159
118 126
119 168
119 119
119 144
119 121
120 165
120 135
120 136
120 146
120 120
120 121
120 122
120 126
120 133
121 121
121 129
122 133
122 135
122 136
122 146
122 145
122 150
122 122
122 126
123 128
123 172
123 173
123 142
123 176
123 123
123 132
124 160
124 129
124 130
124 174
124 175
124 154
124 124
124 125
125 160
125 129
125 130
125 142
125 175
125 174
125 125
126 133
126 134
126 135
126 136
126 171
126 172
126 126
126 166
127 163
127 133
127 170
127 127
128 128
128 173
128 142
128 176
128 132
129 129
129 130
129 145
129 174
129 175
129 146
129 142
130 130
130 142
130 175
130 149
131 162
131 131
131 165
131 166
131 161
131 164
131 177
131 155
131 132
132 173
132 176
132 132
133 164
133 133
133 135
133 136
134 147
134 134
134 172
134 148
134 155
135 135
135 136
135 146
135 145
136 136
136 146
136 145
136 150
137 137
137 151
137 158
137 159
138 160
138 156
138 138
138 154
138 157
139 161
139 143
139 139
140 151
140 171
140 140
140 141
140 143
140 158
140 159
141 171
141 151
141 141
141 150
141 169
141 143
141 158
141 159
142 142
142 176
142 149
143 143
143 158
143 151
143 159
144 144
144 179
144 167
144 168
145 145
145 146
145 149
146 146
146 164
147 172
147 176
147 147
147 148
148 168
148 172
148 152
148 148
149 149
149 169
149 171
149 150
149 180
150 164
150 165
150 169
150 171
150 150
151 151
151 158
151 159
152 152
152 154
153 179
153 153
154 154
155 164
155 165
155 177
155 155
156 157
156 156
157 157
158 172
158 158
158 159
159 159
160 160
160 175
161 161
162 162
162 179
163 163
163 170
164 165
164 164
164 166
164 177
165 165
165 166
165 177
166 177
166 166
167 167
167 168
167 174
168 168
169 171
169 180
169 169
170 170
171 171
171 180
172 172
173 173
173 176
173 178
174 174
174 175
175 175
176 176
177 177
178 178
179 179
180 180
