1 128
1 1
1 34
1 131
1 4
1 16
1 103
1 107
1 173
1 176
1 178
1 52
1 132
1 123
2 144
2 2
2 115
2 66
2 137
2 106
2 77
2 110
2 109
2 112
2 82
2 51
2 20
2 158
2 23
2 94
2 159
3 128
3 130
3 3
3 132
3 107
3 76
3 173
3 142
3 176
3 119
3 24
3 123
4 107
4 34
4 67
4 4
4 97
4 103
4 12
4 173
4 178
4 131
4 132
4 123
5 83
5 84
5 5
5 6
5 7
5 68
5 154
5 62
5 12
5 14
5 73
6 65
6 6
6 7
6 11
6 78
6 79
6 80
6 22
6 56
6 154
6 155
6 157
7 68
7 7
7 73
7 11
7 14
7 83
7 84
7 22
7 154
7 62
8 16
8 167
8 8
8 41
8 10
8 174
8 144
8 168
8 54
8 55
8 153
8 26
8 106
9 32
9 34
9 41
9 13
9 46
9 45
9 16
9 51
9 52
9 53
9 89
9 9
9 152
9 57
9 60
10 96
10 144
10 10
10 54
10 55
10 168
10 26
10 155
10 106
10 167
11 99
11 11
11 78
11 79
11 80
11 20
11 56
11 89
11 155
11 157
12 68
12 97
12 98
12 67
12 103
12 73
12 12
12 178
12 84
12 24
12 180
12 125
13 45
13 179
13 57
13 77
13 46
13 13
13 16
13 51
13 52
13 53
13 55
13 152
13 89
13 58
13 59
13 60
14 96
14 33
14 34
14 32
14 65
14 41
14 138
14 44
14 126
14 14
14 52
14 85
14 22
14 57
14 121
14 124
14 169
15 162
15 35
15 36
15 37
15 38
15 39
15 42
15 139
15 15
15 49
15 114
15 17
15 43
15 151
15 27
15 29
15 30
16 51
16 46
16 45
16 16
16 152
16 179
16 180
16 149
16 56
16 52
16 53
17 101
17 49
17 105
17 42
17 139
17 45
17 17
17 147
17 148
17 152
17 116
17 90
17 27
17 29
17 30
18 160
18 65
18 163
18 69
18 72
18 156
18 138
18 64
18 61
18 81
18 18
18 85
18 86
18 87
18 22
18 127
18 21
18 170
18 149
19 161
19 100
19 102
19 104
19 171
19 50
19 145
19 146
19 19
19 25
19 122
19 28
20 144
20 167
20 168
20 137
20 110
20 47
20 80
20 82
20 115
20 20
20 56
20 57
20 157
21 160
21 65
21 163
21 72
21 156
21 138
21 64
21 61
21 81
21 99
21 149
21 22
21 87
21 127
21 21
21 170
21 85
22 160
22 65
22 138
22 71
22 83
22 22
22 154
22 62
22 85
23 77
23 137
23 151
23 109
23 110
23 143
23 112
23 82
23 148
23 158
23 23
23 94
23 159
24 128
24 97
24 130
24 132
24 103
24 107
24 173
24 142
24 176
24 178
24 67
24 149
24 24
24 123
24 125
25 129
25 165
25 102
25 145
25 40
25 50
25 174
25 104
25 146
25 25
25 26
25 28
26 40
26 54
26 150
26 175
26 28
26 26
26 104
26 174
27 96
27 161
27 27
27 49
27 105
27 42
27 139
27 143
27 147
27 148
27 116
27 29
27 30
28 129
28 130
28 139
28 161
28 40
28 43
28 49
28 50
28 75
28 28
28 30
29 101
29 49
29 105
29 42
29 39
29 109
29 45
29 51
29 116
29 152
29 148
29 29
30 161
30 139
30 36
30 37
30 38
30 49
30 40
30 42
30 43
30 141
30 30
31 32
31 33
31 131
31 164
31 134
31 129
31 31
31 75
31 172
31 175
31 177
31 35
31 118
31 57
31 155
31 126
31 63
32 32
32 34
32 121
32 167
32 41
32 179
32 180
32 57
32 153
32 52
32 58
32 59
32 60
33 33
33 133
33 134
33 140
33 172
33 141
33 177
33 118
33 120
33 153
33 155
33 126
34 34
34 99
34 121
34 41
34 57
34 174
34 78
34 79
34 180
34 153
34 52
34 156
34 60
35 162
35 35
35 36
35 37
35 38
35 39
35 43
35 109
35 177
35 58
35 59
35 166
36 96
36 162
36 36
36 37
36 38
36 39
36 40
36 43
36 108
36 139
37 162
37 37
37 38
37 39
37 40
37 139
37 43
37 151
37 155
37 166
38 162
38 38
38 39
38 139
38 43
38 119
38 155
39 58
39 162
39 39
39 45
39 51
39 90
39 179
39 59
40 129
40 130
40 139
40 40
40 75
40 43
41 179
41 41
41 47
41 51
41 52
41 153
41 57
41 58
41 59
41 60
42 161
42 49
42 42
42 139
42 143
42 147
42 116
43 162
43 139
43 44
43 130
43 177
43 43
44 96
44 75
44 44
44 76
44 109
44 142
44 111
44 108
44 114
44 169
44 121
44 119
44 117
45 101
45 105
45 45
45 46
45 51
45 148
45 53
45 152
45 137
46 144
46 115
46 101
46 168
46 46
46 51
46 52
46 53
46 152
46 148
46 149
47 167
47 168
47 137
47 106
47 110
47 47
47 144
47 82
47 115
47 60
48 48
48 99
48 113
48 168
48 74
48 167
48 78
48 79
48 144
48 81
48 115
48 52
48 174
48 157
48 95
49 161
49 100
49 49
49 139
49 140
49 147
49 116
49 88
50 161
50 50
50 100
50 102
50 145
50 122
50 146
50 169
51 51
51 162
51 179
51 53
51 152
51 58
51 59
51 94
52 149
52 80
52 57
52 179
52 52
52 180
52 60
52 157
52 53
53 101
53 53
53 54
53 152
53 89
54 167
54 168
54 106
54 174
54 144
54 115
54 54
54 55
54 60
55 96
55 112
55 167
55 168
55 106
55 55
55 109
55 144
55 119
55 59
56 80
56 99
56 77
56 110
56 79
56 78
56 56
56 89
56 157
57 59
57 179
57 153
57 57
57 58
57 60
58 162
58 179
58 82
58 153
58 58
58 59
58 60
58 94
59 162
59 179
59 153
59 59
59 60
59 94
60 179
60 153
60 60
61 160
61 64
61 163
61 135
61 136
61 177
61 170
61 72
61 87
61 61
61 127
62 160
62 70
62 138
62 71
62 83
62 149
62 86
62 87
62 62
62 154
62 69
63 171
63 108
63 75
63 76
63 141
63 63
63 143
63 114
63 117
63 169
63 111
63 140
63 151
64 160
64 64
64 163
64 135
64 136
64 177
64 170
64 72
64 87
64 127
65 157
65 65
65 85
65 154
65 156
65 138
66 166
66 137
66 66
66 110
66 77
66 179
66 148
66 88
66 89
66 90
66 91
66 92
66 94
67 97
67 98
67 67
67 103
67 73
67 107
67 173
67 178
67 84
67 149
67 68
67 123
68 97
68 98
68 68
68 70
68 73
68 103
68 178
68 84
68 149
69 160
69 83
69 180
69 69
69 86
69 87
69 138
69 71
69 70
70 160
70 98
70 70
70 71
70 83
70 84
70 86
70 87
70 154
70 155
71 160
71 98
71 71
71 83
71 84
71 87
71 180
71 154
71 86
72 160
72 163
72 180
72 87
72 72
72 170
72 127
73 73
73 175
73 178
73 83
73 84
73 121
73 154
73 124
73 125
74 99
74 164
74 133
74 81
74 74
74 78
74 79
74 113
74 156
74 157
74 95
75 171
75 100
75 108
75 75
75 76
75 141
75 140
75 180
75 117
75 150
75 169
75 111
76 169
76 171
76 108
76 141
76 111
76 76
76 140
76 180
76 149
76 150
76 117
77 137
77 110
77 77
77 89
77 90
77 91
77 92
77 94
77 159
78 80
78 99
78 78
78 79
78 81
78 85
78 156
78 157
79 80
79 99
79 79
79 81
79 85
79 156
79 157
80 80
80 99
80 156
80 157
81 99
81 164
81 102
81 113
81 127
81 81
81 163
81 95
81 156
81 85
81 149
82 168
82 137
82 106
82 110
82 144
82 82
82 115
82 159
83 160
83 138
83 86
83 175
83 83
83 149
83 154
83 124
84 97
84 98
84 178
84 84
84 149
84 124
84 125
85 160
85 99
85 163
85 138
85 113
85 156
85 85
86 160
86 180
86 154
86 87
86 86
87 160
87 138
87 180
87 87
87 170
88 131
88 164
88 165
88 166
88 177
88 151
88 88
88 90
88 91
88 92
88 93
88 94
89 137
89 110
89 89
89 90
89 91
89 92
89 94
90 165
90 166
90 147
90 118
90 151
90 90
90 91
90 92
90 93
90 94
91 165
91 166
91 172
91 151
91 91
91 92
91 93
91 94
92 165
92 166
92 172
92 151
92 92
92 93
92 94
93 131
93 164
93 165
93 166
93 177
93 150
93 93
93 133
94 166
94 137
94 110
94 148
94 158
94 94
94 159
95 146
95 164
95 102
95 113
95 104
95 145
95 174
95 95
96 96
96 134
96 119
96 108
96 109
96 111
96 114
96 147
96 117
96 121
97 128
97 97
97 98
97 103
97 107
97 173
97 176
97 178
97 149
97 123
98 98
98 169
98 103
98 173
98 150
98 153
99 99
99 113
99 157
99 156
99 138
100 161
100 100
100 134
100 135
100 136
100 172
100 146
100 147
100 122
101 164
101 101
101 134
101 105
101 147
101 148
101 137
101 152
101 116
102 165
102 102
102 113
102 145
102 146
102 122
102 104
103 128
103 107
103 173
103 176
103 178
103 123
103 149
103 103
103 132
104 129
104 104
104 174
104 175
104 145
104 146
104 150
104 124
105 134
105 105
105 109
105 147
105 148
105 152
105 116
106 144
106 167
106 168
106 106
106 119
106 109
106 112
106 115
106 152
107 123
107 128
107 107
107 173
107 142
107 176
107 178
107 149
107 132
108 112
108 140
108 108
108 109
108 119
108 141
108 114
108 117
108 151
108 169
108 111
108 143
109 114
109 119
109 162
109 112
109 109
109 111
109 158
109 159
110 137
110 110
110 152
110 179
110 158
110 159
111 171
111 140
111 169
111 141
111 111
111 114
111 172
111 117
111 121
112 168
112 137
112 112
112 114
112 153
112 151
112 158
112 159
113 133
113 113
113 145
113 177
113 146
113 163
113 127
113 156
114 143
114 151
114 140
114 141
114 114
114 116
114 117
114 119
115 144
115 167
115 168
115 115
116 134
116 172
116 147
116 116
116 148
117 161
117 171
117 172
117 117
117 169
117 121
117 119
118 132
118 133
118 134
118 135
118 136
118 172
118 147
118 118
118 120
118 155
118 126
119 119
119 144
119 121
120 131
120 133
120 134
120 135
120 136
120 170
120 172
120 180
120 120
120 122
120 126
120 127
121 135
121 136
121 178
121 121
121 169
121 155
121 125
121 127
122 163
122 135
122 136
122 170
122 171
122 146
122 145
122 122
122 126
122 127
123 123
123 128
123 173
123 142
123 176
123 178
123 149
123 132
124 129
124 130
124 174
124 175
124 178
124 124
124 125
125 129
125 130
125 174
125 175
125 178
125 125
126 133
126 134
126 135
126 136
126 172
126 155
126 126
127 163
127 133
127 170
127 135
127 136
127 127
128 128
128 132
128 173
128 142
128 176
128 178
128 149
129 129
129 130
129 164
129 174
129 175
130 130
130 164
130 142
130 175
130 171
130 169
131 132
131 131
131 165
131 166
131 176
131 177
131 164
131 155
132 173
132 142
132 176
132 132
133 163
133 133
133 135
133 136
133 149
133 170
134 134
134 172
134 147
134 155
135 163
135 135
135 136
135 170
135 172
136 163
136 136
136 170
136 172
137 155
137 158
137 137
137 159
138 160
138 138
138 154
138 156
139 161
139 139
139 166
140 171
140 172
140 141
140 151
140 140
140 143
141 171
141 169
141 141
141 150
141 151
141 143
142 176
142 173
142 142
143 151
143 143
143 159
143 158
144 144
144 167
144 168
145 145
145 177
145 146
145 174
146 165
146 146
147 161
147 172
147 147
147 151
147 148
148 158
148 152
148 148
148 159
149 150
149 152
149 164
149 169
149 171
149 173
149 176
149 180
149 149
150 171
150 164
150 165
150 169
150 170
150 180
150 150
151 166
151 159
151 151
151 153
151 158
152 152
153 165
153 179
153 153
154 154
154 155
155 164
155 168
155 172
155 177
155 155
156 157
156 156
157 157
158 158
158 159
159 159
160 160
160 180
161 161
162 162
163 177
163 170
163 163
164 164
164 165
164 177
164 166
165 165
165 177
165 166
166 166
166 177
167 167
167 174
167 168
168 168
169 171
169 180
169 169
170 170
171 171
171 180
172 172
173 173
173 176
173 178
174 174
174 175
175 175
175 178
176 176
176 178
177 177
178 180
178 178
179 179
180 180
