1 128
1 1
1 66
1 131
1 4
1 101
1 16
1 132
1 173
1 176
1 107
1 52
1 89
1 123
2 32
2 2
2 66
2 137
2 109
2 110
2 77
2 112
2 82
2 115
2 158
2 23
2 94
2 159
3 128
3 33
3 3
3 132
3 123
3 103
3 24
3 176
3 107
3 173
3 142
4 128
4 132
4 131
4 4
4 33
4 103
4 173
4 176
4 178
4 107
4 89
4 123
5 97
5 67
5 68
5 5
5 6
5 7
5 73
5 11
5 12
5 84
5 56
5 154
5 31
6 6
6 7
6 73
6 11
6 80
6 20
6 22
6 56
6 121
6 154
6 157
7 68
7 7
7 73
7 11
7 12
7 80
7 84
7 56
7 154
7 155
8 144
8 168
8 115
8 52
8 106
8 54
8 55
8 8
8 10
8 167
8 26
9 32
9 34
9 41
9 66
9 46
9 13
9 16
9 51
9 52
9 53
9 9
9 57
9 60
9 149
10 165
10 167
10 168
10 177
10 106
10 55
10 93
10 144
10 54
10 119
10 26
10 155
10 10
10 150
11 80
11 20
11 149
11 56
11 73
11 154
11 11
11 157
12 97
12 67
12 68
12 73
12 103
12 12
12 178
12 84
12 24
12 31
13 16
13 179
13 13
13 46
13 45
13 112
13 17
13 51
13 52
13 152
13 58
13 59
13 29
14 32
14 34
14 14
14 52
14 53
14 57
14 56
14 41
14 121
14 44
14 169
15 162
15 35
15 36
15 37
15 38
15 39
15 42
15 139
15 15
15 49
15 17
15 43
15 90
15 27
15 29
15 30
16 110
16 101
16 46
16 45
16 16
16 51
16 180
16 149
16 152
16 52
16 53
17 131
17 147
17 49
17 105
17 42
17 39
17 45
17 27
17 17
17 51
17 116
17 152
17 148
17 29
17 30
18 160
18 65
18 163
18 69
18 72
18 64
18 138
18 86
18 61
18 18
18 170
18 85
18 22
18 87
18 156
18 93
18 62
18 21
19 161
19 100
19 166
19 102
19 145
19 40
19 42
19 146
19 49
19 50
19 19
19 25
19 122
19 28
20 80
20 34
20 167
20 168
20 110
20 47
20 144
20 82
20 115
20 20
20 56
20 157
21 160
21 65
21 163
21 165
21 72
21 156
21 138
21 64
21 61
21 81
21 99
21 85
21 87
21 127
21 21
21 170
21 69
22 160
22 65
22 150
22 71
22 138
22 78
22 79
22 83
22 85
22 22
22 154
22 70
22 62
23 66
23 158
23 137
23 109
23 110
23 77
23 112
23 82
23 41
23 23
23 57
23 94
23 159
24 128
24 97
24 67
24 132
24 103
24 107
24 173
24 142
24 176
24 178
24 24
24 123
24 125
24 31
25 129
25 102
25 40
25 43
25 50
25 174
25 145
25 146
25 88
25 25
25 26
25 28
25 104
26 34
26 167
26 104
26 174
26 40
26 54
26 55
26 26
26 155
27 161
27 131
27 49
27 105
27 42
27 139
27 147
27 116
27 39
27 27
27 29
27 30
28 161
28 43
28 36
28 166
28 40
28 139
28 44
28 146
28 145
28 50
28 28
28 30
29 51
29 101
29 105
29 45
29 46
29 109
29 147
29 116
29 152
29 148
29 29
30 161
30 43
30 36
30 37
30 38
30 49
30 40
30 42
30 139
30 143
30 50
30 30
31 33
31 67
31 164
31 134
31 97
31 31
31 172
31 109
31 110
31 177
31 178
31 118
31 155
31 126
31 165
32 32
32 66
32 121
32 41
32 106
32 34
32 179
32 180
32 53
32 153
32 57
32 58
32 59
32 60
32 52
33 128
33 33
33 101
33 134
33 172
33 114
33 147
33 126
33 118
33 120
33 89
33 155
33 94
34 34
34 121
34 41
34 47
34 53
34 153
34 57
34 60
34 52
35 162
35 35
35 36
35 37
35 38
35 39
35 43
35 179
35 58
35 59
35 92
36 162
36 36
36 37
36 38
36 39
36 40
36 43
36 139
36 151
37 96
37 162
37 37
37 38
37 39
37 40
37 43
37 108
37 139
38 162
38 38
38 39
38 139
38 43
38 114
39 162
39 39
39 139
39 114
39 59
40 129
40 139
40 104
40 43
40 40
40 117
41 179
41 41
41 51
41 52
41 53
41 153
41 57
41 59
41 60
41 58
41 159
42 96
42 161
42 100
42 49
42 42
42 139
42 143
42 50
43 162
43 43
43 140
43 141
43 139
43 166
43 63
44 64
44 96
44 72
44 169
44 170
44 75
44 76
44 44
44 108
44 114
44 117
44 119
44 121
44 111
44 61
45 112
45 101
45 105
45 45
45 46
45 51
45 116
45 152
45 148
46 101
46 77
46 46
46 51
46 52
46 149
46 55
46 152
46 148
46 53
47 144
47 48
47 167
47 168
47 106
47 47
47 80
47 82
47 115
47 149
47 157
48 144
48 99
48 113
48 167
48 104
48 74
48 174
48 79
48 48
48 81
48 78
48 157
48 175
48 93
48 95
49 96
49 161
49 100
49 49
49 139
49 50
49 151
49 122
50 161
50 100
50 166
50 102
50 145
50 146
50 50
50 122
51 112
51 51
51 179
51 53
51 152
51 57
51 58
51 59
51 60
52 149
52 57
52 82
52 52
52 180
52 60
52 53
53 77
53 89
53 137
53 57
53 60
53 53
54 167
54 168
54 106
54 55
54 144
54 115
54 149
54 54
54 119
55 96
55 144
55 168
55 106
55 119
55 109
55 112
55 55
56 79
56 80
56 149
56 56
56 154
56 157
57 57
57 180
57 153
57 179
57 59
57 60
57 58
58 162
58 179
58 112
58 153
58 58
58 59
58 60
59 162
59 131
59 179
59 153
59 59
59 60
60 179
60 180
60 153
60 60
60 158
60 159
61 64
61 163
61 69
61 135
61 136
61 170
61 72
61 87
61 61
61 127
62 160
62 65
62 98
62 69
62 70
62 71
62 169
62 138
62 83
62 87
62 154
62 86
62 62
63 75
63 108
63 171
63 76
63 141
63 143
63 114
63 117
63 169
63 111
63 140
63 151
63 63
64 64
64 163
64 69
64 135
64 136
64 170
64 72
64 87
64 127
65 160
65 65
65 150
65 154
65 156
65 138
65 85
66 137
66 66
66 110
66 77
66 94
66 152
66 89
66 90
66 91
66 92
66 158
66 159
67 97
67 98
67 67
67 68
67 103
67 73
67 107
67 173
67 178
67 84
67 123
68 97
68 98
68 68
68 70
68 73
68 130
68 84
68 150
68 154
69 160
69 98
69 69
69 70
69 71
69 72
69 169
69 138
69 86
69 87
70 160
70 98
70 70
70 71
70 169
70 83
70 84
70 87
70 154
70 86
71 160
71 98
71 86
71 71
71 169
71 138
71 83
71 87
72 163
72 72
72 170
72 75
72 87
72 127
73 97
73 73
73 178
73 84
73 154
73 155
73 124
73 125
74 81
74 99
74 165
74 95
74 113
74 74
74 79
74 156
74 78
74 85
75 130
75 171
75 150
75 102
75 169
75 75
75 76
75 141
75 140
75 111
75 145
75 146
75 117
75 108
75 127
76 130
76 163
76 98
76 169
76 171
76 76
76 141
76 111
76 140
76 117
76 150
77 137
77 94
77 110
77 77
77 89
77 158
77 159
78 80
78 99
78 150
78 157
78 78
78 79
78 81
78 85
78 156
78 138
79 80
79 99
79 150
79 157
79 79
79 81
79 85
79 156
79 138
80 80
80 180
80 154
80 157
81 99
81 113
81 133
81 102
81 177
81 81
81 163
81 127
81 156
81 85
81 95
82 168
82 137
82 106
82 110
82 144
82 82
82 115
82 159
83 160
83 129
83 130
83 138
83 86
83 175
83 83
83 85
83 150
83 154
83 124
83 125
84 97
84 98
84 130
84 84
84 150
84 164
84 154
85 160
85 99
85 93
85 157
85 156
85 138
85 85
86 160
86 98
86 169
86 138
86 86
86 87
87 160
87 98
87 163
87 138
87 171
87 170
87 87
87 165
88 131
88 164
88 165
88 166
88 136
88 141
88 177
88 151
88 88
88 90
88 91
88 92
88 93
89 137
89 94
89 110
89 89
89 158
89 159
90 131
90 166
90 140
90 162
90 143
90 177
90 91
90 151
90 90
90 92
90 94
91 131
91 165
91 166
91 140
91 162
91 143
91 141
91 151
91 91
91 92
92 165
92 166
92 140
92 162
92 93
92 141
92 131
92 151
92 92
92 143
92 126
93 130
93 99
93 164
93 165
93 166
93 156
93 171
93 174
93 93
93 177
93 150
93 155
93 138
93 149
94 137
94 110
94 158
94 152
94 94
94 159
95 102
95 113
95 145
95 171
95 174
95 175
95 146
95 104
95 95
96 96
96 119
96 108
96 109
96 111
96 114
96 117
96 121
97 128
97 97
97 103
97 107
97 173
97 178
97 123
98 98
98 153
99 99
99 113
99 138
99 157
99 156
100 161
100 100
100 134
100 135
100 136
100 140
100 172
100 147
100 120
100 122
101 164
101 101
101 134
101 105
101 147
101 148
101 149
101 152
101 116
101 159
102 102
102 113
102 145
102 146
102 104
103 128
103 103
103 107
103 173
103 142
103 176
103 178
103 149
103 132
103 123
104 129
104 130
104 145
104 171
104 174
104 175
104 104
104 146
104 121
104 124
105 134
105 105
105 172
105 109
105 147
105 148
105 152
105 116
106 144
106 167
106 168
106 106
106 119
106 109
106 112
106 115
107 123
107 128
107 107
107 173
107 142
107 176
107 178
107 149
107 132
108 139
108 119
108 140
108 109
108 111
108 112
108 141
108 114
108 117
108 108
108 151
108 143
109 134
109 159
109 109
109 112
109 114
109 148
109 119
109 158
110 112
110 168
110 137
110 110
110 158
110 159
111 171
111 135
111 136
111 141
111 111
111 114
111 117
111 169
111 120
111 121
111 122
111 140
111 143
111 126
112 179
112 137
112 112
112 114
112 158
112 159
113 133
113 113
113 145
113 169
113 171
113 146
113 163
113 127
114 147
114 151
114 140
114 114
114 172
114 116
114 117
114 118
114 119
114 143
115 167
115 168
115 137
115 144
115 115
115 155
116 134
116 172
116 147
116 116
116 118
116 148
117 171
117 169
117 117
117 121
117 126
118 134
118 135
118 136
118 172
118 142
118 147
118 118
118 120
118 155
118 126
119 119
119 144
119 152
119 121
120 131
120 133
120 135
120 136
120 170
120 172
120 120
120 122
120 126
120 127
121 169
121 121
121 175
121 157
122 166
122 135
122 136
122 170
122 122
122 126
122 127
123 123
123 128
123 173
123 142
123 176
123 178
123 149
123 132
124 129
124 130
124 167
124 174
124 175
124 178
124 155
124 124
124 125
125 129
125 130
125 175
125 155
125 178
125 174
125 125
126 133
126 134
126 135
126 136
126 172
126 126
127 163
127 133
127 170
127 136
127 135
127 127
128 128
128 173
128 142
128 176
128 178
128 149
128 132
129 130
129 165
129 129
129 174
129 175
130 130
130 174
130 175
131 132
131 179
131 166
131 177
131 131
132 173
132 142
132 176
132 180
132 132
133 136
133 163
133 133
133 169
133 170
133 135
134 134
134 172
134 147
134 148
134 155
135 163
135 135
135 136
135 170
135 172
136 163
136 136
136 170
137 158
137 137
137 159
138 160
138 156
138 138
139 161
139 162
139 139
140 166
140 140
140 141
140 171
140 151
140 143
141 151
141 166
141 141
141 171
141 169
141 143
142 176
142 173
142 142
143 166
143 151
143 143
144 144
144 167
144 168
144 149
145 145
145 146
146 146
147 172
147 147
147 148
148 148
148 152
149 171
149 149
149 150
149 152
149 164
149 173
149 176
149 180
150 171
150 180
150 165
150 169
150 164
150 150
151 161
151 166
151 151
151 153
152 158
152 152
153 177
153 179
153 153
154 164
154 154
155 164
155 165
155 168
155 167
155 172
155 177
155 155
156 157
156 156
157 157
158 158
158 159
159 159
160 160
160 169
161 161
162 162
163 163
163 170
164 164
164 165
164 171
164 177
165 165
165 166
165 171
165 177
166 166
166 177
167 167
167 174
167 168
167 180
168 168
169 180
169 171
169 169
170 170
171 171
171 180
172 172
173 173
173 176
173 178
174 174
174 175
175 175
176 176
176 178
177 177
178 178
179 179
180 180
