1 128
1 1
1 131
1 4
1 10
1 107
1 50
1 173
1 176
1 146
1 88
1 132
1 90
1 123
2 112
2 2
2 110
2 23
2 56
2 137
2 42
2 151
2 108
2 158
2 159
3 129
3 130
3 3
3 14
3 103
3 24
3 175
3 124
3 178
3 142
3 125
4 107
4 67
4 4
4 97
4 103
4 12
4 173
4 178
4 19
4 89
4 123
5 139
5 68
5 5
5 6
5 7
5 12
5 11
5 172
5 84
5 89
5 73
5 56
5 36
5 154
6 6
6 7
6 73
6 11
6 15
6 80
6 83
6 20
6 22
6 56
6 154
7 68
7 7
7 73
7 11
7 12
7 84
7 56
7 89
7 154
7 30
8 96
8 134
8 167
8 168
8 10
8 44
8 8
8 54
8 55
8 121
8 26
8 106
9 32
9 16
9 179
9 70
9 41
9 10
9 13
9 142
9 175
9 48
9 51
9 52
9 46
9 9
9 152
9 57
9 60
9 53
10 96
10 166
10 103
10 10
10 119
10 104
10 40
10 54
10 55
10 88
10 25
10 26
10 91
10 92
10 153
11 137
11 11
11 110
11 80
11 17
11 20
11 56
11 89
11 154
12 97
12 98
12 67
12 73
12 103
12 12
12 173
12 161
12 178
12 84
12 24
12 68
13 83
13 101
13 39
13 29
13 45
13 46
13 13
13 16
13 51
13 53
13 152
13 179
13 59
13 124
13 58
14 96
14 32
14 34
14 40
14 169
14 44
14 14
14 111
14 145
14 114
14 163
14 57
14 153
14 121
15 161
15 162
15 35
15 36
15 37
15 39
15 105
15 42
15 139
15 15
15 80
15 17
15 84
15 27
15 148
15 20
15 154
15 38
15 29
15 30
16 65
16 164
16 69
16 51
16 46
16 45
16 16
16 179
16 52
16 149
16 150
16 152
16 58
16 59
16 60
16 53
17 161
17 98
17 35
17 134
17 49
17 105
17 42
17 172
17 17
17 29
17 147
17 116
17 73
17 148
17 27
17 106
17 30
18 160
18 65
18 99
18 69
18 156
18 138
18 86
18 78
18 79
18 18
18 83
18 85
18 22
18 87
18 60
18 157
18 21
19 161
19 102
19 145
19 40
19 63
19 42
19 107
19 77
19 49
19 50
19 19
19 25
19 100
19 122
19 123
19 28
19 146
20 38
20 167
20 168
20 137
20 47
20 80
20 82
20 115
20 116
20 105
20 56
20 20
20 157
21 160
21 65
21 99
21 69
21 72
21 64
21 138
21 78
21 61
21 81
21 163
21 85
21 87
21 57
21 155
21 156
21 170
21 21
22 160
22 86
22 71
22 138
22 79
22 80
22 83
22 53
22 22
22 154
22 70
22 157
22 62
23 43
23 137
23 23
23 108
23 109
23 110
23 112
23 117
23 151
23 159
23 158
23 63
24 128
24 97
24 67
24 132
24 103
24 107
24 173
24 142
24 176
24 178
24 24
24 26
24 123
25 129
25 130
25 102
25 104
25 43
25 50
25 176
25 145
25 146
25 40
25 25
25 26
25 28
26 68
26 43
26 76
26 143
26 104
26 40
26 54
26 36
26 26
26 28
26 94
27 161
27 162
27 35
27 37
27 38
27 39
27 105
27 42
27 139
27 29
27 147
27 116
27 148
27 27
27 106
27 30
28 161
28 139
28 36
28 40
28 43
28 49
28 146
28 30
28 151
28 28
28 158
29 162
29 35
29 147
29 101
29 39
29 105
29 45
29 51
29 116
29 55
29 152
29 148
29 29
29 30
30 96
30 161
30 35
30 37
30 38
30 49
30 105
30 42
30 139
30 43
30 30
31 33
31 70
31 134
31 105
31 172
31 177
31 147
31 116
31 118
31 155
31 126
31 31
32 32
32 34
32 69
32 104
32 41
32 81
32 179
32 52
32 53
32 57
32 58
32 59
32 60
33 33
33 134
33 105
33 172
33 147
33 148
33 118
33 56
33 116
33 154
33 126
34 34
34 121
34 102
34 169
34 44
34 130
34 113
34 52
34 41
34 153
34 57
34 60
35 162
35 35
35 36
35 37
35 38
35 39
35 68
35 154
36 162
36 36
36 38
36 39
36 40
36 43
36 139
36 37
37 96
37 162
37 37
37 38
37 39
37 40
37 106
37 139
37 43
37 154
38 162
38 38
38 39
38 40
38 139
38 43
39 162
39 39
39 168
39 45
40 98
40 107
40 40
40 43
40 173
40 111
40 139
41 179
41 71
41 41
41 51
41 52
41 53
41 57
41 58
41 59
41 60
42 161
42 100
42 49
42 42
42 139
42 109
42 110
42 112
42 50
43 161
43 98
43 43
43 139
43 153
43 159
44 96
44 44
44 108
44 109
44 111
44 112
44 114
44 117
44 55
44 121
44 122
44 126
45 162
45 101
45 105
45 83
45 45
45 46
45 51
45 148
45 54
45 119
45 152
46 48
46 86
46 164
46 101
46 144
46 46
46 51
46 149
46 150
46 152
46 58
46 59
46 156
47 144
47 167
47 168
47 80
47 106
47 47
47 48
47 82
47 115
47 119
47 148
47 124
48 144
48 99
48 104
48 74
48 175
48 78
48 79
48 48
48 82
48 115
48 174
48 58
48 124
48 125
48 95
49 161
49 100
49 146
49 49
49 145
49 103
49 108
49 135
49 50
49 158
49 89
49 122
50 132
50 100
50 102
50 145
50 135
50 146
50 113
50 50
50 122
51 179
51 51
51 53
51 152
51 58
51 59
51 124
51 101
52 74
52 87
52 81
52 179
52 52
52 149
52 150
52 57
52 58
52 60
52 53
53 98
53 174
53 79
53 53
53 57
53 60
54 96
54 167
54 168
54 106
54 55
54 174
54 54
54 119
54 121
55 96
55 121
55 167
55 106
55 119
55 168
55 148
55 55
55 116
56 137
56 110
56 80
56 56
56 89
56 154
57 65
57 179
57 86
57 57
57 58
57 59
57 60
57 85
58 179
58 58
58 59
58 60
59 99
59 179
59 70
59 138
59 59
59 60
59 62
60 179
60 60
60 85
61 64
61 65
61 163
61 133
61 136
61 170
61 72
61 85
61 87
61 127
61 61
61 165
62 160
62 87
62 83
62 69
62 71
62 138
62 70
62 86
62 62
63 66
63 151
63 140
63 77
63 110
63 143
63 94
63 159
63 158
63 63
64 64
64 65
64 163
64 133
64 165
64 136
64 170
64 72
64 87
64 127
64 85
65 65
65 163
65 69
65 72
65 138
65 160
65 170
65 87
65 156
65 85
66 66
66 166
66 135
66 140
66 77
66 143
66 88
66 89
66 90
66 91
66 92
66 94
67 97
67 98
67 67
67 103
67 73
67 107
67 173
67 161
67 178
67 84
67 68
68 172
68 97
68 98
68 68
68 73
68 178
68 84
68 118
68 154
69 69
69 70
69 71
69 138
69 160
69 86
69 87
69 153
69 85
70 160
70 98
70 70
70 71
70 138
70 83
70 84
70 87
70 86
71 160
71 98
71 71
71 138
71 83
71 179
71 87
71 152
71 86
72 163
72 133
72 72
72 170
72 150
72 87
72 127
72 85
72 149
73 97
73 98
73 73
73 178
73 84
73 154
73 125
74 99
74 133
74 102
74 81
74 74
74 78
74 113
74 163
74 156
74 93
74 95
75 171
75 136
75 169
75 75
75 76
75 141
75 143
75 108
75 114
75 180
75 117
75 111
75 140
76 171
76 169
76 76
76 141
76 111
76 108
76 114
76 180
76 140
76 143
77 77
77 143
77 94
77 151
77 88
77 89
77 90
77 159
77 158
78 99
78 138
78 82
78 78
78 79
78 81
78 157
78 152
78 156
78 85
79 80
79 99
79 138
79 82
79 79
79 81
79 115
79 156
79 157
79 85
80 137
80 80
80 154
80 157
81 99
81 133
81 113
81 81
81 163
81 127
81 156
81 85
81 95
82 144
82 99
82 101
82 167
82 168
82 82
82 115
82 119
82 157
83 160
83 86
83 101
83 138
83 83
83 154
83 125
84 97
84 98
84 84
84 154
85 99
85 156
85 138
85 160
85 163
85 87
85 85
86 160
86 138
86 87
86 153
86 86
87 160
87 87
87 153
88 131
88 165
88 166
88 88
88 90
88 91
88 92
88 94
89 89
89 90
89 94
90 166
90 90
90 91
90 92
90 94
90 146
91 165
91 166
91 140
91 141
91 177
91 91
91 92
91 93
91 94
92 131
92 165
92 166
92 140
92 141
92 177
92 92
92 93
92 94
93 129
93 131
93 164
93 165
93 166
93 177
93 155
93 149
93 150
93 93
94 140
94 110
94 141
94 143
94 158
94 151
94 120
94 94
95 144
95 130
95 102
95 113
95 129
95 145
95 174
95 150
95 104
95 95
96 96
96 119
96 109
96 121
96 153
96 106
97 97
97 98
97 103
97 107
97 173
97 178
97 123
97 126
98 98
98 153
98 103
99 99
99 157
99 156
99 138
100 161
100 100
100 114
100 103
100 136
100 135
100 172
100 146
100 117
100 118
100 120
100 122
100 126
101 115
101 164
101 101
101 134
101 105
101 125
101 157
101 148
101 147
101 152
101 116
102 166
102 102
102 145
102 104
102 113
102 146
103 128
103 103
103 107
103 173
103 176
103 178
103 123
103 132
104 129
104 130
104 165
104 104
104 174
104 175
104 145
104 144
105 148
105 134
105 105
105 172
105 147
105 116
106 167
106 168
106 106
106 119
106 108
106 109
106 112
106 114
106 115
106 117
107 123
107 128
107 107
107 173
107 142
107 176
107 178
107 132
108 108
108 109
108 112
108 114
108 117
108 111
108 158
108 159
109 168
109 109
109 111
109 112
109 114
109 117
109 121
109 159
110 137
110 110
110 112
110 158
110 153
110 151
110 159
111 169
111 171
111 112
111 114
111 117
111 136
111 111
111 143
112 151
112 112
112 114
112 117
112 158
112 159
113 163
113 133
113 113
113 145
113 146
113 127
114 169
114 114
114 117
114 151
114 158
114 159
115 144
115 167
115 168
115 174
115 115
115 119
115 124
116 148
116 134
116 172
116 142
116 147
116 118
116 116
117 121
117 117
117 169
117 158
117 159
118 134
118 135
118 172
118 147
118 118
118 120
118 155
118 126
119 167
119 168
119 119
119 144
120 136
120 126
120 135
120 120
120 122
120 172
120 170
120 127
121 170
121 121
121 153
121 126
122 128
122 135
122 136
122 122
122 126
122 127
123 128
123 123
123 173
123 142
123 176
123 178
123 132
124 129
124 130
124 167
124 168
124 174
124 175
124 124
124 125
125 129
125 130
125 167
125 142
125 175
125 174
125 152
125 125
126 134
126 136
126 172
126 135
126 178
126 151
126 126
127 163
127 133
127 170
127 135
127 136
127 131
127 127
128 128
128 131
128 132
128 173
128 142
128 176
128 178
129 129
129 130
129 145
129 174
129 177
129 175
130 164
130 130
130 174
130 175
130 142
131 131
131 132
131 165
131 166
131 170
131 176
131 177
131 155
132 132
132 173
132 142
132 176
132 155
133 163
133 170
133 165
133 133
134 134
134 172
134 147
134 148
134 154
134 155
135 135
135 136
135 170
135 142
136 136
136 170
136 176
137 161
137 137
137 153
137 151
137 158
137 159
138 160
138 156
138 138
138 157
139 161
139 139
140 171
140 166
140 169
140 140
140 141
140 143
140 146
140 180
141 171
141 166
141 169
141 141
141 143
141 146
141 180
142 142
142 176
142 147
142 180
143 171
143 169
143 180
143 158
143 151
143 143
144 144
144 167
144 168
144 174
144 175
145 145
145 169
145 171
145 146
146 146
147 172
147 147
147 148
148 167
148 168
148 152
148 148
149 163
149 164
149 165
149 169
149 171
149 180
149 149
149 150
150 164
150 165
150 166
150 171
150 177
150 150
150 180
151 158
151 151
151 159
152 152
153 153
154 154
155 177
155 164
155 155
155 165
156 157
156 179
156 156
157 157
158 158
158 159
159 159
160 160
160 179
161 161
162 168
162 162
163 163
163 170
164 164
164 166
164 177
164 165
165 166
165 177
165 165
166 177
166 166
167 167
167 174
167 168
167 175
168 168
169 171
169 180
169 169
170 170
171 171
171 180
172 172
173 173
173 176
173 178
174 174
174 175
175 175
176 176
177 177
178 178
179 179
180 180
