1 128
1 1
1 131
1 4
1 103
1 107
1 173
1 176
1 17
1 132
1 90
1 123
1 58
2 2
2 137
2 109
2 110
2 77
2 112
2 82
2 20
2 158
2 23
2 59
2 94
2 159
3 176
3 129
3 130
3 3
3 118
3 24
3 128
3 107
3 125
3 142
3 123
4 67
4 4
4 97
4 105
4 103
4 12
4 173
4 178
4 107
4 89
4 57
4 132
4 123
5 68
5 5
5 6
5 7
5 56
5 84
5 154
5 11
5 12
5 31
5 73
6 6
6 7
6 11
6 80
6 83
6 20
6 22
6 56
6 154
6 155
6 157
7 84
7 7
7 56
7 68
7 154
7 11
7 12
7 46
7 73
8 96
8 8
8 106
8 54
8 55
8 168
8 10
8 167
8 60
8 26
8 174
9 128
9 32
9 34
9 179
9 41
9 45
9 46
9 13
9 16
9 82
9 51
9 52
9 53
9 9
9 152
9 57
9 60
10 96
10 165
10 168
10 10
10 174
10 104
10 52
10 54
10 55
10 25
10 26
10 93
11 11
11 46
11 80
11 20
11 22
11 56
11 154
11 155
11 157
12 97
12 98
12 67
12 73
12 103
12 12
12 34
12 178
12 84
12 24
12 68
13 51
13 101
13 106
13 13
13 46
13 45
13 16
13 179
13 52
13 53
13 55
13 152
13 148
13 58
13 59
13 29
14 32
14 65
14 34
14 102
14 41
14 138
14 44
14 14
14 81
14 83
14 52
14 53
14 22
14 57
14 153
14 121
14 60
14 62
14 85
15 162
15 35
15 36
15 37
15 38
15 39
15 42
15 139
15 108
15 15
15 49
15 17
15 43
15 27
15 29
15 30
16 80
16 164
16 101
16 73
16 46
16 45
16 16
16 51
16 180
16 149
16 152
16 52
17 66
17 17
17 105
17 42
17 39
17 45
17 49
17 147
17 116
17 148
17 27
17 29
17 30
18 160
18 65
18 86
18 163
18 164
18 69
18 72
18 64
18 138
18 61
18 78
18 79
18 18
18 99
18 85
18 22
18 87
18 156
18 170
18 21
19 161
19 100
19 102
19 40
19 169
19 146
19 145
19 50
19 19
19 88
19 25
19 122
19 28
19 30
20 144
20 167
20 168
20 137
20 46
20 47
20 80
20 82
20 115
20 20
20 56
20 157
21 160
21 65
21 163
21 164
21 69
21 72
21 64
21 138
21 61
21 78
21 79
21 81
21 99
21 85
21 87
21 127
21 156
21 170
21 21
22 160
22 65
22 69
22 71
22 138
22 70
22 79
22 80
22 83
22 85
22 22
22 154
22 86
22 157
22 62
23 137
23 151
23 109
23 110
23 77
23 112
23 114
23 158
23 23
23 89
23 159
23 94
23 31
24 123
24 97
24 67
24 132
24 33
24 128
24 107
24 173
24 142
24 176
24 178
24 24
24 103
24 125
25 161
25 130
25 102
25 129
25 104
25 171
25 146
25 145
25 50
25 40
25 25
25 26
25 28
26 104
26 43
26 54
26 40
26 155
26 28
26 26
26 174
27 161
27 49
27 105
27 42
27 139
27 147
27 116
27 151
27 27
27 29
27 30
28 161
28 139
28 36
28 166
28 40
28 75
28 43
28 50
28 28
28 30
29 101
29 49
29 105
29 42
29 39
29 109
29 45
29 77
29 51
29 116
29 89
29 152
29 148
29 29
30 161
30 139
30 36
30 37
30 38
30 49
30 40
30 42
30 43
30 44
30 30
31 33
31 164
31 134
31 31
31 73
31 172
31 177
31 114
31 147
31 84
31 126
31 118
31 68
31 121
31 155
31 158
31 159
32 32
32 34
32 132
32 121
32 167
32 41
32 57
32 179
32 180
32 53
32 56
32 52
32 58
32 59
32 60
32 153
33 33
33 134
33 172
33 44
33 126
33 111
33 120
33 147
33 116
33 117
33 118
33 155
33 94
34 97
34 34
34 67
34 121
34 41
34 79
34 60
34 99
34 52
34 78
34 73
34 153
34 57
34 124
34 174
34 53
35 43
35 162
35 35
35 36
35 37
35 38
35 39
35 119
35 58
35 59
36 162
36 36
36 37
36 38
36 39
36 40
36 43
36 131
36 139
36 90
36 143
37 162
37 37
37 38
37 39
37 40
37 43
37 108
37 139
37 151
38 162
38 38
38 39
38 40
38 43
38 114
38 139
39 162
39 39
39 66
39 58
39 59
40 130
40 75
40 40
40 43
40 76
40 139
41 51
41 168
41 41
41 144
41 179
41 52
41 53
41 54
41 153
41 57
41 58
41 59
41 60
42 161
42 49
42 42
42 139
42 147
42 116
42 151
43 162
43 139
43 141
43 43
44 96
44 44
44 75
44 76
44 109
44 111
44 108
44 114
44 117
44 169
44 121
44 119
45 176
45 101
45 105
45 45
45 46
45 51
45 148
45 152
46 101
46 103
46 46
46 178
46 51
46 148
46 149
46 152
46 53
46 52
47 80
47 144
47 82
47 115
47 48
47 167
47 168
47 57
47 106
47 47
48 79
48 144
48 99
48 113
48 167
48 104
48 74
48 78
48 175
48 48
48 81
48 115
48 174
48 164
48 168
48 124
48 157
48 95
49 161
49 100
49 49
49 139
49 143
49 50
49 147
49 116
50 161
50 100
50 102
50 145
50 76
50 50
50 146
50 88
50 122
51 110
51 179
51 51
51 53
51 137
51 152
51 57
51 58
51 59
51 60
52 157
52 57
52 180
52 52
52 154
52 60
52 53
52 149
53 101
53 107
53 173
53 57
53 123
53 53
54 96
54 167
54 168
54 106
54 174
54 144
54 115
54 54
54 55
54 153
54 57
55 96
55 167
55 168
55 106
55 55
55 109
55 144
55 115
55 119
55 58
56 137
56 110
56 80
56 82
56 56
56 154
56 155
56 157
57 115
57 179
57 57
57 153
57 180
57 58
57 59
57 60
58 162
58 179
58 110
58 153
58 58
58 59
58 60
59 179
59 137
59 162
59 59
59 60
60 179
60 144
60 153
60 60
61 64
61 163
61 133
61 136
61 170
61 72
61 180
61 87
61 127
61 61
61 85
62 160
62 65
62 98
62 69
62 70
62 71
62 138
62 83
62 87
62 154
62 86
62 62
63 161
63 140
63 75
63 117
63 143
63 169
63 171
63 111
63 76
63 141
63 63
64 64
64 163
64 133
64 136
64 170
64 72
64 180
64 87
64 127
64 69
65 65
65 69
65 87
65 156
65 138
65 85
66 66
66 134
66 77
66 110
66 143
66 116
66 158
66 151
66 89
66 90
66 91
66 92
66 94
66 159
67 97
67 67
67 103
67 73
67 107
67 98
67 173
67 178
67 84
67 68
68 97
68 98
68 68
68 70
68 73
68 84
68 154
69 69
69 70
69 71
69 72
69 138
69 160
69 83
69 87
69 121
69 86
70 160
70 98
70 70
70 71
70 83
70 84
70 87
70 121
70 154
70 86
71 160
71 98
71 71
71 138
71 83
71 87
71 121
71 154
71 86
72 163
72 180
72 87
72 72
72 170
72 127
73 97
73 73
73 178
73 84
73 154
73 124
73 125
74 81
74 99
74 85
74 113
74 177
74 74
74 95
74 156
74 78
74 79
75 171
75 100
75 169
75 75
75 76
75 141
75 143
75 140
75 117
75 111
76 171
76 169
76 76
76 141
76 180
76 117
76 150
76 111
76 140
76 143
77 137
77 110
77 77
77 94
77 151
77 89
77 158
77 159
78 80
78 99
78 138
78 78
78 79
78 81
78 157
78 156
78 85
79 80
79 99
79 157
79 79
79 81
79 156
79 138
79 85
80 80
80 82
80 154
80 157
81 149
81 99
81 113
81 177
81 81
81 163
81 127
81 156
81 85
81 95
82 144
82 168
82 137
82 106
82 110
82 82
82 115
83 160
83 138
83 86
83 175
83 83
83 154
83 124
83 125
84 97
84 98
84 84
84 154
85 160
85 99
85 163
85 138
85 157
85 87
85 156
85 85
86 160
86 98
86 138
86 87
86 121
86 86
87 138
87 160
87 170
87 87
87 121
88 131
88 164
88 165
88 166
88 140
88 141
88 177
88 150
88 88
88 90
88 91
88 92
88 93
89 158
89 137
89 89
89 159
89 94
89 110
90 166
90 140
90 141
90 151
90 90
90 91
90 92
90 94
91 161
91 131
91 165
91 166
91 140
91 141
91 143
91 151
91 91
91 92
91 93
92 161
92 131
92 165
92 166
92 140
92 141
92 143
92 151
92 92
92 93
93 131
93 164
93 165
93 166
93 93
93 177
93 149
93 150
93 170
93 127
94 134
94 151
94 110
94 143
94 94
94 158
94 159
95 129
95 102
95 113
95 145
95 174
95 146
95 180
95 104
95 95
96 96
96 118
96 119
96 109
96 114
96 117
96 121
97 128
97 97
97 103
97 107
97 98
97 173
97 178
97 123
98 98
98 180
98 153
99 99
99 113
99 156
99 157
100 161
100 100
100 134
100 135
100 136
100 172
100 146
100 147
100 118
100 120
100 122
100 126
101 164
101 101
101 134
101 103
101 105
101 147
101 116
101 119
101 152
101 148
102 145
102 102
102 113
102 104
102 122
102 146
103 128
103 107
103 173
103 176
103 178
103 123
103 132
103 103
104 129
104 130
104 145
104 104
104 174
104 175
104 177
104 146
105 176
105 134
105 105
105 109
105 112
105 147
105 116
105 152
105 148
105 158
106 144
106 115
106 167
106 168
106 106
106 119
106 109
106 112
106 179
107 123
107 128
107 107
107 173
107 142
107 176
107 178
107 132
108 108
108 119
108 109
108 111
108 112
108 114
108 147
108 117
108 151
108 143
108 158
108 159
109 114
109 109
109 111
109 112
109 119
109 158
109 159
110 137
110 110
110 112
110 158
110 159
111 171
111 140
111 169
111 141
111 143
111 111
111 114
111 117
111 121
112 112
112 168
112 137
112 144
112 114
112 158
112 159
113 113
113 145
113 146
113 163
113 180
113 127
114 134
114 119
114 114
114 117
114 159
114 151
114 158
115 144
115 167
115 168
115 115
115 157
116 132
116 134
116 172
116 147
116 116
116 148
117 171
117 161
117 117
117 169
117 121
118 134
118 135
118 136
118 128
118 172
118 143
118 147
118 118
118 151
118 120
118 155
118 126
119 162
119 168
119 119
119 144
119 121
120 133
120 135
120 136
120 170
120 171
120 172
120 120
120 122
120 126
120 127
121 169
121 130
121 145
121 146
121 160
121 121
121 127
122 131
122 135
122 136
122 169
122 171
122 172
122 146
122 145
122 122
122 126
122 127
123 128
123 173
123 142
123 176
123 152
123 178
123 123
123 132
124 129
124 167
124 175
124 124
124 130
124 174
124 125
125 129
125 130
125 174
125 175
125 178
125 180
125 125
126 133
126 135
126 136
126 171
126 172
126 155
126 126
127 163
127 133
127 170
127 135
127 136
127 127
128 128
128 132
128 134
128 173
128 142
128 176
128 152
128 178
128 148
129 129
129 130
129 174
129 175
129 145
129 155
130 130
130 164
130 174
130 175
130 142
130 150
131 131
131 165
131 166
131 136
131 177
131 155
131 132
132 173
132 142
132 176
132 132
133 136
133 163
133 133
133 150
133 135
133 170
134 134
134 172
134 142
134 147
134 148
134 155
135 163
135 135
135 136
135 170
135 171
135 172
136 136
136 170
136 163
137 137
137 158
137 159
138 160
138 156
138 138
138 157
139 161
139 162
139 139
139 143
140 171
140 166
140 169
140 140
140 141
140 151
140 153
140 143
141 151
141 166
141 141
141 171
141 169
141 153
141 143
142 176
142 173
142 142
143 158
143 169
143 151
143 143
144 144
144 167
144 168
145 145
145 146
146 146
147 172
147 147
147 148
148 152
148 148
149 164
149 171
149 174
149 175
149 180
149 149
149 150
149 152
150 164
150 165
150 166
150 169
150 171
150 177
150 180
150 150
151 166
151 151
151 172
151 158
151 159
152 152
153 179
153 153
154 154
155 164
155 172
155 177
155 155
156 164
156 157
156 156
157 157
158 158
158 159
159 159
160 160
161 161
162 162
163 163
163 170
163 180
164 164
164 166
164 165
164 177
165 177
165 165
165 166
166 166
166 177
167 167
167 174
167 168
167 175
168 174
168 168
169 171
169 180
169 169
170 170
171 171
171 180
172 172
173 173
173 176
173 178
174 174
174 175
175 175
175 180
176 176
176 178
177 177
178 178
179 179
180 180
