1 128
1 1
1 131
1 4
1 38
1 166
1 103
1 107
1 173
1 176
1 178
1 35
1 88
1 132
1 90
1 123
2 2
2 27
2 134
2 137
2 151
2 159
2 110
2 112
2 147
2 20
2 23
2 56
2 153
2 31
2 158
2 63
3 129
3 130
3 3
3 103
3 10
3 107
3 98
3 142
3 111
3 173
3 171
3 150
3 24
3 153
3 123
4 67
4 4
4 97
4 42
4 103
4 12
4 173
4 178
4 107
4 123
4 126
5 68
5 5
5 6
5 7
5 73
5 12
5 83
5 84
5 89
5 154
5 70
5 29
6 6
6 7
6 11
6 80
6 83
6 148
6 22
6 56
6 154
6 124
6 157
7 68
7 83
7 84
7 7
7 73
7 154
7 12
7 29
7 89
8 96
8 167
8 8
8 10
8 44
8 29
8 168
8 116
8 54
8 55
8 121
8 26
8 106
9 41
9 13
9 46
9 45
9 16
9 51
9 52
9 53
9 9
9 152
9 57
9 175
9 60
9 125
10 96
10 132
10 168
10 10
10 55
10 44
10 54
10 119
10 121
10 26
11 105
11 11
11 110
11 80
11 20
11 137
11 56
11 89
11 154
11 124
11 157
12 172
12 97
12 98
12 67
12 73
12 103
12 12
12 178
12 147
12 84
12 24
12 68
12 58
13 16
13 45
13 179
13 39
13 78
13 13
13 46
13 79
13 48
13 51
13 53
13 152
13 58
13 59
13 29
14 96
14 33
14 34
14 121
14 32
14 64
14 41
14 170
14 44
14 130
14 14
14 72
14 50
14 19
14 52
14 57
14 153
14 136
14 60
14 61
15 162
15 35
15 36
15 37
15 38
15 39
15 105
15 42
15 139
15 29
15 173
15 15
15 27
15 49
15 107
15 17
15 123
15 106
15 30
16 46
16 45
16 16
16 51
16 52
16 149
16 150
16 87
16 152
16 95
16 53
17 161
17 101
17 17
17 105
17 42
17 103
17 49
17 147
17 148
17 116
17 27
17 29
17 30
18 160
18 65
18 99
18 69
18 72
18 64
18 138
18 61
18 18
18 163
18 85
18 22
18 87
18 57
18 155
18 156
18 170
18 21
19 161
19 100
19 166
19 102
19 135
19 50
19 145
19 146
19 19
19 25
19 122
19 28
20 167
20 168
20 137
20 162
20 47
20 80
20 82
20 115
20 148
20 56
20 20
20 79
20 157
21 160
21 65
21 163
21 72
21 64
21 138
21 61
21 78
21 79
21 81
21 99
21 85
21 22
21 87
21 57
21 127
21 156
21 170
21 21
22 160
22 65
22 83
22 69
22 71
22 138
22 80
22 179
22 22
22 154
22 86
22 62
22 85
23 137
23 42
23 151
23 109
23 110
23 143
23 112
23 23
23 159
23 158
23 63
24 128
24 97
24 67
24 68
24 103
24 41
24 107
24 173
24 142
24 176
24 178
24 24
24 132
24 123
25 129
25 131
25 102
25 145
25 40
25 43
25 50
25 104
25 146
25 25
25 26
25 28
26 131
26 150
26 104
26 43
26 40
26 54
26 55
26 26
26 28
27 161
27 35
27 49
27 105
27 42
27 139
27 147
27 116
27 148
27 27
27 29
27 30
28 161
28 43
28 36
28 40
28 169
28 139
28 76
28 146
28 28
28 50
28 91
28 92
28 30
29 105
29 42
29 45
29 51
29 148
29 55
29 152
29 116
29 29
29 30
29 101
30 161
30 43
30 37
30 38
30 49
30 42
30 139
30 108
30 176
30 30
31 33
31 164
31 134
31 71
31 137
31 172
31 112
31 177
31 147
31 126
31 118
31 56
31 155
31 124
31 62
31 31
32 32
32 34
32 102
32 41
32 179
32 52
32 153
32 57
32 58
32 59
32 60
32 62
33 33
33 134
33 75
33 172
33 147
33 116
33 118
33 120
33 155
33 126
34 96
34 34
34 163
34 69
34 40
34 41
34 44
34 179
34 52
34 57
34 87
34 153
34 121
34 60
34 127
35 162
35 35
35 36
35 37
35 38
35 39
35 42
35 51
35 119
36 162
36 36
36 37
36 38
36 39
36 40
36 43
36 109
36 77
36 139
36 151
36 158
37 162
37 37
37 38
37 39
37 40
37 43
37 110
37 139
38 162
38 38
38 39
38 43
38 110
38 139
39 51
39 162
39 39
39 59
39 115
39 54
39 123
40 129
40 139
40 40
40 43
40 130
40 104
41 97
41 67
41 41
41 138
41 175
41 81
41 179
41 52
41 57
41 153
41 58
41 59
41 60
42 128
42 161
42 49
42 42
42 139
42 147
42 116
42 159
43 161
43 130
43 131
43 43
43 140
43 141
43 139
43 88
44 96
44 44
44 139
44 108
44 109
44 111
44 114
44 117
44 54
44 55
44 121
44 106
45 144
45 98
45 101
45 105
45 45
45 46
45 157
45 51
45 148
45 53
45 152
46 160
46 101
46 46
46 51
46 52
46 149
46 86
46 152
46 53
46 85
47 48
47 162
47 167
47 168
47 137
47 106
47 47
47 144
47 82
47 115
47 119
48 79
48 144
48 99
48 167
48 104
48 74
48 78
48 175
48 48
48 82
48 115
48 174
48 152
48 95
49 96
49 161
49 66
49 100
49 49
49 139
49 114
49 147
50 161
50 100
50 102
50 135
50 136
50 50
50 145
50 146
50 180
50 122
51 58
51 162
51 179
51 51
51 53
51 152
51 154
51 59
52 129
52 57
52 87
52 179
52 52
52 180
52 58
52 59
52 60
52 53
52 149
53 53
53 174
53 152
53 101
54 96
54 167
54 106
54 144
54 168
54 121
54 54
54 119
54 55
55 96
55 167
55 106
55 119
55 109
55 168
55 148
55 55
55 121
56 137
56 162
56 110
56 80
56 56
56 89
56 157
57 68
57 57
57 179
57 153
57 84
57 58
57 59
57 60
58 162
58 179
58 103
58 174
58 60
58 154
58 59
58 156
58 58
59 162
59 179
59 133
59 103
59 173
59 178
59 73
59 59
59 60
60 65
60 113
60 179
60 85
60 153
60 60
60 125
61 64
61 65
61 163
61 136
61 170
61 72
61 61
61 85
61 127
62 160
62 69
62 70
62 71
62 138
62 83
62 87
62 154
62 86
62 62
63 161
63 171
63 76
63 75
63 140
63 141
63 143
63 112
63 151
63 63
63 158
63 159
64 64
64 65
64 163
64 87
64 72
64 170
64 127
65 65
65 69
65 72
65 156
65 138
65 160
65 170
65 87
65 85
66 66
66 166
66 77
66 110
66 143
66 151
66 88
66 89
66 90
66 91
66 92
66 94
67 97
67 98
67 67
67 103
67 73
67 107
67 173
67 178
67 84
67 68
67 123
68 97
68 98
68 68
68 134
68 73
68 178
68 84
69 160
69 69
69 70
69 71
69 138
69 83
69 87
69 86
70 160
70 98
70 70
70 71
70 83
70 84
70 86
70 87
70 154
70 101
71 160
71 83
71 71
71 87
71 86
71 154
72 163
72 164
72 72
72 170
72 87
72 127
73 97
73 73
73 178
73 84
73 154
73 125
74 99
74 133
74 102
74 113
74 177
74 74
74 78
74 79
74 145
74 179
74 95
74 156
74 157
74 81
75 171
75 108
75 75
75 76
75 109
75 143
75 141
75 114
75 180
75 117
75 169
75 111
75 140
76 149
76 171
76 169
76 140
76 141
76 143
76 76
76 114
76 180
76 117
76 150
76 111
77 139
77 77
77 110
77 143
77 151
77 88
77 89
77 90
77 91
77 92
77 94
78 80
78 99
78 78
78 79
78 81
78 82
78 157
78 156
78 138
78 85
79 80
79 99
79 79
79 81
79 82
79 157
79 156
79 138
79 85
80 99
80 80
80 148
80 124
80 157
81 99
81 133
81 102
81 113
81 81
81 163
81 127
81 156
81 85
81 95
82 144
82 162
82 167
82 168
82 82
82 115
82 119
82 157
83 160
83 130
83 124
83 138
83 86
83 175
83 83
83 152
83 154
83 125
84 97
84 98
84 105
84 84
84 154
84 125
85 160
85 99
85 156
85 138
85 157
85 163
85 85
86 160
86 87
86 86
86 138
87 138
87 160
87 87
88 131
88 164
88 165
88 166
88 177
88 88
88 90
88 91
88 92
88 93
88 94
89 172
89 110
89 118
89 89
89 90
89 94
90 100
90 166
90 90
90 91
90 92
90 94
91 165
91 166
91 141
91 91
91 92
91 93
91 94
92 165
92 166
92 141
92 120
92 92
92 93
92 94
93 131
93 164
93 165
93 166
93 170
93 177
93 155
93 150
93 93
94 166
94 139
94 140
94 110
94 141
94 158
94 151
94 143
94 94
95 99
95 164
95 102
95 129
95 145
95 174
95 146
95 144
95 113
95 104
95 95
96 96
96 134
96 119
96 117
96 121
97 128
97 97
97 98
97 103
97 107
97 173
97 176
97 178
97 179
97 123
98 98
98 134
98 103
98 107
98 173
98 152
98 153
99 99
99 113
99 152
99 156
99 157
100 161
100 100
100 135
100 136
100 172
100 146
100 176
100 118
100 120
100 122
100 126
101 164
101 134
101 142
101 105
101 147
101 148
101 152
101 116
101 125
101 101
102 102
102 113
102 145
102 146
102 149
102 104
103 107
103 123
103 128
103 103
103 173
103 176
103 178
103 132
104 129
104 130
104 164
104 145
104 177
104 174
104 175
104 104
104 146
105 148
105 134
105 105
105 172
105 147
105 116
106 144
106 167
106 106
106 119
106 108
106 109
106 112
106 168
106 114
106 115
107 123
107 128
107 107
107 173
107 142
107 176
107 178
107 132
108 169
108 109
108 158
108 111
108 112
108 108
108 114
108 117
108 159
109 168
109 109
109 142
109 111
109 112
109 114
109 117
109 159
110 137
110 110
110 112
110 147
110 158
110 151
110 159
111 161
111 171
111 111
111 112
111 114
111 180
111 117
111 169
112 168
112 137
112 151
112 112
112 114
112 117
112 159
112 158
113 163
113 133
113 113
113 145
113 156
113 146
113 127
114 171
114 169
114 114
114 117
115 144
115 168
115 137
115 167
115 174
115 115
115 119
116 134
116 172
116 147
116 116
116 118
116 148
117 169
117 180
117 117
117 118
117 121
118 134
118 135
118 172
118 147
118 118
118 120
118 155
118 126
119 168
119 119
119 144
120 133
120 135
120 136
120 172
120 176
120 120
120 122
120 126
120 127
121 139
121 121
121 153
122 166
122 135
122 136
122 170
122 146
122 122
122 126
122 127
123 123
123 132
123 128
123 173
123 142
123 176
123 178
124 129
124 130
124 167
124 174
124 175
124 124
124 125
125 129
125 130
125 174
125 154
125 175
125 125
126 134
126 135
126 136
126 172
126 153
126 126
127 163
127 133
127 170
127 135
127 136
127 127
128 128
128 131
128 132
128 173
128 142
128 176
129 129
129 130
129 145
129 174
129 175
130 130
130 142
130 175
131 131
131 132
131 165
131 166
131 176
131 177
131 146
131 164
131 155
132 162
132 132
132 173
132 142
132 176
132 177
133 165
133 163
133 133
133 136
133 135
133 170
134 134
134 172
134 147
134 148
134 155
135 166
135 135
135 136
135 170
136 163
136 136
136 170
137 137
137 159
137 151
137 158
138 160
138 138
138 156
138 157
139 161
139 139
140 169
140 171
140 140
140 141
140 143
140 150
140 151
140 158
141 169
141 141
141 158
141 143
141 171
141 150
141 151
142 142
142 173
142 176
143 161
143 171
143 143
143 158
143 159
143 151
144 144
144 167
144 168
144 174
145 145
145 146
145 150
146 146
147 147
147 172
147 148
148 148
148 167
148 152
149 149
149 150
149 152
149 180
149 169
149 171
150 164
150 165
150 166
150 171
150 180
150 150
151 151
151 158
151 153
151 159
152 152
153 153
154 154
155 164
155 177
155 155
155 165
156 157
156 156
157 157
158 158
158 159
159 159
160 160
161 161
161 176
162 162
162 168
163 163
163 170
164 165
164 164
164 166
164 177
165 166
165 177
165 165
166 166
166 177
167 167
167 174
167 168
167 175
168 174
168 168
169 171
169 169
169 180
170 170
171 171
171 180
172 172
173 173
173 176
173 178
174 174
174 175
175 175
176 176
177 177
178 178
179 179
180 180
