1 128
1 1
1 131
1 4
1 103
1 107
1 173
1 176
1 59
1 132
1 90
1 123
1 58
2 2
2 77
2 137
2 23
2 162
2 110
2 143
2 112
2 82
2 147
2 20
2 158
2 151
2 47
2 94
2 159
3 96
3 129
3 130
3 3
3 97
3 103
3 24
3 67
3 173
3 142
3 125
4 128
4 4
4 103
4 107
4 173
4 176
4 178
4 51
4 118
4 89
4 132
4 123
4 60
4 29
5 67
5 68
5 5
5 6
5 7
5 73
5 11
5 12
5 178
5 84
5 152
5 154
6 33
6 6
6 7
6 11
6 78
6 79
6 80
6 22
6 56
6 154
6 157
7 68
7 7
7 73
7 11
7 12
7 45
7 80
7 178
7 84
7 22
7 56
7 89
7 154
8 96
8 33
8 167
8 8
8 105
8 106
8 44
8 168
8 147
8 54
8 55
8 26
8 10
9 32
9 16
9 34
9 179
9 41
9 13
9 46
9 176
9 51
9 52
9 53
9 9
9 152
9 57
9 58
9 59
9 60
10 96
10 10
10 54
10 55
10 121
10 26
10 119
10 44
10 106
10 45
11 41
11 11
11 79
11 80
11 148
11 53
11 89
11 56
11 20
11 157
12 97
12 98
12 67
12 68
12 73
12 103
12 12
12 34
12 178
12 84
12 24
13 128
13 16
13 101
13 29
13 13
13 46
13 45
13 176
13 51
13 52
13 53
13 152
13 148
13 179
13 59
13 58
14 32
14 129
14 34
14 68
14 102
14 65
14 40
14 41
14 96
14 44
14 14
14 145
14 84
14 113
14 57
14 153
14 121
14 60
14 52
15 162
15 35
15 17
15 37
15 38
15 39
15 42
15 139
15 15
15 49
15 30
15 23
15 27
15 29
15 94
15 159
16 65
16 83
16 101
16 138
16 46
16 45
16 16
16 51
16 180
16 149
16 152
16 52
16 156
17 161
17 162
17 17
17 134
17 39
17 105
17 42
17 172
17 77
17 49
17 147
17 116
17 148
17 27
17 29
17 30
18 160
18 65
18 163
18 69
18 72
18 64
18 138
18 127
18 61
18 81
18 18
18 85
18 86
18 87
18 121
18 155
18 156
18 170
18 21
19 161
19 100
19 102
19 135
19 40
19 169
19 43
19 50
19 145
19 136
19 146
19 19
19 120
19 25
19 122
19 28
20 144
20 167
20 137
20 110
20 47
20 80
20 82
20 115
20 20
20 56
20 59
20 157
21 160
21 65
21 83
21 99
21 69
21 64
21 138
21 127
21 61
21 81
21 163
21 85
21 22
21 87
21 155
21 156
21 170
21 21
22 160
22 65
22 34
22 138
22 79
22 83
22 22
22 154
22 156
22 157
22 62
22 85
23 137
23 151
23 140
23 110
23 143
23 112
23 172
23 158
23 23
23 94
23 159
24 128
24 97
24 34
24 68
24 103
24 107
24 173
24 142
24 176
24 178
24 67
24 24
24 132
24 123
25 129
25 130
25 102
25 145
25 40
25 43
25 50
25 104
25 146
25 150
25 25
25 26
25 28
26 104
26 40
26 54
26 55
26 43
26 60
26 26
26 174
27 30
27 161
27 162
27 35
27 37
27 38
27 49
27 105
27 42
27 39
27 112
27 147
27 139
27 94
27 151
27 116
27 27
27 29
27 158
28 161
28 139
28 36
28 40
28 43
28 76
28 50
28 146
28 121
28 28
28 30
29 101
29 134
29 39
29 105
29 42
29 45
29 51
29 116
29 147
29 152
29 148
29 29
30 161
30 35
30 36
30 37
30 38
30 49
30 42
30 139
30 108
30 43
30 100
30 30
31 33
31 130
31 131
31 164
31 165
31 134
31 54
31 48
31 177
31 118
31 121
31 155
31 93
31 31
32 32
32 34
32 132
32 121
32 41
32 174
32 179
32 52
32 57
32 153
32 58
32 59
32 60
32 157
32 53
33 33
33 101
33 105
33 106
33 172
33 80
33 147
33 118
33 134
33 155
33 126
34 96
34 81
34 121
34 153
34 154
34 34
34 103
34 41
34 107
34 173
34 52
34 53
34 73
34 57
34 123
34 60
34 125
35 162
35 131
35 36
35 37
35 38
35 39
35 42
35 112
35 49
35 35
36 162
36 36
36 37
36 38
36 39
36 40
36 43
36 143
36 114
36 139
36 88
36 166
37 162
37 37
37 38
37 39
37 43
37 109
37 131
37 139
38 162
38 38
38 39
38 43
38 131
38 139
39 162
39 39
39 137
39 59
40 129
40 139
40 104
40 43
40 177
40 146
40 40
40 93
41 51
41 41
41 80
41 179
41 52
41 53
41 153
41 57
41 58
41 59
41 60
42 161
42 162
42 49
42 42
42 112
42 147
42 116
42 90
43 43
43 139
43 121
44 96
44 98
44 169
44 75
44 108
44 109
44 44
44 114
44 117
44 55
44 121
44 111
45 144
45 101
45 105
45 45
45 46
45 51
45 148
45 152
45 123
46 148
46 99
46 68
46 101
46 78
46 51
46 180
46 46
46 152
46 52
46 154
46 79
46 124
46 149
47 167
47 168
47 137
47 106
47 110
47 47
47 144
47 82
47 115
47 148
48 95
48 144
48 99
48 167
48 104
48 74
48 78
48 175
48 48
48 82
48 115
48 174
48 57
48 79
48 124
48 157
49 161
49 100
49 49
49 139
49 108
49 91
49 92
49 143
50 161
50 130
50 100
50 102
50 135
50 136
50 50
50 145
50 146
50 120
50 122
50 93
51 51
51 179
51 152
51 115
51 53
51 56
51 58
51 59
51 60
52 57
52 68
52 149
52 74
52 175
52 179
52 52
52 180
52 95
52 60
52 53
53 53
53 152
53 57
53 60
54 96
54 134
54 167
54 168
54 106
54 119
54 144
54 148
54 54
54 55
55 96
55 168
55 106
55 55
55 172
55 109
55 119
55 121
56 179
56 110
56 79
56 80
56 56
56 89
56 157
57 121
57 179
57 153
57 57
57 58
57 59
57 60
58 179
58 153
58 58
58 59
58 60
59 179
59 167
59 144
59 59
59 60
60 179
60 153
60 60
61 64
61 160
61 163
61 180
61 87
61 72
61 170
61 61
61 127
62 160
62 65
62 69
62 70
62 71
62 138
62 83
62 84
62 87
62 121
62 154
62 86
62 62
63 161
63 171
63 76
63 75
63 108
63 141
63 143
63 112
63 114
63 169
63 111
63 140
63 109
63 63
64 64
64 160
64 163
64 180
64 87
64 72
64 170
64 127
65 160
65 65
65 138
65 83
65 156
65 85
66 66
66 166
66 137
66 162
66 110
66 77
66 151
66 88
66 89
66 90
66 91
66 92
66 94
67 128
67 97
67 98
67 68
67 103
67 73
67 107
67 173
67 178
67 67
67 84
67 121
67 123
68 97
68 98
68 68
68 70
68 73
68 103
68 84
68 101
69 160
69 98
69 69
69 70
69 71
69 72
69 138
69 86
69 87
69 155
70 160
70 98
70 70
70 71
70 83
70 84
70 86
70 87
70 121
70 154
71 160
71 98
71 71
71 138
71 83
71 86
71 87
71 121
71 154
72 160
72 163
72 180
72 87
72 72
72 170
72 127
73 97
73 73
73 178
73 84
73 154
73 125
74 99
74 102
74 113
74 74
74 78
74 79
74 145
74 85
74 95
74 156
74 81
75 171
75 100
75 140
75 169
75 75
75 108
75 141
75 111
75 76
75 114
75 180
75 117
75 150
75 109
76 149
76 171
76 169
76 140
76 141
76 111
76 76
76 114
76 180
76 117
76 150
76 120
77 137
77 172
77 110
77 77
77 151
77 88
77 89
77 90
77 91
77 92
77 94
78 80
78 99
78 124
78 78
78 79
78 81
78 157
78 156
78 138
78 85
79 80
79 99
79 124
79 157
79 79
79 81
79 156
79 138
80 99
80 80
80 89
80 157
81 99
81 133
81 113
81 81
81 163
81 127
81 156
81 85
81 95
82 144
82 167
82 168
82 137
82 110
82 82
82 115
82 148
83 160
83 86
83 138
83 175
83 83
83 154
83 124
83 125
83 85
84 97
84 98
84 84
84 154
85 160
85 163
85 99
85 113
85 155
85 156
85 138
85 85
86 160
86 98
86 138
86 86
86 87
86 155
87 160
87 170
87 87
87 155
88 161
88 131
88 165
88 166
88 177
88 88
88 164
88 90
88 91
88 92
88 93
88 94
89 89
89 116
89 90
89 94
90 131
90 166
90 90
90 91
90 92
90 94
91 131
91 165
91 166
91 140
91 143
91 91
91 92
91 93
91 94
92 131
92 165
92 166
92 177
92 140
92 143
92 94
92 92
92 93
92 126
93 131
93 164
93 165
93 166
93 177
93 155
93 150
93 93
94 166
94 162
94 137
94 151
94 110
94 158
94 94
94 159
95 99
95 102
95 113
95 104
95 145
95 174
95 175
95 95
96 96
96 161
96 100
96 117
96 121
97 128
97 97
97 98
97 103
97 107
97 173
97 176
97 178
97 121
97 123
98 98
98 180
98 153
99 99
99 156
99 157
99 124
99 175
99 138
100 161
100 131
100 100
100 135
100 136
100 172
100 111
100 126
100 118
100 120
100 122
100 117
101 101
101 134
101 105
101 116
101 152
101 148
101 155
102 164
102 102
102 145
102 104
102 146
102 113
102 149
103 107
103 128
103 103
103 173
103 142
103 176
103 152
103 178
103 123
103 132
104 129
104 174
104 175
104 145
104 146
104 155
104 104
105 128
105 134
105 105
105 172
105 147
105 116
105 118
105 152
105 148
106 144
106 167
106 106
106 119
106 108
106 109
106 112
106 168
106 114
106 115
107 128
107 107
107 173
107 142
107 176
107 178
107 123
107 132
108 169
108 108
108 109
108 111
108 112
108 114
108 117
108 143
109 168
109 109
109 111
109 112
109 114
109 117
109 119
109 158
110 168
110 137
110 151
110 110
110 115
110 158
110 116
110 159
111 171
111 169
111 111
111 114
111 117
112 168
112 159
112 151
112 143
112 112
112 114
112 158
113 163
113 133
113 113
113 145
113 146
113 127
113 156
114 139
114 169
114 114
114 117
115 144
115 115
115 167
115 168
115 119
116 148
116 132
116 134
116 172
116 147
116 116
116 118
117 171
117 169
117 117
117 121
118 134
118 172
118 176
118 147
118 118
118 120
118 155
118 126
119 144
119 167
119 168
119 119
119 155
120 133
120 135
120 136
120 170
120 171
120 120
120 122
120 126
121 133
121 160
121 153
121 163
121 121
122 133
122 135
122 136
122 169
122 170
122 146
122 122
122 127
122 126
122 165
123 128
123 142
123 173
123 176
123 178
123 123
123 132
124 129
124 130
124 175
124 174
124 124
124 125
125 129
125 130
125 174
125 175
125 178
125 154
125 125
126 133
126 134
126 135
126 136
126 172
126 126
127 163
127 133
127 170
127 135
127 136
127 180
127 127
128 128
128 142
128 173
128 176
128 132
129 129
129 130
129 145
129 174
129 175
129 146
130 130
130 146
130 142
130 175
130 145
131 166
131 165
131 177
131 131
131 164
132 172
132 173
132 176
132 132
133 163
133 133
133 136
133 170
133 135
134 155
134 134
134 172
134 147
134 148
135 135
135 136
135 169
135 170
135 171
136 163
136 136
136 169
136 170
137 137
137 151
137 147
137 158
137 159
138 160
138 156
138 138
138 154
139 161
139 139
140 161
140 151
140 171
140 166
140 140
140 141
140 143
140 153
140 159
140 158
141 166
141 171
141 141
141 143
141 150
141 151
141 153
141 159
141 158
142 149
142 176
142 173
142 142
143 151
143 143
143 159
143 158
144 144
144 167
144 168
144 174
145 145
145 146
146 177
146 146
146 150
147 172
147 147
147 148
148 172
148 152
148 148
148 173
149 164
149 169
149 170
149 171
149 180
149 150
149 149
150 171
150 164
150 165
150 169
150 180
150 150
151 151
151 158
151 159
152 178
152 152
153 168
153 153
154 154
155 155
155 164
155 177
155 165
156 157
156 156
157 157
158 158
158 159
159 159
160 160
160 170
161 161
162 162
163 163
163 170
164 164
164 165
164 177
164 166
165 165
165 166
165 177
166 166
166 177
167 167
167 174
167 168
168 168
169 171
169 180
169 169
170 170
170 180
171 171
171 180
172 172
173 173
173 176
173 178
174 174
174 175
175 175
176 176
177 177
178 178
179 179
180 180
