1 128
1 1
1 66
1 131
1 4
1 132
1 77
1 176
1 27
1 179
1 89
1 58
1 59
1 94
2 2
2 137
2 23
2 109
2 110
2 77
2 112
2 94
2 105
2 29
2 158
2 159
3 128
3 123
3 130
3 3
3 150
3 24
3 176
3 107
3 125
3 142
3 173
4 32
4 131
4 4
4 103
4 41
4 128
4 107
4 45
4 173
4 176
4 116
4 89
4 105
4 132
4 123
5 67
5 68
5 5
5 6
5 7
5 73
5 11
5 12
5 84
5 56
5 154
5 31
6 34
6 6
6 7
6 73
6 11
6 80
6 20
6 22
6 56
6 154
6 157
7 68
7 7
7 73
7 11
7 12
7 80
7 84
7 56
7 154
7 31
8 167
8 8
8 10
8 174
8 144
8 168
8 180
8 149
8 54
8 55
8 52
8 26
8 106
9 32
9 132
9 41
9 106
9 45
9 46
9 13
9 16
9 51
9 52
9 53
9 9
9 152
9 57
9 60
9 149
10 166
10 168
10 10
10 174
10 144
10 54
10 55
10 88
10 25
10 26
10 104
11 11
11 110
11 80
11 82
11 52
11 56
11 20
11 154
11 157
12 97
12 98
12 67
12 68
12 73
12 103
12 12
12 14
12 178
12 84
12 24
13 179
13 13
13 46
13 45
13 16
13 17
13 51
13 53
13 119
13 152
13 58
13 59
13 29
14 73
14 74
14 75
14 78
14 79
14 14
14 24
14 154
14 32
14 34
14 103
14 169
14 107
14 44
14 173
14 174
14 178
14 52
14 117
14 121
14 123
14 124
14 53
15 96
15 162
15 35
15 36
15 37
15 38
15 39
15 139
15 77
15 15
15 17
15 43
15 89
15 27
15 29
15 30
16 176
16 164
16 101
16 46
16 45
16 16
16 152
16 51
16 180
16 149
16 150
16 55
16 56
16 52
16 53
17 161
17 27
17 147
17 17
17 105
17 42
17 139
17 109
17 45
17 49
17 51
17 116
17 148
17 29
17 30
17 159
18 160
18 65
18 86
18 99
18 69
18 71
18 72
18 138
18 61
18 78
18 79
18 18
18 83
18 85
18 22
18 87
18 156
18 93
18 62
18 21
19 161
19 100
19 102
19 145
19 42
19 44
19 146
19 49
19 50
19 19
19 25
19 122
19 28
19 63
20 32
20 80
20 167
20 168
20 137
20 47
20 144
20 82
20 115
20 20
20 56
20 157
21 160
21 65
21 163
21 64
21 165
21 81
21 72
21 156
21 138
21 61
21 78
21 79
21 177
21 99
21 85
21 87
21 127
21 21
21 170
21 69
22 160
22 65
22 164
22 70
22 71
22 138
22 78
22 79
22 83
22 85
22 22
22 154
22 157
22 62
23 66
23 39
23 137
23 109
23 110
23 77
23 112
23 114
23 147
23 158
23 23
23 94
23 159
24 128
24 97
24 67
24 132
24 103
24 107
24 173
24 142
24 176
24 178
24 24
24 123
24 125
25 129
25 130
25 102
25 104
25 43
25 146
25 111
25 145
25 50
25 121
25 40
25 25
25 90
25 28
25 26
26 104
26 92
26 43
26 76
26 174
26 40
26 54
26 26
26 28
27 161
27 42
27 139
27 49
27 147
27 148
27 89
27 105
27 116
27 27
27 29
27 30
28 161
28 131
28 36
28 40
28 42
28 43
28 49
28 50
28 139
28 28
28 30
29 51
29 101
29 105
29 45
29 46
29 147
29 116
29 152
29 148
29 29
29 30
30 161
30 66
30 139
30 37
30 38
30 49
30 40
30 42
30 39
30 43
30 30
31 33
31 98
31 164
31 134
31 31
31 137
31 172
31 109
31 177
31 118
31 155
31 126
31 101
32 32
32 34
32 180
32 179
32 168
32 41
32 57
32 82
32 115
32 53
32 153
32 52
32 58
32 59
32 60
33 33
33 134
33 135
33 172
33 147
33 116
33 126
33 118
33 120
33 155
33 158
34 80
34 34
34 169
34 57
34 176
34 52
34 53
34 41
34 153
34 121
34 60
35 162
35 35
35 36
35 37
35 38
35 39
35 43
35 179
35 58
35 59
35 158
36 162
36 36
36 37
36 38
36 39
36 40
36 43
36 114
36 131
36 139
37 162
37 37
37 38
37 39
37 40
37 139
37 66
37 43
38 96
38 162
38 38
38 39
38 40
38 43
38 66
38 139
38 94
39 162
39 39
39 139
39 112
39 59
40 129
40 130
40 139
40 40
40 43
40 104
40 63
41 179
41 41
41 51
41 52
41 53
41 153
41 57
41 58
41 59
41 60
42 161
42 50
42 100
42 49
42 42
42 146
42 114
42 122
43 162
43 43
43 114
43 139
44 96
44 98
44 108
44 170
44 75
44 44
44 50
44 111
44 114
44 117
44 121
44 109
45 101
45 105
45 45
45 46
45 51
45 116
45 152
45 148
46 132
46 101
46 46
46 51
46 148
46 149
46 152
46 52
46 53
47 144
47 80
47 82
47 115
47 167
47 168
47 52
47 106
47 157
47 47
48 144
48 99
48 165
48 113
48 104
48 124
48 74
48 167
48 78
48 79
48 48
48 81
48 115
48 174
48 175
48 156
48 95
49 161
49 100
49 49
49 145
49 108
49 146
49 50
49 122
50 161
50 131
50 100
50 102
50 145
50 50
50 143
50 146
50 117
50 122
51 51
51 119
51 179
51 53
51 152
51 57
51 58
51 59
51 60
52 176
52 57
52 179
52 52
52 150
52 180
52 60
52 53
52 149
53 176
53 101
53 53
54 144
54 168
54 164
54 106
54 54
54 55
54 167
54 174
55 96
55 144
55 167
55 168
55 55
55 109
55 115
55 119
55 106
56 80
56 110
56 82
56 56
56 154
56 157
57 179
57 106
57 153
57 57
57 59
57 60
57 58
58 162
58 110
58 179
58 58
58 59
58 60
59 162
59 179
59 59
59 60
60 106
60 179
60 153
60 60
61 64
61 163
61 133
61 136
61 170
61 75
61 72
61 87
61 127
61 61
61 69
62 160
62 65
62 98
62 69
62 70
62 71
62 138
62 83
62 180
62 87
62 86
62 62
63 100
63 140
63 108
63 141
63 143
63 114
63 117
63 151
63 111
63 159
63 158
63 63
64 64
64 163
64 133
64 135
64 136
64 170
64 75
64 72
64 87
64 127
64 69
65 160
65 65
65 150
65 138
65 85
65 69
65 121
65 156
66 66
66 158
66 151
66 77
66 110
66 89
66 90
66 91
66 92
66 94
66 159
67 97
67 98
67 67
67 68
67 103
67 73
67 107
67 173
67 178
67 84
67 121
68 97
68 98
68 68
68 70
68 73
68 84
68 180
68 154
69 69
69 70
69 71
69 72
69 169
69 138
69 160
69 86
69 87
69 85
70 160
70 98
70 70
70 71
70 138
70 83
70 84
70 87
70 153
70 154
70 155
70 86
71 160
71 98
71 71
71 138
71 83
71 87
71 153
71 86
71 93
72 163
72 87
72 72
72 75
72 170
72 127
73 97
73 73
73 178
73 84
73 154
73 125
74 99
74 133
74 102
74 113
74 74
74 78
74 79
74 81
74 85
74 156
74 95
75 129
75 130
75 75
75 169
75 171
75 108
75 141
75 76
75 140
75 180
75 117
75 111
75 143
75 127
76 129
76 163
76 104
76 169
76 171
76 140
76 141
76 111
76 76
76 113
76 180
76 117
76 150
76 151
76 143
77 137
77 162
77 110
77 77
77 158
77 89
77 94
77 159
78 80
78 99
78 157
78 78
78 79
78 81
78 156
78 138
78 85
79 80
79 99
79 150
79 79
79 157
79 156
79 138
79 85
80 80
80 82
80 154
80 157
81 99
81 133
81 113
81 169
81 81
81 163
81 95
81 156
81 85
81 127
82 144
82 168
82 106
82 82
82 115
82 155
82 157
83 160
83 130
83 86
83 138
83 175
83 83
83 84
83 85
83 154
83 155
83 124
83 125
84 97
84 98
84 84
84 180
84 154
85 160
85 99
85 87
85 121
85 163
85 156
85 138
85 85
86 160
86 98
86 138
86 86
86 87
86 153
86 93
87 165
87 163
87 169
87 138
87 160
87 170
87 87
88 131
88 164
88 165
88 166
88 140
88 141
88 177
88 151
88 88
88 90
88 91
88 92
88 93
89 137
89 139
89 110
89 158
89 89
89 90
89 94
89 159
90 131
90 165
90 166
90 136
90 151
90 140
90 143
90 90
90 91
90 92
90 94
91 131
91 165
91 166
91 177
91 140
91 141
91 143
91 145
91 151
91 91
91 92
91 93
92 131
92 165
92 166
92 177
92 140
92 141
92 93
92 143
92 145
92 102
92 151
92 92
93 99
93 164
93 165
93 166
93 156
93 175
93 177
93 155
93 149
93 93
93 150
94 137
94 151
94 110
94 158
94 94
94 159
95 129
95 102
95 113
95 145
95 169
95 171
95 174
95 146
95 104
95 95
96 96
96 108
96 106
96 119
96 109
96 114
96 117
96 121
97 128
97 97
97 98
97 103
97 107
97 173
97 178
97 121
97 123
98 98
98 153
99 99
99 180
99 157
99 156
100 161
100 100
100 134
100 135
100 136
100 108
100 172
100 146
100 122
101 128
101 164
101 101
101 134
101 105
101 172
101 147
101 116
101 152
101 148
102 102
102 145
102 104
102 146
102 174
102 113
103 128
103 103
103 107
103 173
103 142
103 176
103 178
103 132
103 123
104 129
104 130
104 145
104 174
104 175
104 104
104 146
104 124
105 134
105 105
105 172
105 147
105 148
105 152
105 116
106 112
106 167
106 106
106 119
106 109
106 144
106 168
106 115
107 128
107 107
107 173
107 142
107 176
107 178
107 132
107 123
108 108
108 109
108 111
108 112
108 114
108 117
108 151
108 143
108 158
109 159
109 137
109 162
109 112
109 114
109 172
109 117
109 119
109 109
109 158
110 137
110 110
110 112
110 148
110 158
110 159
111 171
111 169
111 141
111 143
111 114
111 117
111 121
111 111
111 140
112 137
112 119
112 112
112 114
112 118
112 153
112 158
112 159
113 146
113 163
113 113
113 145
113 127
114 161
114 114
114 117
114 121
114 119
114 159
114 158
115 144
115 167
115 168
115 119
115 115
115 157
116 134
116 172
116 147
116 116
116 118
116 148
117 136
117 117
117 169
117 120
117 121
118 128
118 134
118 135
118 136
118 172
118 147
118 118
118 120
118 155
118 126
119 144
119 168
119 119
119 152
119 121
120 133
120 135
120 136
120 170
120 172
120 151
120 120
120 122
120 126
120 127
121 142
121 129
121 169
121 138
121 121
122 135
122 136
122 151
122 122
122 126
122 127
123 128
123 173
123 142
123 176
123 178
123 132
123 123
124 129
124 130
124 174
124 167
124 124
124 125
124 175
125 129
125 130
125 164
125 174
125 175
125 178
125 125
126 132
126 133
126 134
126 135
126 136
126 172
126 126
127 163
127 133
127 166
127 170
127 136
127 135
127 127
128 128
128 173
128 142
128 176
128 178
128 132
129 129
129 130
129 174
129 175
130 130
130 174
130 175
131 132
131 131
131 166
131 177
131 155
132 173
132 176
132 152
132 148
132 142
132 132
133 163
133 133
133 136
133 169
133 180
133 170
134 134
134 172
134 176
134 147
134 148
134 155
135 135
135 136
135 170
135 172
135 151
136 163
136 136
136 170
137 137
137 158
137 159
138 160
138 156
138 138
138 157
139 161
139 162
139 139
140 171
140 166
140 169
140 140
140 141
140 145
140 146
140 151
140 143
141 171
141 166
141 169
141 141
141 145
141 151
141 143
142 176
142 173
142 142
143 151
143 171
143 169
143 143
144 144
144 164
144 167
144 168
144 155
145 146
145 145
146 146
147 172
147 147
147 148
147 159
148 152
148 148
149 164
149 167
149 169
149 171
149 157
149 180
149 149
149 150
149 152
150 164
150 165
150 169
150 171
150 180
150 150
151 166
151 171
151 151
152 152
153 153
154 154
155 164
155 174
155 177
155 155
155 165
156 157
156 156
157 164
157 157
158 172
158 158
158 159
159 159
160 160
160 180
161 161
162 162
163 163
163 170
164 164
164 166
164 177
164 165
165 165
165 166
165 177
166 166
166 177
167 167
167 174
167 168
167 175
168 168
169 171
169 180
169 169
170 170
171 171
171 180
172 172
173 173
173 176
173 178
174 175
174 174
175 175
176 178
176 176
177 177
178 178
179 179
180 180
