1 128
1 1
1 131
1 132
1 103
1 42
1 107
1 173
1 176
1 36
1 90
1 123
1 4
2 112
2 2
2 20
2 110
2 23
2 153
2 137
2 151
2 94
2 158
2 159
3 107
3 129
3 130
3 3
3 150
3 103
3 24
3 123
3 125
3 142
3 173
4 67
4 4
4 97
4 103
4 12
4 173
4 15
4 178
4 107
4 89
4 132
4 123
5 68
5 5
5 6
5 7
5 73
5 11
5 12
5 13
5 178
5 179
5 84
5 56
5 154
6 6
6 7
6 11
6 157
6 80
6 83
6 20
6 22
6 56
6 58
6 154
6 101
7 68
7 7
7 73
7 11
7 12
7 51
7 84
7 56
7 154
7 59
7 58
8 96
8 101
8 167
8 168
8 106
8 174
8 8
8 54
8 55
8 152
8 26
8 10
9 32
9 41
9 10
9 13
9 46
9 16
9 51
9 52
9 53
9 73
9 9
9 152
9 57
9 58
9 60
10 96
10 131
10 165
10 168
10 10
10 55
10 144
10 54
10 119
10 104
10 26
11 11
11 110
11 80
11 20
11 89
11 56
11 148
11 154
11 157
11 31
12 84
12 97
12 98
12 67
12 73
12 103
12 12
12 173
12 178
12 148
12 41
12 24
12 68
12 60
13 39
13 29
13 45
13 46
13 13
13 16
13 178
13 51
13 53
13 54
13 152
13 179
13 59
13 58
14 96
14 129
14 34
14 32
14 69
14 102
14 71
14 169
14 44
14 14
14 111
14 145
14 52
14 57
14 86
14 87
14 153
14 121
15 162
15 35
15 36
15 37
15 38
15 39
15 105
15 42
15 139
15 15
15 17
15 43
15 132
15 27
15 29
15 30
16 45
16 164
16 179
16 78
16 46
16 79
16 16
16 51
16 52
16 149
16 150
16 152
16 57
16 22
16 53
17 128
17 161
17 134
17 17
17 105
17 42
17 139
17 110
17 49
17 147
17 116
17 148
17 27
17 29
17 30
18 160
18 65
18 34
18 163
18 69
18 72
18 64
18 138
18 86
18 61
18 18
18 83
18 85
18 22
18 87
18 156
18 170
18 21
19 161
19 100
19 102
19 135
19 40
19 145
19 42
19 75
19 140
19 146
19 49
19 50
19 19
19 25
19 90
19 28
19 122
20 144
20 101
20 167
20 168
20 137
20 47
20 80
20 82
20 115
20 20
20 56
20 157
21 160
21 65
21 34
21 163
21 164
21 72
21 64
21 138
21 78
21 61
21 81
21 99
21 85
21 22
21 87
21 127
21 156
21 170
21 21
22 160
22 65
22 70
22 71
22 80
22 138
22 78
22 79
22 83
22 22
22 154
22 157
22 62
22 85
23 137
23 139
23 108
23 109
23 110
23 77
23 112
23 158
23 23
23 159
23 151
23 94
23 63
24 128
24 97
24 98
24 132
24 103
24 107
24 173
24 142
24 176
24 178
24 67
24 118
24 24
24 57
24 123
25 129
25 130
25 131
25 102
25 145
25 40
25 169
25 43
25 50
25 104
25 146
25 88
25 25
25 26
25 28
26 98
26 104
26 28
26 43
26 174
26 40
26 54
26 26
26 92
27 161
27 162
27 35
27 49
27 105
27 42
27 139
27 110
27 176
27 147
27 116
27 137
27 148
27 27
27 29
27 30
28 161
28 139
28 40
28 43
28 111
28 49
28 50
28 117
28 28
28 30
28 63
29 162
29 147
29 101
29 103
29 105
29 39
29 45
29 46
29 51
29 116
29 152
29 148
29 29
29 30
30 161
30 35
30 36
30 37
30 38
30 49
30 40
30 42
30 139
30 109
30 158
30 43
30 30
30 159
31 33
31 164
31 134
31 172
31 177
31 147
31 118
31 56
31 155
31 126
31 31
32 32
32 34
32 99
32 41
32 57
32 60
32 124
32 179
32 52
32 174
32 153
32 58
32 59
32 156
32 53
33 33
33 68
33 134
33 172
33 112
33 147
33 116
33 117
33 118
33 120
33 155
33 126
34 160
34 34
34 133
34 70
34 169
34 57
34 44
34 113
34 52
34 41
34 153
34 121
34 60
34 62
34 85
35 35
35 162
35 36
35 37
35 38
35 39
35 106
35 59
36 162
36 36
36 37
36 38
36 39
36 40
36 43
36 109
36 112
36 139
36 89
37 162
37 37
37 38
37 39
37 40
37 43
37 110
37 139
38 162
38 38
38 39
38 40
38 43
38 110
38 139
39 162
39 39
39 45
39 176
39 59
40 43
40 40
40 139
40 143
40 90
41 179
41 103
41 41
41 51
41 52
41 53
41 153
41 57
41 58
41 59
41 60
42 96
42 100
42 161
42 42
42 139
42 94
42 77
42 49
42 147
43 43
43 139
43 44
43 121
44 96
44 100
44 44
44 108
44 109
44 111
44 112
44 114
44 117
44 121
45 67
45 101
45 105
45 45
45 46
45 47
45 51
45 148
45 152
46 144
46 101
46 46
46 157
46 51
46 52
46 53
46 152
46 84
46 149
47 144
47 48
47 101
47 167
47 168
47 106
47 47
47 80
47 82
47 115
47 119
48 144
48 99
48 113
48 167
48 104
48 74
48 175
48 78
48 79
48 48
48 81
48 82
48 115
48 174
48 57
48 168
48 124
48 95
49 161
49 66
49 100
49 49
49 139
49 108
49 50
49 114
49 151
50 161
50 100
50 102
50 145
50 135
50 146
50 50
50 122
50 91
50 92
51 80
51 82
51 101
51 51
51 178
51 179
51 53
51 152
51 58
51 59
51 60
52 65
52 179
52 57
52 138
52 174
52 175
52 125
52 83
52 52
52 150
52 180
52 60
52 53
52 149
53 67
53 53
53 153
53 57
54 96
54 167
54 168
54 106
54 55
54 174
54 144
54 54
54 119
55 96
55 167
55 168
55 55
55 109
55 144
55 148
55 119
55 121
55 106
56 137
56 110
56 80
56 56
56 89
56 157
57 97
57 78
57 179
57 73
57 57
57 154
57 59
57 60
57 58
57 153
58 144
58 179
58 58
58 59
58 60
59 128
59 162
59 179
59 59
59 60
60 179
60 153
60 60
61 64
61 163
61 133
61 136
61 170
61 72
61 87
61 121
61 127
61 61
61 85
62 160
62 69
62 70
62 71
62 138
62 83
62 87
62 154
62 86
62 62
63 141
63 108
63 159
63 94
63 63
63 140
63 151
63 158
63 143
64 64
64 163
64 136
64 170
64 72
64 87
64 121
64 85
64 127
65 160
65 65
65 87
65 138
65 156
65 69
65 85
66 66
66 166
66 77
66 143
66 158
66 151
66 88
66 89
66 90
66 91
66 92
66 94
67 68
67 97
67 98
67 67
67 103
67 73
67 107
67 173
67 178
67 148
67 84
67 123
68 98
68 68
68 70
68 97
68 73
68 178
68 84
68 154
68 101
69 160
69 69
69 70
69 71
69 72
69 138
69 83
69 86
69 87
69 155
70 160
70 70
70 71
70 98
70 83
70 84
70 87
70 154
70 86
71 160
71 98
71 86
71 71
71 138
71 83
71 87
72 163
72 72
72 170
72 93
72 177
72 87
72 127
73 97
73 73
73 178
73 84
73 152
73 154
73 124
73 125
74 99
74 133
74 102
74 113
74 177
74 74
74 78
74 79
74 81
74 163
74 156
74 95
75 171
75 169
75 75
75 76
75 141
75 111
75 108
75 114
75 180
75 117
75 122
75 140
75 143
76 171
76 136
76 169
76 76
76 141
76 143
76 108
76 140
76 180
76 117
76 150
76 111
76 149
77 158
77 151
77 94
77 89
77 159
77 90
77 110
77 77
78 99
78 80
78 157
78 78
78 79
78 81
78 156
78 138
78 85
79 99
79 80
79 157
79 79
79 81
79 82
79 85
79 155
79 156
79 138
80 80
80 82
80 154
80 157
81 99
81 113
81 133
81 177
81 81
81 163
81 127
81 156
81 85
81 95
82 115
82 167
82 168
82 144
82 82
82 119
82 157
83 160
83 130
83 138
83 86
83 175
83 83
83 154
83 124
83 125
84 97
84 98
84 84
84 154
84 125
85 99
85 138
85 160
85 163
85 87
85 156
85 85
86 160
86 138
86 87
86 86
87 170
87 160
87 87
88 131
88 164
88 165
88 166
88 136
88 140
88 141
88 177
88 88
88 90
88 91
88 92
88 93
88 94
89 110
89 89
89 137
89 90
89 94
90 166
90 90
90 91
90 92
90 94
91 131
91 165
91 166
91 140
91 141
91 93
91 143
91 122
91 91
91 92
91 94
92 131
92 165
92 166
92 140
92 141
92 93
92 143
92 177
92 92
92 94
93 163
93 164
93 165
93 166
93 177
93 155
93 149
93 150
93 104
93 93
93 95
94 161
94 151
94 143
94 110
94 158
94 159
94 94
95 129
95 102
95 113
95 104
95 145
95 174
95 175
95 146
95 95
96 96
96 106
96 119
96 109
96 121
97 128
97 97
97 98
97 103
97 107
97 173
97 178
97 123
98 98
98 103
98 153
99 99
99 113
99 157
99 156
99 138
100 161
100 100
100 145
100 136
100 135
100 172
100 146
100 118
100 120
100 122
100 126
101 116
101 164
101 134
101 105
101 168
101 148
101 147
101 152
101 101
102 102
102 145
102 104
102 146
102 113
102 180
103 107
103 172
103 128
103 103
103 173
103 176
103 178
103 116
103 132
103 123
104 129
104 130
104 104
104 174
104 175
104 145
104 146
105 134
105 105
105 172
105 178
105 147
105 116
105 148
106 144
106 162
106 167
106 168
106 106
106 119
106 109
106 112
106 114
106 115
107 123
107 179
107 128
107 107
107 173
107 142
107 176
107 178
107 132
108 161
108 108
108 109
108 111
108 112
108 114
108 117
108 159
108 158
109 109
109 158
109 111
109 112
109 114
109 117
109 121
109 159
110 137
110 110
110 112
110 158
110 151
110 159
111 143
111 169
111 171
111 111
111 141
111 114
111 117
111 121
111 140
112 137
112 151
112 112
112 114
112 117
112 158
112 159
113 165
113 133
113 113
113 145
113 146
113 163
113 127
114 169
114 114
114 117
114 151
114 121
114 158
115 144
115 167
115 168
115 115
115 119
115 153
115 157
116 134
116 172
116 147
116 116
116 118
116 148
117 169
117 117
117 121
118 134
118 135
118 172
118 120
118 147
118 118
118 155
118 126
119 168
119 119
119 142
119 144
120 133
120 135
120 136
120 172
120 140
120 141
120 120
120 121
120 122
120 126
120 127
121 170
121 121
121 153
122 135
122 136
122 170
122 146
122 122
122 126
122 127
123 123
123 179
123 128
123 173
123 142
123 176
123 178
123 132
124 130
124 129
124 167
124 124
124 125
124 174
124 175
125 129
125 130
125 174
125 175
125 178
125 125
126 128
126 134
126 135
126 136
126 172
126 126
127 163
127 133
127 170
127 135
127 136
127 127
127 165
128 128
128 132
128 173
128 142
128 176
128 178
129 129
129 130
129 174
129 175
129 145
130 130
130 164
130 142
130 175
130 174
131 131
131 132
131 165
131 166
131 176
131 177
131 155
132 162
132 173
132 142
132 176
132 139
132 132
133 163
133 133
133 136
133 170
133 142
133 149
133 150
134 134
134 172
134 178
134 147
134 148
134 155
135 135
135 136
135 170
135 141
136 163
136 136
136 170
137 137
137 151
137 147
137 158
137 159
138 160
138 156
138 138
138 155
138 157
139 161
139 139
139 159
140 171
140 166
140 169
140 141
140 140
140 180
140 151
140 143
141 151
141 171
141 166
141 141
141 180
141 169
141 143
142 173
142 142
142 176
143 171
143 158
143 169
143 151
143 143
144 144
144 167
144 168
144 174
144 153
145 145
145 146
146 166
146 169
146 171
146 146
147 172
147 147
147 148
148 152
148 148
149 164
149 169
149 171
149 180
149 149
149 150
149 152
150 164
150 165
150 169
150 171
150 163
150 150
150 180
151 151
151 158
151 159
152 167
152 152
153 153
154 154
155 164
155 165
155 177
155 155
156 157
156 156
157 157
158 158
158 159
159 159
160 160
161 161
162 162
163 163
163 170
164 165
164 164
164 166
164 177
165 165
165 166
165 177
165 170
166 166
166 177
167 167
167 174
167 168
168 168
169 171
169 180
169 169
170 170
171 171
171 180
172 172
173 179
173 173
173 176
173 178
174 174
174 175
175 175
176 178
176 176
177 177
178 178
179 179
180 180
