1 128
1 1
1 66
1 131
1 4
1 9
1 132
1 173
1 176
1 107
1 53
1 89
1 41
1 152
1 57
1 123
2 112
2 2
2 137
2 109
2 110
2 77
2 144
2 82
2 158
2 23
2 89
2 58
2 94
2 159
3 128
3 123
3 130
3 3
3 14
3 103
3 24
3 176
3 107
3 173
3 142
4 128
4 132
4 107
4 4
4 33
4 103
4 173
4 176
4 178
4 89
4 123
5 67
5 68
5 5
5 6
5 7
5 73
5 11
5 12
5 178
5 84
5 56
5 154
5 31
6 80
6 52
6 6
6 7
6 56
6 154
6 11
6 157
6 78
6 79
7 68
7 7
7 73
7 11
7 12
7 80
7 84
7 22
7 56
7 154
7 31
8 96
8 101
8 167
8 168
8 106
8 109
8 13
8 8
8 118
8 54
8 55
8 26
8 10
9 32
9 179
9 41
9 13
9 46
9 16
9 51
9 52
9 149
9 9
9 152
9 57
9 58
9 59
9 60
9 53
10 96
10 168
10 10
10 179
10 54
10 55
10 26
10 119
10 106
10 144
11 16
11 11
11 78
11 79
11 80
11 20
11 56
11 89
11 157
12 97
12 34
12 67
12 68
12 73
12 103
12 12
12 178
12 84
12 24
13 101
13 13
13 46
13 45
13 16
13 51
13 148
13 53
13 119
13 152
13 89
13 179
13 59
13 58
14 84
14 65
14 34
14 68
14 96
14 145
14 40
14 41
14 97
14 44
14 14
14 113
14 67
14 52
14 85
14 169
14 121
14 32
14 138
14 117
15 162
15 35
15 36
15 37
15 38
15 39
15 42
15 139
15 15
15 49
15 43
15 27
15 30
15 63
16 132
16 164
16 101
16 167
16 46
16 45
16 16
16 152
16 51
16 180
16 149
16 56
16 20
16 53
16 52
17 51
17 162
17 17
17 134
17 39
17 105
17 42
17 45
17 49
17 114
17 147
17 116
17 148
17 27
17 29
18 160
18 65
18 163
18 164
18 69
18 71
18 72
18 64
18 138
18 61
18 81
18 18
18 85
18 86
18 87
18 22
18 127
18 156
18 170
18 21
19 161
19 100
19 102
19 40
19 171
19 50
19 145
19 146
19 19
19 25
19 122
19 28
20 80
20 48
20 168
20 137
20 144
20 167
20 110
20 47
20 82
20 115
20 20
20 56
20 157
21 160
21 65
21 163
21 164
21 69
21 72
21 64
21 138
21 61
21 81
21 180
21 85
21 86
21 87
21 22
21 127
21 156
21 170
21 21
22 160
22 65
22 99
22 138
22 62
22 83
22 149
22 22
22 154
22 156
22 85
23 66
23 77
23 137
23 45
23 110
23 109
23 112
23 82
23 158
23 23
23 94
23 159
24 128
24 97
24 34
24 132
24 103
24 107
24 173
24 142
24 176
24 178
24 67
24 24
24 123
24 125
25 129
25 130
25 165
25 102
25 145
25 40
25 104
25 146
25 25
25 26
25 28
25 95
26 32
26 40
26 167
26 104
26 55
26 174
26 180
26 54
26 153
26 26
26 52
27 161
27 162
27 35
27 100
27 49
27 105
27 42
27 139
27 131
27 116
27 147
27 39
27 27
27 29
27 30
27 63
28 161
28 43
28 36
28 40
28 171
28 50
28 146
28 139
28 28
28 30
29 101
29 49
29 105
29 42
29 39
29 109
29 45
29 147
29 116
29 152
29 148
29 29
30 161
30 35
30 36
30 37
30 38
30 42
30 139
30 49
30 50
30 117
30 43
30 88
30 100
30 30
31 33
31 68
31 101
31 134
31 31
31 172
31 177
31 118
31 164
31 155
31 126
32 32
32 34
32 41
32 57
32 179
32 180
32 149
32 56
32 52
32 60
32 58
32 153
32 53
33 128
33 33
33 101
33 134
33 96
33 172
33 147
33 116
33 118
33 155
33 126
34 73
34 78
34 79
34 57
34 52
34 34
34 99
34 103
34 104
34 41
34 107
34 173
34 178
34 180
34 53
34 121
34 123
34 60
34 125
35 162
35 35
35 36
35 37
35 38
35 39
35 42
35 143
36 162
36 36
36 37
36 38
36 40
36 43
36 139
36 117
37 162
37 37
37 38
37 39
37 43
37 44
37 141
37 139
37 111
37 166
38 162
38 38
38 39
38 139
38 140
38 43
38 63
39 162
39 39
39 42
39 131
39 59
39 90
40 129
40 130
40 139
40 104
40 43
40 40
40 146
40 93
41 41
41 47
41 179
41 52
41 53
41 153
41 57
41 58
41 59
41 60
42 161
42 162
42 147
42 49
42 42
42 143
42 131
42 116
43 161
43 139
43 75
43 76
43 43
43 121
44 96
44 169
44 75
44 108
44 109
44 111
44 114
44 117
44 121
44 44
45 101
45 105
45 45
45 46
45 77
45 51
45 148
45 152
46 179
46 168
46 46
46 82
46 51
46 148
46 149
46 54
46 152
46 52
46 53
46 101
47 48
47 167
47 168
47 106
47 110
47 47
47 144
47 82
47 115
47 137
47 60
48 144
48 99
48 167
48 104
48 74
48 175
48 174
48 48
48 115
48 52
48 78
48 79
48 124
48 157
48 95
49 96
49 161
49 100
49 49
49 139
49 140
49 141
49 147
49 116
50 161
50 100
50 102
50 169
50 171
50 50
50 145
50 146
50 121
50 122
51 101
51 51
51 53
51 55
51 152
51 179
51 59
51 60
51 58
52 57
52 176
52 157
52 52
52 180
52 60
52 53
52 149
53 168
53 144
53 53
53 153
53 57
53 60
54 167
54 168
54 106
54 55
54 144
54 115
54 54
54 119
55 96
55 112
55 101
55 168
55 106
55 119
55 109
55 144
55 55
55 152
55 59
56 80
56 78
56 79
56 56
56 89
56 157
57 167
57 179
57 180
57 57
57 153
57 58
57 59
57 60
58 179
58 66
58 153
58 152
58 58
58 59
58 60
59 179
59 153
59 59
59 60
59 94
60 115
60 179
60 180
60 153
60 60
61 64
61 163
61 133
61 135
61 136
61 177
61 170
61 72
61 87
61 127
61 61
61 69
62 160
62 65
62 98
62 68
62 69
62 70
62 71
62 138
62 83
62 84
62 87
62 180
62 154
62 86
62 62
63 171
63 140
63 108
63 75
63 76
63 141
63 143
63 114
63 117
63 169
63 111
63 151
63 63
64 64
64 163
64 69
64 135
64 136
64 177
64 170
64 72
64 87
64 127
65 160
65 65
65 85
65 156
65 154
65 138
66 66
66 137
66 77
66 110
66 148
66 94
66 89
66 90
66 91
66 92
66 158
66 159
67 97
67 98
67 67
67 68
67 103
67 73
67 107
67 173
67 178
67 84
67 123
68 97
68 98
68 68
68 70
68 73
68 84
68 154
69 160
69 98
69 164
69 69
69 70
69 71
69 72
69 138
69 86
69 87
70 160
70 98
70 70
70 71
70 83
70 84
70 86
70 87
70 180
70 154
71 160
71 98
71 71
71 138
71 83
71 86
71 87
71 121
72 163
72 87
72 72
72 121
72 170
72 127
73 97
73 73
73 178
73 83
73 84
73 154
73 124
73 125
74 99
74 81
74 74
74 78
74 174
74 79
74 113
74 149
74 156
74 157
74 95
75 161
75 100
75 108
75 171
75 75
75 76
75 141
75 111
75 140
75 117
75 150
75 169
75 121
76 135
76 169
76 171
76 76
76 141
76 111
76 140
76 117
76 150
76 120
76 143
76 126
77 137
77 110
77 77
77 179
77 158
77 89
77 90
77 94
77 159
78 80
78 99
78 78
78 79
78 81
78 85
78 156
78 157
79 80
79 99
79 79
79 81
79 85
79 156
79 157
80 80
80 99
80 155
80 157
81 99
81 102
81 113
81 145
81 81
81 180
81 127
81 156
81 85
81 95
82 167
82 168
82 137
82 106
82 119
82 110
82 144
82 82
82 115
82 159
83 160
83 130
83 138
83 175
83 83
83 84
83 149
83 154
83 124
83 125
83 85
84 97
84 98
84 130
84 84
84 154
85 99
85 138
85 160
85 156
85 85
86 160
86 98
86 164
86 138
86 86
86 87
87 160
87 98
87 163
87 170
87 87
87 121
88 131
88 164
88 165
88 166
88 140
88 141
88 177
88 88
88 90
88 91
88 92
88 93
89 137
89 110
89 89
89 90
89 94
90 131
90 166
90 151
90 90
90 91
90 92
90 94
91 131
91 165
91 166
91 140
91 162
91 143
91 151
91 91
91 92
91 93
91 94
92 131
92 165
92 166
92 140
92 162
92 143
92 141
92 151
92 92
92 93
92 94
93 155
93 164
93 165
93 166
93 170
93 171
93 177
93 150
93 93
94 137
94 110
94 148
94 94
94 158
94 159
95 164
95 102
95 113
95 104
95 174
95 175
95 145
95 146
95 95
96 96
96 98
96 108
96 109
96 111
96 114
96 117
96 121
97 128
97 97
97 103
97 107
97 173
97 176
97 178
97 123
98 98
98 150
98 153
99 99
99 157
99 113
99 156
99 138
100 161
100 100
100 135
100 136
100 172
100 126
100 120
100 122
101 101
101 134
101 105
101 152
101 116
101 110
101 118
101 137
101 148
102 165
102 102
102 113
102 145
102 146
102 104
103 128
103 103
103 107
103 173
103 142
103 176
103 178
103 132
103 123
104 129
104 145
104 130
104 174
104 175
104 104
104 146
104 124
105 134
105 105
105 172
105 109
105 147
105 148
105 152
105 116
106 144
106 167
106 168
106 106
106 119
106 109
106 112
106 115
106 152
107 123
107 128
107 107
107 173
107 142
107 176
107 178
107 132
108 162
108 147
108 140
108 141
108 111
108 112
108 108
108 114
108 172
108 117
108 151
108 143
108 109
109 134
109 109
109 119
109 112
109 114
109 118
109 111
109 158
109 159
110 137
110 110
110 158
110 159
111 171
111 143
111 169
111 141
111 111
111 117
111 121
111 114
111 140
112 168
112 137
112 112
112 114
112 148
112 119
112 158
112 159
113 146
113 163
113 113
113 145
113 156
114 172
114 114
114 116
114 117
114 151
114 121
114 143
115 144
115 167
115 168
115 137
115 115
115 119
116 134
116 172
116 147
116 116
116 118
116 148
117 139
117 171
117 117
117 169
117 121
118 134
118 135
118 172
118 147
118 118
118 120
118 155
118 126
119 144
119 168
119 119
120 133
120 135
120 136
120 170
120 172
120 120
120 122
120 126
120 127
121 169
121 121
122 163
122 133
122 135
122 136
122 169
122 170
122 122
122 126
122 127
123 123
123 128
123 173
123 142
123 176
123 178
123 132
124 129
124 130
124 174
124 175
124 178
124 149
124 124
124 125
125 129
125 130
125 174
125 175
125 178
125 180
125 149
125 125
126 133
126 134
126 135
126 136
126 172
126 166
126 126
127 163
127 133
127 177
127 170
127 135
127 136
127 127
128 128
128 173
128 142
128 176
128 178
128 132
129 129
129 130
129 174
129 175
129 145
129 146
129 155
130 130
130 164
130 175
130 150
130 155
131 131
131 132
131 165
131 166
131 177
132 132
132 173
132 142
132 176
133 136
133 163
133 180
133 133
133 170
133 135
134 134
134 172
134 147
134 148
134 155
135 135
135 136
135 170
136 163
136 136
136 169
136 170
137 137
137 158
137 179
137 159
138 149
138 138
138 160
138 154
138 156
139 161
139 139
139 166
140 151
140 171
140 166
140 140
140 141
140 169
140 143
141 151
141 171
141 166
141 141
141 169
141 143
142 149
142 176
142 173
142 142
143 162
143 166
143 143
143 151
143 159
143 158
144 144
144 167
144 168
145 145
145 177
145 146
146 165
146 146
147 147
147 172
147 148
148 172
148 158
148 152
148 148
148 159
149 164
149 150
149 171
149 174
149 156
149 180
149 175
149 149
150 163
150 164
150 165
150 169
150 171
150 177
150 180
150 150
151 162
151 166
151 151
151 159
151 158
152 152
153 179
153 153
154 154
154 155
155 164
155 165
155 172
155 177
155 155
156 157
156 156
157 157
158 158
158 159
159 159
160 160
160 163
160 164
161 161
162 162
163 163
163 170
164 165
164 164
164 166
164 171
164 177
165 165
165 170
165 177
165 166
166 166
166 177
167 167
167 174
167 168
168 168
169 171
169 180
169 169
170 170
171 171
171 180
172 172
173 173
173 176
173 178
174 174
174 175
175 175
176 176
176 178
177 177
178 178
179 179
180 180
