1 128
1 1
1 66
1 131
1 4
1 166
1 40
1 176
1 91
1 88
1 132
1 90
1 123
2 112
2 2
2 139
2 110
2 23
2 56
2 137
2 151
2 108
2 158
2 159
3 32
3 129
3 130
3 3
3 33
3 174
3 175
3 178
3 52
3 142
3 24
3 124
3 125
4 128
4 132
4 4
4 103
4 107
4 173
4 176
4 178
4 89
4 90
4 123
4 28
5 68
5 5
5 6
5 7
5 73
5 11
5 172
5 12
5 84
5 56
5 89
5 154
6 33
6 6
6 7
6 73
6 11
6 80
6 147
6 20
6 22
6 56
6 154
6 27
6 157
7 139
7 68
7 7
7 73
7 11
7 12
7 84
7 118
7 56
7 89
7 154
8 96
8 8
8 172
8 10
8 55
8 44
8 174
8 168
8 54
8 153
8 121
8 26
8 106
9 32
9 179
9 9
9 87
9 13
9 46
9 16
9 81
9 51
9 53
9 41
9 152
9 57
9 58
9 59
9 60
10 96
10 40
10 104
10 10
10 93
10 121
10 54
10 55
10 153
10 25
10 26
10 155
10 58
11 137
11 11
11 172
11 110
11 80
11 20
11 56
11 89
11 154
12 97
12 98
12 67
12 68
12 73
12 139
12 12
12 178
12 84
12 24
12 103
13 101
13 13
13 45
13 46
13 175
13 16
13 51
13 53
13 87
13 152
13 58
13 59
13 29
13 85
14 96
14 32
14 34
14 169
14 43
14 44
14 14
14 111
14 114
14 117
14 153
14 121
15 162
15 35
15 36
15 37
15 38
15 39
15 105
15 42
15 139
15 15
15 17
15 84
15 148
15 27
15 29
15 30
16 51
16 164
16 133
16 72
16 41
16 46
16 45
16 16
16 179
16 52
16 149
16 150
16 152
16 58
16 59
16 60
16 53
17 161
17 98
17 35
17 134
17 17
17 105
17 42
17 172
17 49
17 29
17 147
17 116
17 73
17 27
17 106
17 30
18 160
18 65
18 163
18 101
18 72
18 156
18 138
18 64
18 81
18 18
18 85
18 86
18 87
18 21
18 61
18 69
19 161
19 100
19 102
19 145
19 40
19 169
19 76
19 50
19 141
19 49
19 146
19 19
19 25
19 122
19 28
20 147
20 134
20 137
20 79
20 80
20 82
20 115
20 20
20 56
20 47
20 157
21 160
21 65
21 163
21 101
21 51
21 156
21 138
21 78
21 81
21 99
21 85
21 86
21 87
21 21
21 69
22 160
22 70
22 71
22 138
22 78
22 79
22 83
22 22
22 154
22 38
22 157
22 62
23 161
23 77
23 137
23 151
23 108
23 109
23 110
23 143
23 112
23 117
23 23
23 159
23 158
23 63
24 128
24 97
24 67
24 132
24 103
24 107
24 173
24 142
24 176
24 178
24 139
24 24
24 123
25 129
25 131
25 102
25 145
25 40
25 43
25 50
25 104
25 146
25 25
25 26
25 28
26 128
26 36
26 104
26 43
26 176
26 40
26 54
26 153
26 26
26 123
26 28
27 139
27 80
27 147
27 148
27 27
27 29
27 30
27 96
27 161
27 162
27 35
27 37
27 38
27 39
27 105
27 42
27 49
27 116
27 106
28 161
28 75
28 146
28 40
28 43
28 77
28 176
28 49
28 50
28 139
28 30
28 63
28 28
28 94
28 36
29 70
29 138
29 147
29 148
29 152
29 79
29 29
29 162
29 35
29 101
29 39
29 105
29 45
29 157
29 51
29 116
29 55
29 62
30 147
30 161
30 35
30 36
30 37
30 38
30 49
30 42
30 139
30 178
30 67
30 97
30 43
30 121
30 30
31 33
31 147
31 134
31 105
31 172
31 47
31 83
31 148
31 118
31 116
31 155
31 125
31 31
32 32
32 34
32 41
32 179
32 52
32 57
32 58
32 59
32 60
33 33
33 134
33 105
33 172
33 147
33 148
33 118
33 116
33 154
33 155
33 126
34 34
34 41
34 44
34 111
34 50
34 52
34 121
34 153
34 57
34 60
34 169
35 162
35 35
35 36
35 37
35 38
35 39
35 84
36 162
36 36
36 37
36 38
36 39
36 40
36 73
36 139
36 43
36 68
37 162
37 37
37 38
37 39
37 40
37 106
37 139
37 43
37 153
38 162
38 38
38 39
38 43
38 139
38 153
39 160
39 162
39 39
39 71
39 45
39 99
39 148
40 66
40 139
40 161
40 40
40 169
40 43
40 140
40 98
40 132
41 129
41 163
41 72
41 41
41 142
41 179
41 52
41 53
41 57
41 58
41 59
41 60
42 161
42 49
42 42
42 139
42 172
42 178
42 147
42 116
43 161
43 98
43 107
43 139
43 173
43 43
43 123
44 96
44 44
44 106
44 108
44 109
44 111
44 49
44 114
44 117
44 55
44 121
45 162
45 101
45 105
45 45
45 46
45 51
45 148
45 87
45 152
46 164
46 179
46 46
46 142
46 51
46 149
46 152
46 58
46 59
46 101
47 48
47 167
47 168
47 106
47 110
47 47
47 144
47 82
47 115
47 124
48 48
48 99
48 101
48 167
48 168
48 74
48 175
48 174
48 79
48 144
48 113
48 82
48 115
48 78
48 119
48 124
48 125
48 95
49 161
49 123
49 100
49 49
49 139
49 50
49 158
49 114
49 147
49 117
50 100
50 102
50 145
50 135
50 146
50 50
50 180
50 122
51 65
51 69
51 53
51 51
51 86
51 152
51 58
51 59
51 101
52 130
52 179
52 52
52 149
52 150
52 57
52 58
52 60
52 53
53 101
53 71
53 156
53 53
53 152
53 60
54 96
54 134
54 167
54 168
54 106
54 55
54 174
54 54
54 119
54 153
54 121
55 96
55 134
55 167
55 106
55 174
55 168
55 148
55 55
55 121
56 137
56 172
56 110
56 80
56 56
56 89
57 64
57 179
57 57
57 58
57 59
57 60
57 61
57 127
58 179
58 58
58 59
58 60
58 95
59 179
59 152
59 59
59 60
59 95
60 142
60 179
60 60
61 64
61 65
61 163
61 133
61 136
61 170
61 72
61 85
61 87
61 61
61 127
62 160
62 98
62 69
62 70
62 71
62 138
62 83
62 87
62 154
62 86
62 62
63 66
63 75
63 76
63 77
63 143
63 94
63 151
63 159
63 158
63 63
64 64
64 65
64 163
64 133
64 72
64 170
64 85
64 87
64 127
65 65
65 69
65 133
65 72
65 138
65 160
65 170
65 86
65 87
65 156
65 85
66 66
66 166
66 140
66 77
66 143
66 88
66 89
66 90
66 91
66 92
66 94
67 97
67 98
67 67
67 68
67 103
67 73
67 107
67 173
67 178
67 84
68 97
68 98
68 73
68 178
68 84
68 68
68 154
69 160
69 69
69 70
69 71
69 85
69 86
69 87
70 160
70 98
70 70
70 71
70 105
70 138
70 83
70 84
70 87
70 86
71 160
71 98
71 138
71 71
71 83
71 148
71 87
71 86
72 163
72 133
72 72
72 170
72 85
72 87
72 127
73 97
73 73
73 178
73 84
73 154
74 99
74 102
74 81
74 74
74 78
74 113
74 163
74 85
74 155
74 156
74 95
75 171
75 100
75 108
75 75
75 76
75 141
75 143
75 114
75 117
75 169
75 111
75 140
76 171
76 169
76 76
76 141
76 143
76 140
76 180
76 117
76 120
76 111
77 77
77 143
77 94
77 88
77 89
77 90
77 158
77 159
78 80
78 162
78 99
78 157
78 78
78 79
78 81
78 82
78 83
78 148
78 156
78 138
79 80
79 83
79 99
79 138
79 79
79 157
79 82
79 115
79 156
80 80
80 137
80 154
80 157
81 163
81 133
81 113
81 127
81 81
81 99
81 152
81 155
81 156
81 85
81 95
82 144
82 99
82 167
82 168
82 82
82 115
82 119
82 153
82 157
83 160
83 162
83 86
83 138
83 125
83 83
83 154
83 157
84 97
84 98
84 84
84 147
84 154
85 99
85 160
85 113
85 163
85 170
85 138
85 87
85 127
85 156
85 85
86 160
86 138
86 86
86 87
87 170
87 160
87 87
88 131
88 165
88 166
88 88
88 120
88 90
88 91
88 92
88 94
89 161
89 89
89 90
89 94
90 166
90 94
90 90
90 91
90 92
90 126
91 131
91 165
91 166
91 177
91 171
91 140
91 141
91 120
91 91
91 92
91 93
91 94
92 131
92 165
92 166
92 135
92 171
92 140
92 141
92 177
92 180
92 150
92 92
92 93
92 94
93 131
93 164
93 165
93 166
93 177
93 155
93 149
93 150
93 153
93 93
94 140
94 141
94 158
94 151
94 143
94 94
95 129
95 130
95 102
95 113
95 104
95 145
95 174
95 175
95 144
95 119
95 95
96 96
96 168
96 109
96 121
96 153
96 106
97 97
97 98
97 103
97 107
97 173
97 178
97 123
98 98
98 153
98 103
99 99
99 157
99 156
99 138
100 161
100 100
100 135
100 136
100 172
100 146
100 111
100 118
100 120
100 122
100 143
100 126
101 144
101 155
101 164
101 101
101 134
101 105
101 116
101 119
101 152
101 148
101 175
102 102
102 145
102 104
102 146
102 113
102 150
102 153
103 128
103 103
103 161
103 107
103 173
103 176
103 178
103 132
103 123
104 129
104 130
104 104
104 174
104 175
104 144
104 145
104 146
104 155
105 167
105 168
105 105
105 147
105 116
105 148
105 134
106 168
106 167
106 172
106 106
106 119
106 109
106 118
106 112
106 114
106 115
106 121
106 108
107 128
107 107
107 173
107 176
107 178
107 132
107 123
108 161
108 108
108 109
108 111
108 112
108 114
108 117
108 151
108 158
108 159
109 168
109 139
109 109
109 111
109 112
109 114
109 117
109 121
109 151
109 159
110 137
110 139
110 110
110 112
110 151
110 158
110 159
111 171
111 169
111 112
111 114
111 117
111 111
111 143
112 168
112 139
112 112
112 114
112 117
112 151
112 158
112 159
113 163
113 164
113 133
113 113
113 145
113 127
114 161
114 169
114 114
114 117
114 151
114 158
114 159
115 144
115 167
115 168
115 115
115 119
115 148
115 124
116 134
116 168
116 172
116 147
116 116
116 118
116 148
117 117
117 169
117 158
117 159
118 134
118 172
118 147
118 118
118 120
118 155
118 126
119 144
119 167
119 168
119 174
119 119
120 133
120 135
120 136
120 170
120 120
120 122
120 126
120 127
121 153
121 121
122 136
122 180
122 135
122 122
122 146
122 126
122 127
123 128
123 173
123 176
123 178
123 123
123 132
124 129
124 130
124 167
124 168
124 144
124 142
124 174
124 153
124 175
124 124
124 125
125 129
125 130
125 167
125 144
125 142
125 175
125 174
125 125
126 134
126 135
126 136
126 172
126 143
126 126
127 163
127 164
127 133
127 170
127 135
127 136
127 127
128 128
128 173
128 142
128 176
128 178
128 132
129 129
129 130
129 174
129 175
129 145
129 142
129 153
130 130
130 142
130 175
130 145
130 174
131 131
131 132
131 165
131 166
131 164
131 177
131 146
131 155
132 173
132 176
132 132
133 163
133 164
133 133
133 170
133 135
133 179
134 148
134 134
134 172
134 147
134 155
135 166
135 135
135 136
135 169
135 170
135 171
135 180
136 136
136 163
136 170
136 180
137 137
137 153
137 151
137 158
137 159
138 160
138 138
138 157
138 154
138 156
139 161
139 139
139 178
140 171
140 166
140 169
140 140
140 141
140 143
140 180
141 171
141 166
141 169
141 141
141 143
141 180
142 142
142 176
142 175
143 171
143 158
143 169
143 143
143 159
144 144
144 167
144 174
144 168
144 175
145 165
145 145
145 146
145 149
145 153
146 146
146 180
147 148
147 172
147 147
148 162
148 152
148 148
149 164
149 165
149 166
149 171
149 180
149 149
149 150
150 164
150 166
150 171
150 177
150 150
150 180
150 165
151 161
151 151
151 158
151 159
152 174
152 152
153 153
154 154
155 164
155 177
155 155
156 160
156 157
156 156
157 157
158 158
158 159
159 161
159 159
160 160
161 161
162 162
163 163
163 170
164 165
164 164
164 177
164 170
165 165
165 166
165 177
166 166
166 177
166 180
167 167
167 168
167 174
167 175
168 168
169 171
169 180
169 169
170 177
170 170
171 171
171 180
172 172
173 173
173 176
173 178
174 174
174 175
175 175
176 176
177 177
178 178
179 179
180 180
