1 128
1 1
1 131
1 4
1 103
1 107
1 173
1 176
1 27
1 88
1 132
1 90
1 123
2 2
2 137
2 151
2 172
2 110
2 112
2 17
2 20
2 158
2 23
2 94
2 159
3 107
3 129
3 130
3 3
3 149
3 103
3 24
3 123
3 125
3 142
3 173
4 128
4 132
4 107
4 4
4 97
4 103
4 173
4 59
4 178
4 89
4 123
5 68
5 5
5 6
5 7
5 41
5 11
5 12
5 178
5 84
5 22
5 73
5 89
5 154
6 6
6 7
6 73
6 11
6 78
6 79
6 80
6 179
6 53
6 22
6 56
6 154
6 157
7 68
7 7
7 73
7 11
7 12
7 178
7 84
7 53
7 56
7 89
7 154
8 96
8 33
8 167
8 8
8 10
8 44
8 168
8 116
8 54
8 55
8 121
8 26
8 106
9 32
9 179
9 103
9 9
9 13
9 46
9 45
9 16
9 51
9 52
9 53
9 41
9 152
9 57
9 58
9 59
9 60
10 96
10 168
10 51
10 54
10 55
10 121
10 10
10 119
10 44
10 26
11 80
11 20
11 56
11 105
11 79
11 11
11 157
11 89
12 32
12 97
12 98
12 67
12 68
12 73
12 103
12 12
12 45
12 13
12 178
12 84
12 24
13 101
13 13
13 46
13 45
13 16
13 29
13 51
13 52
13 53
13 152
13 148
13 179
13 59
13 58
14 96
14 32
14 34
14 163
14 69
14 41
14 44
14 130
14 14
14 52
14 57
14 86
14 87
14 153
14 121
14 60
15 162
15 35
15 36
15 37
15 38
15 39
15 42
15 139
15 77
15 15
15 49
15 17
15 23
15 27
15 29
15 30
15 159
16 65
16 45
16 101
16 70
16 71
16 46
16 175
16 16
16 51
16 180
16 149
16 152
16 52
16 53
17 17
17 39
17 105
17 42
17 148
17 162
17 49
17 147
17 116
17 89
17 27
17 29
17 30
18 160
18 65
18 34
18 163
18 69
18 72
18 64
18 138
18 86
18 61
18 81
18 18
18 83
18 85
18 22
18 87
18 127
18 156
18 170
18 21
19 161
19 100
19 102
19 40
19 171
19 146
19 145
19 50
19 19
19 25
19 122
19 28
19 30
20 144
20 167
20 137
20 110
20 47
20 80
20 82
20 115
20 148
20 56
20 20
20 157
21 160
21 65
21 99
21 69
21 72
21 64
21 138
21 61
21 81
21 163
21 52
21 85
21 86
21 87
21 22
21 127
21 156
21 170
21 21
22 32
22 65
22 71
22 138
22 160
22 80
22 83
22 85
22 22
22 154
22 157
22 62
23 137
23 151
23 108
23 109
23 110
23 143
23 112
23 158
23 23
23 159
23 94
23 63
24 128
24 97
24 67
24 132
24 103
24 107
24 45
24 142
24 173
24 176
24 178
24 24
24 123
24 125
25 129
25 130
25 102
25 145
25 40
25 177
25 43
25 50
25 104
25 146
25 150
25 25
25 26
25 28
26 98
26 40
26 104
26 43
26 174
26 180
26 149
26 54
26 55
26 26
26 53
27 162
27 35
27 105
27 42
27 139
27 77
27 161
27 49
27 147
27 116
27 30
27 39
27 27
27 29
27 158
28 161
28 50
28 36
28 139
28 43
28 40
28 171
28 28
28 146
29 128
29 45
29 147
29 101
29 49
29 105
29 42
29 39
29 51
29 116
29 152
29 148
29 29
30 161
30 35
30 36
30 37
30 38
30 49
30 42
30 139
30 44
30 43
30 100
30 90
30 30
31 33
31 131
31 164
31 134
31 168
31 172
31 79
31 177
31 82
31 118
31 87
31 155
31 126
31 31
32 32
32 34
32 121
32 103
32 104
32 41
32 74
32 60
32 179
32 52
32 57
32 153
32 154
32 59
32 156
32 58
32 95
33 33
33 134
33 172
33 177
33 147
33 116
33 118
33 121
33 155
33 125
33 126
34 129
34 34
34 133
34 40
34 169
34 160
34 44
34 145
34 52
34 57
34 41
34 153
34 121
34 60
34 62
35 162
35 35
35 36
35 37
35 38
35 39
35 42
35 112
35 151
35 158
36 162
36 36
36 37
36 38
36 40
36 139
36 43
36 91
36 131
36 143
36 63
37 96
37 162
37 37
37 38
37 39
37 139
37 108
37 43
38 96
38 162
38 38
38 39
38 139
38 43
39 162
39 39
39 106
39 59
39 42
40 129
40 139
40 165
40 40
40 43
40 104
40 146
40 155
41 41
41 174
41 78
41 79
41 176
41 179
41 52
41 153
41 57
41 58
41 59
41 60
41 53
42 66
42 161
42 162
42 100
42 49
42 42
42 109
42 147
42 139
42 94
42 151
43 161
43 130
43 139
43 169
43 43
43 76
44 96
44 44
44 108
44 109
44 111
44 114
44 117
44 54
44 55
44 121
44 106
45 97
45 67
45 101
45 51
45 105
45 119
45 46
45 45
45 152
45 115
45 148
45 53
46 48
46 83
46 99
46 101
46 138
46 148
46 46
46 51
46 180
46 53
46 152
46 52
46 149
47 48
47 167
47 168
47 137
47 106
47 47
47 144
47 82
47 115
47 148
47 119
48 48
48 99
48 167
48 168
48 74
48 174
48 78
48 144
48 104
48 82
48 115
48 175
48 124
48 95
49 96
49 161
49 100
49 49
49 139
49 114
49 90
50 161
50 100
50 165
50 102
50 135
50 50
50 145
50 146
50 122
51 80
51 123
51 51
51 144
51 179
51 53
51 152
51 58
51 59
51 60
52 57
52 70
52 104
52 60
52 81
52 179
52 52
52 180
52 149
52 53
52 85
53 103
53 53
53 152
54 96
54 118
54 167
54 168
54 106
54 119
54 144
54 54
54 55
55 96
55 167
55 106
55 119
55 109
55 144
55 168
55 148
55 55
55 121
56 80
56 110
56 105
56 56
56 89
56 157
56 137
57 123
57 60
57 179
57 73
57 153
57 57
57 58
57 59
57 124
58 179
58 132
58 58
58 59
58 60
59 179
59 80
59 59
59 60
60 128
60 99
60 179
60 176
60 178
60 153
60 60
61 64
61 65
61 163
61 133
61 136
61 170
61 72
61 87
61 121
61 61
61 127
62 160
62 69
62 70
62 71
62 138
62 83
62 84
62 87
62 154
62 86
62 62
63 75
63 108
63 76
63 141
63 143
63 140
63 171
63 151
63 159
63 158
63 63
64 64
64 65
64 163
64 136
64 170
64 72
64 87
64 121
64 127
65 65
65 69
65 138
65 160
65 87
65 156
65 85
66 66
66 166
66 77
66 110
66 151
66 88
66 89
66 90
66 91
66 92
66 94
67 97
67 98
67 67
67 68
67 134
67 103
67 73
67 107
67 173
67 178
67 84
67 123
68 97
68 98
68 68
68 70
68 73
68 178
68 84
68 152
68 154
69 160
69 69
69 70
69 71
69 72
69 138
69 86
69 87
70 160
70 98
70 70
70 71
70 83
70 84
70 86
70 87
70 154
71 160
71 98
71 86
71 71
71 138
71 83
71 87
72 163
72 87
72 72
72 121
72 170
72 127
73 97
73 73
73 178
73 84
73 154
73 125
74 99
74 102
74 145
74 74
74 78
74 79
74 113
74 95
74 156
74 157
74 81
75 171
75 100
75 169
75 75
75 76
75 141
75 111
75 108
75 114
75 180
75 117
75 140
75 143
76 169
76 171
76 140
76 141
76 143
76 76
76 180
76 149
76 150
76 120
76 111
76 117
77 91
77 166
77 137
77 77
77 110
77 151
77 88
77 89
77 90
77 92
77 94
78 80
78 99
78 157
78 78
78 79
78 81
78 85
78 124
78 156
78 138
79 99
79 157
79 79
79 80
79 81
79 85
79 124
79 156
79 138
80 99
80 80
80 148
80 157
81 163
81 113
81 81
81 99
81 95
81 156
81 85
82 144
82 167
82 168
82 137
82 82
82 115
82 119
82 157
83 160
83 138
83 83
83 85
83 154
83 124
83 125
84 97
84 98
84 84
84 152
84 154
85 160
85 163
85 138
85 99
85 127
85 156
85 85
86 160
86 98
86 138
86 86
86 87
87 170
87 160
87 87
88 131
88 164
88 165
88 166
88 177
88 88
88 100
88 90
88 91
88 92
88 93
88 94
89 89
89 90
89 94
90 166
90 139
90 94
90 90
90 91
90 92
91 131
91 165
91 166
91 141
91 100
91 91
91 92
91 93
91 94
92 131
92 100
92 165
92 166
92 141
92 177
92 92
92 93
92 94
93 131
93 164
93 165
93 166
93 177
93 146
93 155
93 149
93 150
93 93
93 133
94 166
94 151
94 143
94 110
94 158
94 94
94 159
95 129
95 99
95 102
95 104
95 145
95 174
95 175
95 113
95 146
95 95
96 96
96 119
96 109
96 117
96 121
97 128
97 97
97 98
97 103
97 107
97 173
97 176
97 178
97 118
97 123
98 98
98 103
98 153
99 99
99 113
99 156
99 157
99 138
100 161
100 100
100 135
100 136
100 172
100 141
100 126
100 120
100 122
101 144
101 101
101 134
101 105
101 116
101 118
101 152
101 148
102 145
102 149
102 102
102 113
102 104
102 146
103 107
103 128
103 103
103 173
103 176
103 178
103 132
103 123
104 129
104 130
104 145
104 174
104 175
104 104
104 146
105 134
105 105
105 172
105 178
105 147
105 148
105 118
105 116
105 152
106 144
106 118
106 106
106 108
106 109
106 112
106 168
106 114
106 115
106 116
106 119
106 167
107 123
107 128
107 107
107 173
107 142
107 176
107 178
107 116
107 132
108 169
108 108
108 109
108 111
108 112
108 114
108 117
108 159
108 158
109 168
109 109
109 111
109 112
109 114
109 117
109 158
109 159
110 137
110 151
110 172
110 110
110 147
110 158
110 159
111 161
111 171
111 111
111 112
111 114
111 117
111 169
112 168
112 137
112 151
112 112
112 114
112 117
112 158
112 159
113 163
113 164
113 133
113 113
113 145
113 146
113 127
114 169
114 114
114 117
114 158
115 144
115 167
115 168
115 174
115 115
115 119
115 153
116 123
116 134
116 172
116 173
116 147
116 116
116 118
116 148
117 139
117 169
117 117
117 121
118 134
118 137
118 172
118 147
118 120
118 155
118 118
118 126
119 168
119 119
119 144
119 155
120 133
120 166
120 135
120 136
120 170
120 172
120 120
120 122
120 126
121 161
121 139
121 153
121 121
122 163
122 133
122 135
122 136
122 169
122 170
122 171
122 122
122 126
122 127
123 123
123 132
123 128
123 173
123 142
123 176
123 178
124 129
124 130
124 167
124 174
124 175
124 124
124 125
125 130
125 129
125 174
125 175
125 178
125 142
125 125
126 134
126 135
126 136
126 140
126 172
126 142
126 176
126 126
127 163
127 164
127 133
127 135
127 170
127 136
127 127
128 128
128 173
128 142
128 176
128 178
128 132
129 129
129 145
129 130
129 174
129 175
130 130
130 142
130 174
130 175
131 131
131 165
131 166
131 135
131 164
131 177
131 155
131 132
132 173
132 176
132 179
132 132
133 163
133 133
133 135
133 136
133 170
134 134
134 172
134 142
134 147
134 148
134 155
135 135
135 136
135 169
135 170
136 163
136 136
136 170
136 171
137 137
137 151
137 162
137 147
137 158
137 159
138 160
138 156
138 138
138 154
138 157
139 161
139 139
139 143
140 169
140 171
140 140
140 141
140 143
140 150
140 151
140 159
140 158
141 171
141 169
141 141
141 143
141 150
141 151
141 159
141 158
142 173
142 142
142 176
143 171
143 143
143 158
143 159
143 151
144 144
144 167
144 168
144 174
145 145
145 177
145 146
146 146
147 172
147 147
147 148
148 172
148 148
148 152
149 164
149 169
149 170
149 171
149 180
149 149
149 150
150 164
150 165
150 169
150 171
150 180
150 150
151 151
151 158
151 159
152 157
152 152
152 154
153 164
153 179
153 167
153 153
153 158
154 154
155 164
155 165
155 177
155 155
156 157
156 156
157 157
158 159
158 158
159 159
160 160
161 161
162 162
163 170
163 163
164 164
164 165
164 166
164 177
165 165
165 166
165 177
166 166
166 177
167 167
167 174
167 168
167 175
168 168
169 171
169 180
169 169
170 170
171 171
171 180
172 172
173 173
173 176
173 178
174 174
174 175
175 175
176 176
176 178
177 177
178 178
179 179
180 180
