1 128
1 1
1 131
1 132
1 166
1 40
1 107
1 173
1 176
1 88
1 4
1 90
1 123
1 100
2 161
2 2
2 137
2 151
2 110
2 143
2 112
2 20
2 23
2 47
2 158
2 159
3 129
3 130
3 3
3 68
3 142
3 175
3 67
3 84
3 149
3 24
3 180
3 125
4 128
4 107
4 4
4 97
4 103
4 43
4 173
4 176
4 178
4 132
4 123
5 35
5 68
5 5
5 6
5 7
5 73
5 11
5 12
5 17
5 84
5 22
5 89
5 56
5 36
5 154
5 118
6 6
6 7
6 73
6 11
6 172
6 79
6 80
6 22
6 56
6 89
6 154
6 157
7 139
7 68
7 7
7 73
7 11
7 12
7 178
7 84
7 56
7 89
7 154
8 96
8 98
8 168
8 105
8 10
8 44
8 8
8 54
8 55
8 121
8 26
8 106
9 32
9 65
9 69
9 41
9 13
9 46
9 16
9 51
9 52
9 53
9 86
9 9
9 152
9 57
9 179
9 59
9 60
9 58
10 96
10 104
10 10
10 55
10 40
10 51
10 54
10 119
10 153
10 121
10 26
11 80
11 118
11 20
11 56
11 89
11 11
11 157
11 137
12 97
12 98
12 67
12 68
12 73
12 103
12 12
12 178
12 84
12 24
12 36
13 179
13 101
13 13
13 46
13 45
13 16
13 81
13 51
13 53
13 152
13 58
13 59
13 29
14 96
14 32
14 34
14 41
14 170
14 44
14 142
14 52
14 14
14 57
14 153
14 121
14 60
15 162
15 35
15 17
15 37
15 38
15 39
15 168
15 105
15 42
15 15
15 49
15 148
15 27
15 29
15 30
16 163
16 101
16 104
16 46
16 45
16 16
16 113
16 51
16 52
16 149
16 150
16 152
17 161
17 35
17 134
17 17
17 105
17 42
17 139
17 172
17 49
17 147
17 116
17 118
17 27
17 29
17 30
18 160
18 65
18 163
18 69
18 72
18 64
18 138
18 127
18 61
18 81
18 18
18 85
18 86
18 87
18 59
18 156
18 170
18 21
19 161
19 100
19 49
19 102
19 135
19 40
19 169
19 50
19 28
19 145
19 146
19 19
19 88
19 25
19 122
19 91
19 92
19 126
19 166
20 137
20 172
20 110
20 79
20 80
20 82
20 115
20 20
20 151
20 56
20 47
20 157
21 160
21 65
21 83
21 163
21 69
21 138
21 99
21 148
21 85
21 22
21 87
21 156
21 21
22 160
22 71
22 138
22 83
22 116
22 22
22 154
22 70
22 157
22 62
23 137
23 151
23 108
23 109
23 110
23 143
23 112
23 23
23 153
23 159
23 158
23 63
24 128
24 97
24 67
24 68
24 38
24 103
24 107
24 173
24 142
24 176
24 178
24 24
24 132
24 123
25 129
25 165
25 102
25 40
25 43
25 50
25 145
25 146
25 25
25 26
25 28
25 104
26 128
26 97
26 67
26 103
26 40
26 41
26 43
26 28
26 52
26 53
26 54
26 55
26 26
26 60
26 104
27 161
27 162
27 35
27 37
27 38
27 49
27 105
27 42
27 39
27 98
27 147
27 139
27 148
27 116
27 27
27 29
27 30
28 161
28 66
28 75
28 36
28 40
28 43
28 143
28 49
28 146
28 139
28 132
28 28
28 30
28 63
29 162
29 99
29 147
29 101
29 71
29 105
29 39
29 51
29 116
29 45
29 148
29 152
29 29
30 96
30 161
30 35
30 36
30 37
30 38
30 49
30 42
30 139
30 43
30 30
31 96
31 33
31 147
31 101
31 134
31 105
31 172
31 177
31 115
31 148
31 155
31 31
32 32
32 129
32 34
32 121
32 102
32 41
32 98
32 179
32 52
32 53
32 57
32 58
32 59
32 60
33 96
33 33
33 118
33 134
33 167
33 105
33 138
33 172
33 147
33 148
33 86
33 116
33 155
33 124
33 157
34 96
34 34
34 72
34 41
34 44
34 130
34 40
34 146
34 52
34 57
34 153
34 121
34 60
34 169
35 97
35 162
35 35
35 36
35 38
35 39
35 168
35 42
35 55
35 37
36 162
36 36
36 38
36 39
36 40
36 43
36 178
36 139
36 37
37 162
37 37
37 38
37 39
37 40
37 47
37 139
37 43
37 154
38 162
38 38
38 39
38 40
38 47
38 139
38 43
38 68
39 51
39 162
39 99
39 39
39 83
39 45
39 54
39 119
39 70
40 98
40 40
40 169
40 43
40 140
40 141
40 76
40 139
41 179
41 41
41 87
41 51
41 52
41 53
41 57
41 59
41 60
41 58
42 161
42 100
42 49
42 42
42 103
42 172
42 147
42 116
42 106
43 161
43 132
43 43
43 139
43 77
43 111
43 94
44 96
44 100
44 44
44 106
44 108
44 109
44 111
44 114
44 117
44 54
44 55
44 121
45 162
45 101
45 105
45 45
45 174
45 51
45 148
45 46
45 152
46 179
46 72
46 46
46 51
46 52
46 149
46 152
46 101
47 144
47 167
47 168
47 106
47 110
47 47
47 48
47 82
47 115
47 151
47 153
47 124
48 48
48 99
48 167
48 168
48 74
48 175
48 78
48 79
48 144
48 113
48 82
48 115
48 148
48 174
48 119
48 104
48 124
48 125
48 95
49 161
49 100
49 49
49 139
49 108
49 176
49 158
50 130
50 100
50 165
50 102
50 135
50 136
50 50
50 145
50 146
50 113
50 120
50 122
51 160
51 51
51 175
51 174
51 179
51 53
51 152
51 58
51 59
52 64
52 57
52 61
52 179
52 52
52 180
52 127
52 60
52 58
52 53
53 179
53 138
53 60
53 53
53 57
53 156
53 62
54 96
54 118
54 167
54 168
54 106
54 54
54 55
54 121
54 119
55 96
55 167
55 168
55 106
55 55
55 119
55 121
56 80
56 110
56 56
56 89
56 118
56 137
57 98
57 179
57 57
57 58
57 59
57 60
58 179
58 87
58 58
58 59
58 60
58 95
59 69
59 74
59 81
59 179
59 85
59 152
59 59
59 60
60 133
60 113
60 179
60 60
61 64
61 65
61 163
61 133
61 72
61 170
61 85
61 87
61 61
61 127
62 160
62 98
62 69
62 70
62 71
62 138
62 83
62 87
62 154
62 86
62 62
63 171
63 76
63 75
63 140
63 141
63 143
63 180
63 94
63 159
63 158
63 63
64 64
64 65
64 163
64 133
64 72
64 170
64 85
64 87
64 153
64 127
65 65
65 69
65 72
65 138
65 160
65 148
65 86
65 87
65 170
65 85
66 92
66 66
66 166
66 88
66 89
66 90
66 91
66 77
66 94
66 143
67 97
67 98
67 68
67 103
67 73
67 107
67 173
67 178
67 67
67 84
67 123
68 97
68 98
68 68
68 73
68 84
68 118
68 154
69 160
69 69
69 70
69 71
69 138
69 86
69 87
70 160
70 98
70 70
70 71
70 83
70 84
70 87
70 154
70 86
71 160
71 98
71 86
71 71
71 138
71 83
71 87
72 163
72 72
72 170
72 85
72 87
72 153
72 155
72 127
73 97
73 73
73 178
73 84
73 118
73 154
74 99
74 133
74 102
74 113
74 74
74 78
74 79
74 81
74 85
74 152
74 156
74 95
75 171
75 108
75 75
75 76
75 109
75 143
75 141
75 114
75 117
75 169
75 111
75 140
76 149
76 171
76 169
76 140
76 141
76 111
76 76
76 114
76 180
76 117
76 150
76 120
76 143
77 91
77 166
77 89
77 88
77 137
77 90
77 92
77 77
77 94
78 80
78 162
78 99
78 105
78 124
78 78
78 79
78 81
78 82
78 83
78 138
78 125
78 156
78 157
79 80
79 162
79 99
79 79
79 81
79 82
79 83
79 157
79 156
79 138
80 80
80 89
80 137
80 172
80 157
81 163
81 133
81 113
81 156
81 127
81 81
81 99
81 85
81 101
81 95
82 144
82 99
82 167
82 168
82 82
82 115
82 116
82 157
83 160
83 99
83 138
83 157
83 83
83 154
83 156
83 125
83 85
84 172
84 97
84 98
84 84
84 154
85 99
85 163
85 160
85 113
85 170
85 138
85 87
85 127
85 156
85 85
86 160
86 98
86 138
86 86
86 87
87 170
87 160
87 179
87 87
87 153
88 131
88 165
88 166
88 88
88 90
88 91
88 92
88 93
88 94
89 161
89 89
89 90
89 94
90 100
90 166
90 90
90 91
90 92
90 94
91 131
91 164
91 165
91 166
91 141
91 177
91 91
91 92
91 93
91 94
92 131
92 164
92 165
92 166
92 141
92 177
92 92
92 93
92 94
93 131
93 164
93 165
93 166
93 177
93 145
93 155
93 150
93 93
94 166
94 140
94 141
94 158
94 143
94 94
95 129
95 102
95 113
95 104
95 145
95 174
95 175
95 144
95 95
96 96
96 121
96 153
96 106
97 97
97 98
97 139
97 103
97 107
97 173
97 178
97 123
98 98
98 172
98 153
99 99
99 138
99 157
99 125
99 156
100 100
100 146
100 161
100 136
100 135
100 114
100 117
100 118
100 120
100 132
100 122
100 126
101 101
101 134
101 105
101 148
101 152
101 116
101 155
102 164
102 102
102 145
102 104
102 146
102 113
103 128
103 103
103 107
103 173
103 176
103 178
103 132
103 123
104 130
104 129
104 104
104 174
104 175
104 145
104 144
105 134
105 105
105 172
105 147
105 116
105 148
106 144
106 167
106 106
106 119
106 108
106 109
106 112
106 168
106 114
106 115
106 117
107 128
107 161
107 107
107 173
107 142
107 176
107 178
107 123
107 132
108 108
108 109
108 111
108 112
108 114
108 117
108 158
108 159
109 161
109 168
109 109
109 111
109 112
109 114
109 117
109 159
110 137
110 139
110 110
110 112
110 151
110 158
110 159
111 169
111 171
111 112
111 114
111 117
111 111
112 161
112 168
112 151
112 112
112 114
112 117
112 158
112 159
113 163
113 133
113 145
113 146
113 113
113 127
114 169
114 114
114 117
115 144
115 167
115 168
115 174
115 115
115 119
115 116
115 124
116 147
116 134
116 118
116 172
116 116
116 148
117 169
117 117
118 134
118 172
118 147
118 126
118 155
118 118
118 120
119 144
119 167
119 168
119 119
119 174
120 120
120 133
120 135
120 136
120 122
120 126
120 127
121 139
121 153
121 121
121 126
122 131
122 135
122 136
122 169
122 146
122 122
122 126
122 127
123 128
123 161
123 173
123 142
123 176
123 178
123 123
123 132
123 126
124 130
124 134
124 129
124 144
124 167
124 174
124 175
124 124
124 125
125 129
125 130
125 167
125 174
125 142
125 175
125 148
125 125
126 134
126 135
126 136
126 172
126 142
126 126
127 163
127 133
127 170
127 135
127 136
127 127
128 128
128 173
128 142
128 176
128 132
129 129
129 130
129 174
129 175
129 145
129 142
130 130
130 142
130 175
130 145
130 146
131 131
131 132
131 165
131 166
131 136
131 177
131 155
131 164
132 132
132 173
132 176
133 163
133 133
133 136
133 177
133 170
134 134
134 172
134 147
134 148
134 155
135 135
135 136
135 169
135 171
135 146
136 163
136 136
136 170
137 137
137 139
137 151
137 158
137 159
138 160
138 156
138 138
138 154
138 157
139 139
139 161
139 151
140 149
140 171
140 169
140 140
140 141
140 143
140 180
140 159
140 158
141 171
141 169
141 141
141 158
141 143
141 180
141 149
141 150
141 159
142 173
142 142
143 171
143 169
143 143
143 158
143 151
143 153
143 159
144 144
144 167
144 168
144 174
144 148
144 175
145 145
145 146
145 149
145 150
146 165
146 180
146 146
147 167
147 172
147 147
147 148
148 160
148 152
148 148
149 164
149 169
149 171
149 180
149 149
149 150
150 164
150 165
150 177
150 171
150 180
150 150
151 151
151 158
151 159
152 152
153 153
153 158
153 159
154 154
155 164
155 177
155 155
156 157
156 156
157 157
158 158
158 159
159 159
160 160
161 161
161 173
162 162
163 163
163 170
164 164
164 166
164 177
164 165
165 165
165 166
165 177
166 166
166 177
167 167
167 168
167 174
167 175
168 168
169 171
169 180
169 169
170 170
171 171
171 180
172 172
173 173
173 176
173 178
174 174
174 175
175 175
176 176
177 177
178 178
179 179
180 180
