1 128
1 1
1 131
1 132
1 42
1 107
1 173
1 176
1 88
1 36
1 90
1 123
1 4
2 2
2 137
2 162
2 110
2 109
2 112
2 82
2 20
2 23
2 56
2 155
2 158
2 159
3 176
3 123
3 130
3 3
3 24
3 121
3 128
3 107
3 173
3 142
3 125
4 128
4 4
4 134
4 103
4 107
4 173
4 176
4 17
4 178
4 116
4 89
4 132
4 123
5 178
5 67
5 68
5 5
5 6
5 7
5 84
5 58
5 12
5 154
5 73
6 80
6 65
6 179
6 6
6 7
6 56
6 154
6 11
6 157
6 22
7 68
7 7
7 73
7 11
7 12
7 84
7 56
7 154
7 155
7 58
8 96
8 168
8 26
8 179
8 54
8 55
8 8
8 167
8 106
8 119
8 10
9 32
9 179
9 103
9 9
9 57
9 11
9 13
9 46
9 47
9 16
9 51
9 20
9 53
9 54
9 41
9 152
9 52
9 58
9 59
9 60
10 96
10 104
10 10
10 55
10 40
10 54
10 119
10 88
10 25
10 26
10 60
11 80
11 20
11 22
11 56
11 154
11 11
11 157
11 110
12 97
12 98
12 67
12 68
12 73
12 103
12 12
12 178
12 84
12 41
12 24
12 31
13 123
13 35
13 101
13 39
13 45
13 46
13 13
13 16
13 82
13 51
13 53
13 55
13 152
13 179
13 59
13 58
14 64
14 32
14 34
14 72
14 41
14 170
14 44
14 130
14 14
14 146
14 52
14 117
14 57
14 153
14 121
14 169
15 162
15 35
15 36
15 37
15 38
15 39
15 42
15 139
15 15
15 49
15 114
15 17
15 43
15 27
15 29
15 30
16 51
16 164
16 54
16 41
16 57
16 46
16 16
16 179
16 84
16 149
16 150
16 152
16 52
16 58
16 59
16 60
16 157
16 53
17 132
17 35
17 101
17 17
17 105
17 42
17 45
17 49
17 147
17 116
17 148
17 27
17 29
17 30
18 160
18 65
18 99
18 69
18 72
18 64
18 138
18 86
18 61
18 18
18 163
18 52
18 85
18 22
18 87
18 156
18 170
18 21
19 161
19 100
19 102
19 169
19 171
19 50
19 145
19 146
19 19
19 25
19 122
19 28
20 144
20 167
20 168
20 47
20 80
20 82
20 115
20 20
20 137
20 56
20 79
20 157
21 160
21 65
21 163
21 72
21 64
21 138
21 61
21 78
21 79
21 81
21 99
21 52
21 85
21 22
21 87
21 127
21 156
21 170
21 21
22 32
22 65
22 71
22 138
22 80
22 83
22 22
22 160
22 154
22 62
22 85
23 137
23 108
23 109
23 110
23 77
23 112
23 114
23 158
23 23
23 29
23 94
23 159
24 128
24 97
24 67
24 132
24 103
24 41
24 107
24 173
24 142
24 176
24 178
24 24
24 57
24 123
25 161
25 130
25 131
25 166
25 102
25 129
25 104
25 146
25 145
25 50
25 40
25 25
25 26
25 28
26 36
26 104
26 28
26 43
26 54
26 40
26 26
26 91
26 92
26 90
27 161
27 66
27 139
27 49
27 105
27 42
27 43
27 147
27 116
27 148
27 27
27 29
27 30
28 161
28 139
28 40
28 75
28 49
28 50
28 43
28 28
28 30
29 162
29 35
29 101
29 38
29 39
29 105
29 42
29 109
29 45
29 112
29 159
29 116
29 152
29 148
29 29
29 30
29 37
30 161
30 139
30 49
30 40
30 42
30 43
30 151
30 121
30 30
31 172
31 33
31 134
31 105
31 177
31 147
31 116
31 118
31 155
31 126
31 31
32 32
32 34
32 68
32 41
32 74
32 60
32 156
32 179
32 84
32 57
32 153
32 58
32 59
32 124
32 138
32 52
33 33
33 100
33 134
33 75
33 172
33 173
33 147
33 118
33 120
33 155
33 126
34 34
34 163
34 69
34 102
34 169
34 87
34 44
34 52
34 57
34 86
34 41
34 153
34 121
34 60
35 162
35 35
35 36
35 37
35 38
35 39
35 112
35 51
36 162
36 36
36 37
36 38
36 39
36 40
36 108
36 43
36 44
36 139
36 121
36 94
37 162
37 37
37 38
37 39
37 40
37 43
37 139
37 158
38 162
38 38
38 39
38 139
38 43
38 158
38 159
39 162
39 39
39 45
39 110
39 152
40 161
40 139
40 40
40 75
40 43
40 90
41 97
41 41
41 179
41 52
41 53
41 73
41 57
41 58
41 59
41 60
41 153
42 105
42 42
42 139
42 161
42 49
42 147
42 116
43 139
43 43
43 117
43 151
43 111
44 96
44 108
44 44
44 109
44 111
44 112
44 114
44 117
44 121
45 162
45 101
45 105
45 107
45 45
45 46
45 51
45 148
45 173
45 152
46 164
46 179
46 168
46 46
46 51
46 149
46 152
46 58
46 59
46 53
47 48
47 167
47 168
47 106
47 47
47 144
47 82
47 115
47 119
47 59
47 157
48 144
48 99
48 113
48 167
48 168
48 177
48 74
48 175
48 174
48 48
48 81
48 115
48 78
48 79
48 124
48 95
49 161
49 49
49 139
49 147
49 116
49 151
50 161
50 50
50 100
50 102
50 145
50 122
50 146
50 169
51 123
51 162
51 101
51 51
51 53
51 152
51 179
51 59
51 58
52 70
52 71
52 74
52 83
52 150
52 52
52 179
52 180
52 62
52 57
52 58
52 60
52 125
52 85
52 149
53 101
53 168
53 53
53 152
53 153
53 123
53 60
54 96
54 144
54 167
54 168
54 106
54 55
54 174
54 54
54 119
55 96
55 167
55 168
55 106
55 55
55 109
55 144
55 119
55 121
56 137
56 110
56 80
56 152
56 82
56 56
56 154
56 157
57 65
57 78
57 79
57 179
57 57
57 58
57 59
57 60
57 153
57 149
58 80
58 123
58 107
58 179
58 59
58 60
58 58
59 144
59 115
59 179
59 59
59 60
60 67
60 179
60 73
60 153
60 60
60 154
60 149
61 64
61 163
61 87
61 72
61 61
61 170
61 127
61 93
61 85
62 160
62 65
62 69
62 70
62 71
62 138
62 83
62 87
62 154
62 86
62 62
63 171
63 172
63 75
63 108
63 141
63 111
63 76
63 140
63 117
63 169
63 143
63 151
63 94
63 63
64 64
64 163
64 72
64 170
64 93
64 87
64 127
64 85
65 160
65 65
65 138
65 154
65 156
65 85
66 66
66 91
66 134
66 139
66 77
66 110
66 143
66 158
66 151
66 89
66 90
66 92
66 94
67 97
67 98
67 67
67 68
67 103
67 73
67 107
67 173
67 178
67 84
67 123
68 97
68 98
68 68
68 70
68 73
68 178
68 84
68 154
69 160
69 164
69 69
69 70
69 71
69 72
69 138
69 83
69 86
69 87
70 160
70 98
70 70
70 71
70 83
70 84
70 86
70 87
70 154
71 160
71 86
71 71
71 138
71 83
71 87
71 84
72 163
72 72
72 170
72 177
72 87
72 127
73 97
73 73
73 124
73 178
73 84
73 154
73 155
73 125
74 99
74 133
74 81
74 74
74 78
74 79
74 113
74 174
74 156
74 157
74 95
75 171
75 169
75 75
75 76
75 141
75 111
75 140
75 180
75 117
75 143
76 171
76 100
76 169
76 140
76 141
76 111
76 76
76 180
76 117
76 143
77 137
77 151
77 77
77 110
77 116
77 94
77 89
77 90
77 158
77 159
78 80
78 99
78 164
78 78
78 79
78 81
78 157
78 156
78 138
78 85
79 80
79 99
79 79
79 81
79 157
79 156
79 138
79 85
80 99
80 80
80 82
80 157
81 149
81 99
81 133
81 113
81 81
81 163
81 95
81 156
81 127
82 144
82 167
82 168
82 137
82 106
82 82
82 115
82 152
83 160
83 130
83 138
83 86
83 175
83 83
83 154
83 124
83 125
84 97
84 98
84 84
84 154
84 155
84 125
85 99
85 138
85 160
85 157
85 163
85 156
85 85
86 160
86 138
86 87
86 86
87 160
87 138
87 170
87 87
88 131
88 165
88 166
88 135
88 93
88 177
88 150
88 88
88 90
88 91
88 92
88 122
89 116
89 158
89 89
89 151
89 137
89 90
89 94
89 110
90 131
90 166
90 141
90 90
90 91
90 92
90 94
91 131
91 166
91 140
91 141
91 151
91 91
91 92
91 94
92 131
92 100
92 165
92 166
92 140
92 141
92 93
92 151
92 92
92 94
93 129
93 131
93 164
93 165
93 166
93 93
93 177
93 163
93 149
93 150
94 151
94 159
94 110
94 143
94 158
94 94
95 146
95 165
95 102
95 113
95 104
95 145
95 174
95 95
96 96
96 98
96 119
96 109
96 114
96 121
96 106
97 128
97 97
97 98
97 103
97 107
97 173
97 178
97 123
98 98
98 103
98 107
98 173
98 153
98 155
99 99
99 164
99 113
99 156
99 157
100 100
100 134
100 161
100 136
100 172
100 135
100 146
100 147
100 118
100 169
100 120
100 122
100 126
101 164
101 101
101 134
101 103
101 105
101 116
101 152
101 148
101 155
102 113
102 102
102 135
102 104
102 174
102 145
102 146
102 122
103 128
103 103
103 107
103 173
103 176
103 178
103 179
103 132
103 123
104 129
104 130
104 113
104 104
104 174
104 175
104 145
104 146
104 180
105 128
105 134
105 105
105 147
105 116
105 148
105 158
106 112
106 167
106 168
106 106
106 119
106 109
106 144
106 115
106 152
107 123
107 128
107 107
107 142
107 173
107 176
107 178
107 132
108 151
108 108
108 109
108 111
108 112
108 114
108 116
108 117
108 159
108 158
109 168
109 109
109 111
109 112
109 114
109 148
109 117
109 119
109 158
109 159
110 137
110 162
110 110
110 112
110 158
110 159
111 140
111 169
111 171
111 141
111 143
111 114
111 117
111 151
111 111
111 121
112 137
112 112
112 114
112 158
112 159
113 133
113 113
113 145
113 135
113 163
113 150
113 120
113 136
113 127
114 114
114 116
114 117
114 121
114 158
114 159
115 144
115 167
115 168
115 115
115 119
115 157
116 148
116 134
116 172
116 116
116 147
117 169
117 171
117 117
117 121
118 134
118 135
118 136
118 172
118 140
118 147
118 118
118 120
118 121
118 155
118 126
119 168
119 119
119 144
119 152
119 121
120 133
120 135
120 136
120 170
120 180
120 120
120 122
120 126
120 127
121 153
121 121
122 131
122 135
122 145
122 172
122 146
122 136
122 122
122 126
122 127
123 128
123 142
123 173
123 176
123 178
123 148
123 132
123 123
124 130
124 129
124 167
124 124
124 125
124 174
124 175
125 129
125 130
125 174
125 175
125 178
125 125
126 133
126 135
126 136
126 172
126 180
126 155
126 126
127 163
127 133
127 170
127 135
127 136
127 150
127 127
128 128
128 173
128 142
128 176
128 132
129 129
129 130
129 174
129 175
129 145
129 146
129 180
130 130
130 174
130 142
130 175
130 146
131 131
131 132
131 165
131 166
131 177
132 162
132 172
132 173
132 142
132 176
132 147
132 132
133 163
133 133
133 136
133 142
133 149
133 170
134 134
134 148
134 172
134 176
134 147
134 155
135 135
135 136
135 170
135 172
136 163
136 136
136 170
136 180
137 137
137 162
137 158
137 159
138 156
138 138
138 160
138 157
139 139
140 161
140 171
140 166
140 169
140 140
140 141
140 180
140 151
140 143
141 161
141 171
141 166
141 169
141 141
141 180
141 151
141 143
142 172
142 173
142 142
142 176
143 171
143 169
143 172
143 151
143 143
143 158
144 144
144 167
144 168
144 153
145 145
145 146
145 180
146 146
147 148
147 172
147 161
147 147
148 152
148 148
149 149
149 164
149 174
149 150
149 180
149 165
150 164
150 165
150 166
150 177
150 170
150 171
150 180
150 150
151 158
151 159
151 151
152 164
152 152
153 153
154 154
155 164
155 172
155 177
155 155
156 157
156 156
157 157
158 158
158 159
159 159
160 160
160 164
161 161
161 172
162 162
163 163
163 170
164 165
164 164
164 175
164 177
165 165
165 166
165 170
165 177
166 166
166 177
167 179
167 167
167 174
167 168
167 175
168 168
169 171
169 180
169 169
170 170
171 171
171 180
172 172
173 173
173 176
173 178
174 174
174 175
175 175
176 176
177 177
178 178
178 179
179 179
180 180
