1 128
1 1
1 131
1 132
1 103
1 9
1 107
1 45
1 173
1 176
1 118
1 105
1 4
1 123
2 2
2 137
2 109
2 110
2 77
2 112
2 82
2 115
2 148
2 158
2 89
2 23
2 20
2 94
2 159
3 107
3 128
3 3
3 132
3 123
3 103
3 24
3 176
3 119
3 173
3 142
4 128
4 34
4 131
4 4
4 101
4 103
4 107
4 12
4 173
4 46
4 176
4 121
4 132
4 123
5 67
5 68
5 5
5 6
5 7
5 73
5 11
5 12
5 178
5 84
5 121
5 154
6 80
6 65
6 34
6 22
6 6
6 7
6 56
6 154
6 11
6 157
7 68
7 7
7 73
7 11
7 12
7 14
7 84
7 22
7 56
7 154
7 31
8 167
8 8
8 41
8 10
8 174
8 144
8 168
8 54
8 55
8 57
8 26
8 106
9 32
9 34
9 41
9 13
9 46
9 16
9 51
9 52
9 53
9 9
9 152
9 57
9 60
9 149
10 96
10 131
10 168
10 106
10 55
10 144
10 52
10 53
10 54
10 119
10 26
10 10
11 80
11 65
11 52
11 56
11 20
11 154
11 11
11 157
12 97
12 98
12 67
12 73
12 103
12 12
12 178
12 84
12 149
12 24
12 68
13 162
13 179
13 39
13 41
13 55
13 45
13 46
13 13
13 16
13 51
13 53
13 152
13 57
13 58
13 59
13 60
13 29
13 110
14 96
14 32
14 34
14 99
14 133
14 41
14 74
14 44
14 14
14 79
14 52
14 78
14 57
14 153
14 121
14 156
14 174
14 169
14 95
15 162
15 35
15 36
15 37
15 38
15 39
15 42
15 139
15 109
15 15
15 17
15 43
15 27
15 29
15 30
16 115
16 164
16 179
16 46
16 45
16 16
16 51
16 180
16 149
16 150
16 152
16 52
16 20
16 53
17 27
17 101
17 134
17 49
17 105
17 42
17 139
17 109
17 45
17 17
17 147
17 116
17 152
17 148
17 29
17 30
18 160
18 65
18 163
18 69
18 72
18 64
18 138
18 86
18 61
18 18
18 83
18 180
18 85
18 22
18 87
18 156
18 170
18 21
19 161
19 100
19 102
19 145
19 42
19 140
19 146
19 141
19 49
19 50
19 19
19 25
19 122
19 111
19 28
20 32
20 80
20 167
20 168
20 137
20 144
20 110
20 47
20 82
20 115
20 20
20 56
20 157
21 160
21 65
21 163
21 22
21 72
21 64
21 138
21 61
21 78
21 79
21 99
21 85
21 150
21 87
21 127
21 156
21 170
21 21
22 160
22 65
22 138
22 71
22 83
22 22
22 121
22 154
22 62
22 85
23 137
23 151
23 109
23 110
23 77
23 112
23 94
23 23
23 29
23 158
23 159
24 128
24 97
24 98
24 68
24 103
24 107
24 173
24 142
24 176
24 178
24 67
24 180
24 24
24 132
24 123
25 161
25 166
25 102
25 129
25 104
25 50
25 145
25 146
25 40
25 25
25 88
25 121
25 26
25 28
26 43
26 166
26 104
26 171
26 174
26 40
26 54
26 26
26 28
27 161
27 49
27 105
27 42
27 139
27 109
27 147
27 148
27 116
27 27
27 29
27 30
28 161
28 43
28 40
28 42
28 139
28 143
28 49
28 90
28 91
28 28
28 30
29 147
29 101
29 39
29 105
29 45
29 46
29 51
29 148
29 152
29 116
29 29
29 30
29 159
30 161
30 131
30 36
30 37
30 38
30 49
30 40
30 42
30 139
30 43
30 30
31 33
31 164
31 134
31 73
31 172
31 177
31 84
31 118
31 120
31 155
31 126
31 31
32 32
32 34
32 121
32 41
32 57
32 47
32 179
32 180
32 53
32 153
32 58
32 59
32 60
32 52
33 33
33 155
33 134
33 135
33 103
33 172
33 77
33 147
33 126
33 118
33 120
33 89
33 63
33 94
34 34
34 121
34 41
34 48
34 52
34 53
34 153
34 57
34 60
34 157
35 162
35 35
35 36
35 37
35 38
35 39
35 179
35 58
35 59
35 158
35 159
36 96
36 162
36 36
36 37
36 38
36 39
36 40
36 139
36 43
37 162
37 37
37 38
37 39
37 40
37 43
37 109
37 131
37 139
38 162
38 38
38 39
38 40
38 43
38 131
38 139
39 162
39 39
39 66
39 51
39 119
40 161
40 43
40 40
40 139
40 92
41 179
41 41
41 115
41 52
41 53
41 153
41 57
41 58
41 59
41 60
42 161
42 131
42 100
42 49
42 42
42 139
42 50
42 114
42 116
43 162
43 139
43 43
43 130
43 114
44 96
44 169
44 75
44 108
44 109
44 111
44 114
44 117
44 121
44 122
44 44
45 101
45 105
45 45
45 46
45 51
45 148
45 110
45 152
46 101
46 46
46 82
46 51
46 148
46 149
46 152
46 52
47 48
47 167
47 168
47 144
47 47
47 80
47 157
47 82
47 115
47 106
48 144
48 99
48 113
48 167
48 74
48 78
48 79
48 48
48 81
48 115
48 174
48 156
48 157
48 95
49 96
49 161
49 131
49 100
49 49
49 108
49 50
49 151
50 161
50 100
50 102
50 145
50 104
50 135
50 50
50 111
50 146
50 122
51 179
51 137
51 55
51 51
51 53
51 152
51 58
51 59
52 80
52 57
52 167
52 179
52 52
52 56
52 180
52 58
52 60
52 53
52 149
53 168
53 53
53 57
53 60
54 144
54 168
54 115
54 54
54 55
54 57
54 106
54 167
55 96
55 115
55 168
55 106
55 55
55 109
55 144
55 119
56 80
56 65
56 56
56 157
56 110
56 79
57 144
57 179
57 153
57 57
57 58
57 59
57 60
58 162
58 179
58 110
58 153
58 58
58 59
58 60
59 162
59 179
59 106
59 110
59 59
59 60
60 179
60 168
60 115
60 153
60 60
61 64
61 163
61 136
61 169
61 170
61 72
61 87
61 61
61 85
61 127
62 160
62 65
62 164
62 69
62 70
62 71
62 138
62 83
62 87
62 154
62 86
62 62
63 141
63 114
63 63
63 151
63 108
63 143
63 140
63 159
63 158
63 111
64 64
64 163
64 87
64 72
64 169
64 170
64 127
64 69
65 65
65 138
65 80
65 85
65 154
65 156
65 149
66 66
66 137
66 77
66 110
66 147
66 116
66 158
66 89
66 90
66 91
66 92
66 94
67 128
67 97
67 98
67 67
67 68
67 103
67 73
67 107
67 173
67 176
67 178
67 84
67 149
67 123
68 97
68 98
68 68
68 70
68 73
68 178
68 84
68 180
68 154
68 125
69 160
69 69
69 70
69 71
69 72
69 138
69 83
69 180
69 86
69 87
70 160
70 98
70 70
70 71
70 73
70 130
70 83
70 84
70 150
70 87
70 164
70 154
70 86
71 160
71 98
71 71
71 130
71 83
71 84
71 150
71 87
71 154
71 86
72 163
72 72
72 169
72 170
72 177
72 87
72 127
72 165
73 73
73 178
73 84
73 149
73 154
73 124
73 125
74 144
74 99
74 133
74 113
74 74
74 78
74 174
74 81
74 95
74 79
74 156
74 93
74 85
75 129
75 98
75 171
75 140
75 169
75 75
75 76
75 141
75 108
75 146
75 180
75 117
75 111
75 143
76 129
76 169
76 171
76 76
76 141
76 142
76 111
76 108
76 140
76 180
76 117
76 150
76 143
77 137
77 110
77 77
77 94
77 89
77 90
77 158
77 159
78 80
78 99
78 78
78 79
78 81
78 85
78 157
78 156
78 138
79 80
79 99
79 79
79 81
79 157
79 156
79 138
79 85
80 80
80 156
80 157
81 99
81 133
81 113
81 81
81 163
81 180
81 85
81 95
81 156
81 170
81 127
82 115
82 167
82 168
82 137
82 106
82 110
82 144
82 82
82 179
83 160
83 130
83 164
83 138
83 86
83 175
83 83
83 180
83 87
83 154
83 124
83 125
84 97
84 98
84 130
84 178
84 84
84 180
84 154
84 125
85 160
85 99
85 138
85 163
85 150
85 121
85 156
85 85
86 160
86 150
86 138
86 87
86 86
87 160
87 170
87 180
87 87
88 131
88 164
88 165
88 166
88 136
88 140
88 141
88 177
88 151
88 88
88 90
88 91
88 92
88 93
89 110
89 89
89 137
89 90
89 91
89 92
89 94
90 131
90 165
90 166
90 92
90 151
90 90
90 91
90 93
90 94
91 131
91 100
91 165
91 166
91 92
91 140
91 141
91 151
91 91
91 93
91 94
92 131
92 100
92 165
92 166
92 140
92 141
92 177
92 94
92 151
92 92
92 93
92 126
93 155
93 164
93 165
93 166
93 177
93 150
93 93
94 134
94 137
94 110
94 116
94 94
94 158
94 159
95 102
95 113
95 104
95 145
95 174
95 175
95 146
95 95
96 96
96 139
96 108
96 109
96 114
96 172
96 117
96 121
96 119
97 128
97 97
97 98
97 103
97 107
97 173
97 176
97 178
97 149
97 123
98 98
98 171
98 117
98 153
98 103
99 99
99 113
99 157
99 156
99 138
100 161
100 100
100 134
100 135
100 136
100 172
100 146
100 117
100 118
100 120
100 122
101 116
101 101
101 134
101 105
101 147
101 148
101 152
101 164
102 113
102 102
102 135
102 104
102 169
102 171
102 146
102 174
102 145
102 122
103 123
103 128
103 107
103 173
103 142
103 176
103 178
103 132
103 103
104 129
104 113
104 104
104 169
104 146
104 174
104 175
104 145
104 124
105 134
105 105
105 172
105 112
105 147
105 148
105 152
105 116
105 159
106 144
106 167
106 168
106 106
106 119
106 109
106 112
106 115
106 152
106 153
107 123
107 128
107 107
107 173
107 142
107 176
107 178
107 149
107 132
108 161
108 108
108 109
108 112
108 111
108 114
108 117
108 141
108 151
108 140
108 143
109 119
109 109
109 112
109 114
109 117
109 158
109 159
110 158
110 137
110 110
110 159
111 171
111 114
111 143
111 169
111 141
111 142
111 111
111 117
111 121
111 140
112 137
112 119
112 112
112 114
112 158
112 159
113 133
113 113
113 145
113 163
113 180
113 136
113 127
114 114
114 117
114 119
114 143
114 158
115 144
115 167
115 168
115 119
115 115
116 161
116 134
116 172
116 147
116 116
116 148
117 171
117 169
117 117
117 121
118 134
118 136
118 135
118 172
118 147
118 118
118 120
118 132
118 155
118 126
119 144
119 162
119 168
119 119
119 177
119 121
120 133
120 166
120 135
120 136
120 170
120 172
120 120
120 122
120 126
120 127
121 169
121 138
121 145
121 121
121 175
122 166
122 135
122 136
122 172
122 146
122 145
122 122
122 126
122 127
123 123
123 128
123 173
123 142
123 176
123 149
123 132
124 160
124 129
124 130
124 174
124 175
124 150
124 155
124 124
124 125
125 129
125 130
125 164
125 175
125 178
125 125
126 133
126 134
126 135
126 136
126 172
126 155
126 126
127 163
127 133
127 169
127 170
127 135
127 136
127 127
128 128
128 173
128 142
128 176
128 180
128 132
129 129
129 130
129 174
129 175
129 145
129 146
130 130
130 165
130 175
131 162
131 131
131 177
131 132
131 166
132 173
132 142
132 176
132 132
133 133
133 163
133 136
133 135
134 134
134 172
134 147
134 148
134 155
135 163
135 135
135 136
135 170
135 172
135 166
136 163
136 136
136 170
137 137
137 148
137 158
137 159
138 160
138 138
138 156
139 161
139 139
140 151
140 171
140 166
140 140
140 141
140 169
140 143
141 151
141 171
141 166
141 141
141 169
141 143
142 173
142 142
142 176
143 143
143 151
143 158
143 159
144 144
144 167
144 168
145 145
145 146
146 146
147 161
147 172
147 147
147 148
148 152
148 148
149 164
149 173
149 178
149 171
149 150
149 152
149 180
149 154
149 169
149 149
150 164
150 165
150 169
150 171
150 180
150 150
151 166
151 151
151 159
151 158
152 152
153 179
153 153
154 154
155 164
155 177
155 172
155 155
156 157
156 156
157 157
158 159
158 158
159 162
159 159
160 160
160 175
160 180
161 161
162 162
163 165
163 163
163 170
164 165
164 164
164 177
164 166
165 165
165 166
165 177
166 166
166 177
167 167
167 174
167 168
168 168
169 171
169 170
169 180
169 169
170 170
171 171
171 180
172 172
173 173
173 176
173 178
174 175
174 174
175 175
176 176
176 180
177 177
178 178
179 179
180 180
