1 128
1 1
1 66
1 131
1 4
1 107
1 173
1 176
1 88
1 132
1 90
1 123
1 26
2 161
2 2
2 137
2 106
2 151
2 110
2 112
2 94
2 23
2 159
2 158
2 63
3 129
3 130
3 3
3 142
3 97
3 14
3 175
3 178
3 149
3 118
3 24
3 124
3 125
4 128
4 107
4 4
4 97
4 42
4 103
4 12
4 173
4 176
4 178
4 89
4 132
4 123
5 68
5 5
5 6
5 7
5 73
5 11
5 12
5 80
5 84
5 56
5 154
5 29
6 6
6 7
6 73
6 11
6 13
6 80
6 51
6 20
6 56
6 154
6 157
7 33
7 68
7 7
7 73
7 11
7 12
7 80
7 84
7 105
7 56
7 39
7 154
7 29
7 134
8 96
8 168
8 167
8 116
8 106
8 54
8 55
8 8
8 26
8 119
8 10
9 32
9 144
9 34
9 41
9 13
9 46
9 16
9 51
9 52
9 53
9 9
9 57
9 60
10 96
10 131
10 165
10 104
10 10
10 119
10 174
10 40
10 149
10 54
10 55
10 26
10 155
11 80
11 162
11 20
11 56
11 137
11 154
11 11
11 73
12 97
12 98
12 67
12 73
12 103
12 12
12 162
12 173
12 178
12 84
12 24
12 68
13 16
13 101
13 29
13 45
13 46
13 13
13 80
13 51
13 53
13 152
13 179
13 59
13 58
14 160
14 96
14 34
14 32
14 70
14 71
14 169
14 44
14 14
14 111
14 18
14 52
14 53
14 57
14 153
14 121
14 62
14 85
15 161
15 162
15 35
15 36
15 37
15 38
15 39
15 105
15 139
15 15
15 17
15 178
15 24
15 27
15 29
15 30
16 179
16 142
16 144
16 149
16 150
16 152
16 157
16 16
16 98
16 164
16 101
16 45
16 46
16 51
16 52
16 53
16 57
16 58
16 60
16 125
17 161
17 35
17 134
17 17
17 29
17 105
17 42
17 139
17 172
17 49
17 178
17 147
17 116
17 148
17 27
17 106
17 30
18 160
18 65
18 99
18 69
18 70
18 156
18 138
18 86
18 78
18 79
18 18
18 83
18 22
18 87
18 21
18 62
18 85
19 30
19 161
19 100
19 102
19 145
19 40
19 42
19 50
19 49
19 114
19 19
19 117
19 25
19 28
19 94
19 146
20 80
20 167
20 168
20 137
20 47
20 144
20 82
20 115
20 148
20 56
20 20
20 157
21 64
21 65
21 99
21 69
21 72
21 138
21 81
21 163
21 85
21 150
21 87
21 156
21 61
21 21
22 160
22 86
22 70
22 71
22 138
22 78
22 79
22 83
22 52
22 85
22 22
22 157
22 62
23 137
23 42
23 151
23 109
23 110
23 112
23 158
23 23
23 153
23 159
23 94
23 63
24 128
24 97
24 67
24 103
24 107
24 173
24 142
24 176
24 178
24 24
24 123
24 126
25 129
25 75
25 102
25 40
25 43
25 50
25 145
25 146
25 25
25 26
25 28
25 104
26 132
26 40
26 43
26 54
26 55
26 26
26 28
26 104
27 161
27 162
27 35
27 37
27 38
27 39
27 105
27 42
27 139
27 29
27 147
27 116
27 148
27 27
27 106
27 30
28 128
28 161
28 139
28 36
28 40
28 43
28 108
28 49
28 114
28 28
28 30
29 162
29 35
29 147
29 105
29 39
29 51
29 116
29 45
29 148
29 152
29 29
29 30
29 101
30 161
30 35
30 37
30 38
30 49
30 105
30 42
30 103
30 139
30 43
30 137
30 30
31 33
31 134
31 105
31 106
31 172
31 177
31 147
31 116
31 118
31 154
31 155
31 126
31 31
32 32
32 34
32 59
32 41
32 174
32 78
32 175
32 48
32 179
32 52
32 53
32 57
32 58
32 79
32 60
33 33
33 98
33 68
33 134
33 105
33 172
33 147
33 116
33 118
33 73
33 120
33 126
34 34
34 121
34 169
34 138
34 60
34 53
34 41
34 153
34 57
34 95
34 156
34 52
35 162
35 35
35 36
35 37
35 38
35 39
35 55
36 96
36 162
36 36
36 37
36 38
36 39
36 40
36 103
36 43
36 139
37 162
37 37
37 38
37 39
37 40
37 103
37 139
37 43
38 162
38 38
38 39
38 40
38 106
38 139
38 43
39 162
39 39
39 45
39 67
39 55
40 66
40 139
40 40
40 43
40 146
40 132
41 68
41 179
41 41
41 60
41 51
41 52
41 53
41 57
41 58
41 59
41 124
42 161
42 49
42 42
42 139
42 50
42 112
42 146
42 158
42 89
42 100
42 122
42 159
43 128
43 161
43 43
43 139
43 176
43 89
44 96
44 44
44 75
44 108
44 109
44 111
44 114
44 117
44 55
44 121
44 61
45 115
45 68
45 101
45 105
45 45
45 46
45 51
45 148
45 152
45 154
46 164
46 179
46 46
46 51
46 52
46 149
46 150
46 152
46 58
46 59
46 124
46 101
47 144
47 101
47 48
47 168
47 106
47 167
47 47
47 80
47 82
47 115
47 119
47 56
47 124
48 129
48 99
48 164
48 144
48 104
48 74
48 78
48 79
48 48
48 82
48 115
48 174
48 175
48 124
48 157
48 95
49 128
49 161
49 100
49 49
49 145
49 135
49 146
49 50
49 122
50 100
50 102
50 145
50 50
50 143
50 113
50 146
50 122
51 58
51 179
51 51
51 53
51 152
51 154
51 59
51 101
52 179
52 142
52 83
52 52
52 57
52 60
52 53
52 150
52 149
53 57
53 53
53 84
53 60
54 96
54 54
54 167
54 168
54 106
54 55
54 174
54 118
54 119
55 96
55 162
55 106
55 167
55 109
55 168
55 55
55 121
55 119
56 162
56 137
56 80
56 73
56 56
56 154
57 179
57 57
57 58
57 59
57 60
57 157
58 179
58 58
58 59
58 60
58 154
59 162
59 179
59 152
59 59
59 60
59 154
60 179
60 84
60 60
60 157
61 96
61 65
61 163
61 133
61 136
61 170
61 76
61 64
61 72
61 131
61 87
61 61
61 127
62 160
62 98
62 69
62 70
62 71
62 138
62 83
62 87
62 86
62 62
63 77
63 135
63 66
63 110
63 143
63 94
63 151
63 120
63 89
63 63
63 158
63 159
64 64
64 65
64 163
64 133
64 166
64 136
64 170
64 72
64 131
64 87
64 153
64 127
65 65
65 69
65 72
65 138
65 160
65 177
65 86
65 87
65 156
65 93
65 85
65 149
66 66
66 77
66 143
66 158
66 151
66 88
66 89
66 122
66 91
66 92
66 90
66 94
67 97
67 98
67 67
67 68
67 73
67 107
67 173
67 178
67 172
67 84
67 103
68 98
68 68
68 70
68 97
68 179
68 84
68 73
68 154
69 160
69 86
69 70
69 71
69 72
69 138
69 85
69 150
69 87
69 153
69 121
69 69
70 160
70 98
70 70
70 71
70 138
70 83
70 84
70 86
71 160
71 98
71 86
71 71
71 138
71 83
71 87
72 163
72 72
72 96
72 170
72 171
72 180
72 87
72 153
72 127
72 133
73 73
73 84
73 97
73 148
73 154
73 125
74 99
74 133
74 102
74 81
74 74
74 78
74 113
74 163
74 95
74 156
74 165
75 171
75 140
75 108
75 75
75 76
75 114
75 141
75 146
75 180
75 117
75 169
75 111
75 143
76 171
76 143
76 169
76 76
76 141
76 111
76 108
76 114
76 180
76 140
77 100
77 77
77 110
77 94
77 151
77 120
77 89
77 90
77 159
77 158
78 99
78 157
78 82
78 78
78 79
78 81
78 83
78 85
78 156
78 138
79 99
79 138
79 82
79 79
79 83
79 85
79 156
79 157
80 80
80 82
80 115
80 154
80 157
81 165
81 99
81 133
81 102
81 113
81 81
81 163
81 127
81 156
81 85
81 95
82 167
82 168
82 144
82 82
82 115
82 119
82 152
82 157
83 160
83 130
83 86
83 138
83 83
83 85
83 154
83 124
83 125
84 97
84 98
84 84
84 152
84 154
84 125
84 101
85 160
85 99
85 87
85 156
85 138
85 85
86 160
86 98
86 164
86 138
86 121
86 87
86 153
86 155
86 86
87 163
87 160
87 177
87 87
87 153
88 131
88 165
88 166
88 140
88 141
88 102
88 88
88 90
88 91
88 92
88 93
89 137
89 110
89 158
89 89
89 90
89 94
90 166
90 140
90 145
90 90
90 91
90 92
90 94
91 131
91 165
91 166
91 170
91 140
91 141
91 143
91 177
91 102
91 91
91 92
91 93
92 131
92 165
92 166
92 171
92 140
92 141
92 143
92 177
92 102
92 92
92 93
92 127
93 130
93 155
93 164
93 165
93 166
93 177
93 149
93 150
93 93
94 135
94 151
94 159
94 110
94 158
94 143
94 94
95 129
95 99
95 113
95 102
95 145
95 104
95 130
95 174
95 146
95 95
96 96
96 106
96 109
96 114
96 121
97 97
97 98
97 103
97 107
97 162
97 173
97 178
98 98
98 153
99 99
99 164
99 157
99 156
99 138
100 161
100 100
100 145
100 136
100 135
100 146
100 118
100 120
100 122
100 126
101 172
101 148
101 164
101 101
101 134
101 105
101 147
101 119
101 152
101 116
102 102
102 113
102 145
102 169
102 171
102 146
102 104
103 128
103 132
103 103
103 161
103 107
103 173
103 176
103 178
103 123
104 129
104 130
104 165
104 104
104 174
104 175
104 145
104 144
105 134
105 105
105 172
105 147
105 116
105 148
106 167
106 168
106 106
106 119
106 109
106 112
106 114
106 115
107 128
107 107
107 173
107 142
107 176
107 120
107 178
107 123
107 132
108 108
108 109
108 111
108 112
108 114
108 117
108 151
108 158
108 159
109 109
109 158
109 111
109 112
109 114
109 117
109 120
109 121
109 126
109 159
110 161
110 137
110 151
110 110
110 112
110 158
110 159
111 143
111 140
111 169
111 171
111 114
111 146
111 117
111 121
111 111
112 137
112 151
112 112
112 114
112 117
112 158
112 159
113 163
113 133
113 113
113 145
113 146
113 131
113 127
114 151
114 136
114 114
114 117
114 169
114 121
114 158
115 144
115 167
115 168
115 115
115 119
116 134
116 172
116 142
116 147
116 116
116 118
116 148
117 117
117 151
117 121
117 158
118 118
118 134
118 135
118 172
118 147
118 120
118 155
118 126
119 167
119 119
119 144
119 168
120 135
120 136
120 170
120 172
120 173
120 120
120 127
120 122
120 123
120 126
121 146
121 153
121 121
122 128
122 135
122 136
122 170
122 151
122 122
122 126
122 127
123 128
123 173
123 142
123 176
123 178
123 132
123 123
124 129
124 130
124 167
124 144
124 174
124 175
124 124
124 125
125 129
125 130
125 167
125 142
125 175
125 174
125 125
126 134
126 135
126 136
126 172
126 126
127 163
127 133
127 170
127 135
127 136
127 127
128 128
128 173
128 142
128 176
128 132
129 129
129 130
129 174
129 175
129 180
130 130
130 174
130 175
130 142
131 131
131 132
131 165
131 166
131 177
131 176
131 155
132 173
132 176
132 132
133 163
133 170
133 133
133 142
134 134
134 172
134 147
134 148
135 135
135 136
135 170
135 172
136 136
136 170
137 137
137 139
137 158
137 151
137 159
138 160
138 156
138 138
138 155
138 157
139 161
139 139
140 171
140 166
140 169
140 140
140 141
140 145
140 180
140 151
140 143
141 171
141 166
141 169
141 170
141 141
141 143
141 145
141 180
141 151
142 176
142 173
142 142
142 180
142 147
143 171
143 166
143 180
143 169
143 146
143 151
143 143
144 167
144 144
144 174
144 168
144 175
145 145
145 146
146 146
147 172
147 147
147 148
148 148
148 168
148 172
148 152
149 164
149 165
149 171
149 149
149 150
149 180
150 164
150 165
150 169
150 171
150 177
150 180
150 150
150 155
151 158
151 159
151 151
152 152
153 167
153 153
154 154
155 164
155 165
155 166
155 177
155 155
156 157
156 156
157 157
158 158
158 159
159 159
160 160
161 161
162 162
163 163
163 169
163 170
164 164
164 177
164 165
165 165
165 166
165 177
166 166
166 177
167 167
167 174
167 168
167 175
168 168
169 180
169 171
169 169
170 170
171 171
171 180
172 172
173 173
173 176
173 178
174 174
174 175
175 175
176 176
177 177
178 178
179 179
180 180
