1 128
1 1
1 131
1 4
1 103
1 107
1 12
1 173
1 178
1 132
1 58
1 123
2 2
2 35
2 137
2 106
2 151
2 110
2 47
2 112
2 82
2 20
2 23
2 158
2 159
3 128
3 130
3 3
3 103
3 107
3 173
3 142
3 176
3 75
3 117
3 119
3 24
3 153
3 123
4 67
4 4
4 5
4 97
4 73
4 103
4 12
4 178
4 131
4 105
4 7
4 179
5 33
5 101
5 6
5 7
5 73
5 12
5 83
5 84
5 22
5 41
5 154
5 62
5 5
6 6
6 7
6 138
6 11
6 13
6 157
6 80
6 22
6 56
6 89
6 58
6 154
6 101
7 7
7 9
7 138
7 83
7 84
7 22
7 73
7 152
7 154
7 62
8 144
8 168
8 106
8 54
8 167
8 8
8 26
8 55
8 10
8 174
8 31
9 16
9 179
9 41
9 13
9 46
9 45
9 48
9 51
9 52
9 53
9 9
9 152
9 57
9 58
9 59
9 60
10 96
10 168
10 10
10 51
10 54
10 55
10 26
10 119
10 106
10 144
11 11
11 110
11 79
11 80
11 51
11 20
11 78
11 56
11 89
11 157
11 31
12 67
12 97
12 73
12 103
12 12
12 173
12 16
12 178
12 84
12 24
12 68
12 125
13 179
13 39
13 45
13 46
13 13
13 16
13 51
13 53
13 152
13 58
13 59
14 96
14 32
14 34
14 40
14 169
14 171
14 44
14 14
14 50
14 52
14 117
14 121
14 122
15 162
15 35
15 36
15 37
15 38
15 39
15 42
15 139
15 15
15 49
15 17
15 158
15 43
15 27
15 29
15 30
16 60
16 16
16 83
16 149
16 150
16 152
16 95
16 32
16 97
16 41
16 45
16 46
16 174
16 179
16 52
16 53
16 57
16 21
16 85
17 66
17 35
17 49
17 105
17 42
17 17
17 147
17 116
17 30
17 23
17 148
17 27
17 29
17 94
18 32
18 65
18 163
18 69
18 72
18 64
18 138
18 160
18 61
18 18
18 85
18 22
18 87
18 127
18 156
18 170
18 21
19 145
19 50
19 19
19 100
19 102
19 161
19 25
19 122
19 28
19 146
19 93
20 144
20 167
20 168
20 137
20 110
20 47
20 80
20 82
20 115
20 148
20 56
20 20
20 157
21 160
21 65
21 163
21 72
21 64
21 138
21 61
21 81
21 99
21 85
21 22
21 127
21 156
21 170
21 21
22 65
22 138
22 86
22 46
22 83
22 22
22 154
22 60
22 62
22 85
23 38
23 137
23 106
23 23
23 108
23 109
23 110
23 143
23 112
23 151
23 159
23 158
23 63
24 128
24 97
24 98
24 68
24 103
24 107
24 130
24 142
24 173
24 176
24 178
24 67
24 118
24 24
24 132
24 123
25 129
25 164
25 102
25 104
25 146
25 145
25 50
25 180
25 40
25 25
25 26
25 28
26 32
26 104
26 43
26 174
26 40
26 149
26 54
26 26
26 28
27 161
27 49
27 105
27 42
27 139
27 147
27 116
27 90
27 27
27 29
27 30
28 129
28 130
28 43
28 161
28 40
28 139
28 49
28 50
28 171
28 28
28 30
29 162
29 101
29 49
29 105
29 42
29 39
29 29
29 45
29 110
29 51
29 116
29 89
29 152
29 148
29 106
30 161
30 139
30 36
30 166
30 49
30 40
30 42
30 43
30 44
30 30
31 32
31 33
31 131
31 164
31 69
31 134
31 31
31 172
31 177
31 75
31 126
31 118
31 87
31 56
31 155
31 86
31 158
31 159
32 32
32 34
32 180
32 179
32 41
32 60
32 83
32 52
32 149
32 57
32 153
32 59
32 124
32 58
33 33
33 34
33 155
33 133
33 134
33 169
33 172
33 76
33 177
33 180
33 118
33 120
33 89
33 125
33 126
34 34
34 121
34 64
34 169
34 170
34 72
34 180
34 57
34 41
34 120
34 52
34 60
34 61
35 35
35 36
35 37
35 38
35 39
35 42
35 139
35 162
35 90
36 162
36 36
36 37
36 38
36 39
36 40
36 43
36 114
36 139
36 88
36 155
37 162
37 37
37 38
37 39
37 42
37 139
37 112
37 43
37 90
37 158
38 162
38 38
38 39
38 42
38 139
38 43
38 90
39 162
39 39
39 45
39 82
39 51
39 89
39 59
40 129
40 130
40 43
40 161
40 40
40 139
41 65
41 81
41 179
41 52
41 53
41 41
41 153
41 57
41 58
41 59
41 60
42 161
42 49
42 105
42 42
42 139
42 109
42 147
42 116
42 151
42 90
43 161
43 130
43 43
43 139
43 177
43 75
44 96
44 108
44 75
44 76
44 109
44 44
44 114
44 172
44 142
44 169
44 121
44 111
44 117
45 144
45 101
45 105
45 45
45 46
45 51
45 148
45 53
45 54
45 152
46 101
46 73
46 74
46 154
46 46
46 51
46 52
46 149
46 152
46 179
46 156
46 58
46 53
47 167
47 168
47 137
47 106
47 47
47 144
47 82
47 115
47 54
47 119
47 153
48 144
48 99
48 167
48 74
48 78
48 79
48 48
48 81
48 82
48 115
48 174
48 157
48 95
49 96
49 161
49 91
49 100
49 49
49 139
49 143
49 147
49 116
49 92
50 145
50 50
50 100
50 102
50 161
50 122
50 146
51 58
51 162
51 101
51 80
51 167
51 51
51 148
51 53
51 152
51 179
51 59
52 128
52 160
52 67
52 68
52 70
52 71
52 84
52 149
52 57
52 97
52 163
52 103
52 173
52 175
52 176
52 179
52 180
52 52
52 123
52 60
52 62
52 127
53 53
53 132
53 101
53 152
54 167
54 168
54 106
54 144
54 115
54 54
54 55
55 96
55 167
55 168
55 109
55 144
55 115
55 148
55 55
55 106
56 77
56 78
56 79
56 80
56 110
56 56
56 89
56 157
57 138
57 113
57 179
57 153
57 57
57 154
57 59
57 60
57 58
58 133
58 79
58 78
58 153
58 179
58 59
58 60
58 58
59 162
59 179
59 152
59 59
59 60
59 157
59 153
60 179
60 153
60 60
60 95
61 160
61 64
61 163
61 135
61 136
61 170
61 72
61 127
61 61
61 85
62 160
62 69
62 70
62 73
62 71
62 175
62 83
62 84
62 87
62 154
62 86
62 62
63 112
63 108
63 159
63 151
63 172
63 143
63 140
63 141
63 158
63 63
64 64
64 160
64 163
64 72
64 170
64 127
64 85
65 65
65 138
65 78
65 79
65 155
65 156
65 157
65 85
66 66
66 166
66 137
66 77
66 110
66 151
66 88
66 89
66 90
66 91
66 92
66 94
67 68
67 97
67 98
67 67
67 103
67 128
67 107
67 173
67 176
67 178
67 84
67 123
67 132
68 97
68 98
68 68
68 70
68 103
68 73
68 178
68 84
68 125
69 160
69 83
69 69
69 86
69 71
69 154
69 87
69 70
70 160
70 70
70 71
70 73
70 83
70 84
70 86
70 87
70 154
71 160
71 83
71 71
71 84
71 154
71 87
71 86
72 160
72 163
72 87
72 72
72 170
72 127
73 73
73 175
73 83
73 84
73 154
73 124
73 125
74 99
74 133
74 113
74 74
74 174
74 78
74 79
74 81
74 156
74 157
74 95
75 150
75 169
75 171
75 75
75 76
75 141
75 111
75 108
75 114
75 180
75 117
75 121
75 140
76 171
76 169
76 76
76 141
76 114
76 180
76 117
76 150
76 111
76 140
76 143
76 149
77 166
77 137
77 77
77 110
77 116
77 151
77 88
77 89
77 90
77 91
77 92
77 94
78 99
78 80
78 78
78 79
78 81
78 85
78 156
78 157
79 99
79 80
79 79
79 81
79 85
79 156
79 157
80 99
80 80
80 89
80 156
80 157
81 99
81 113
81 133
81 81
81 145
81 163
81 127
81 156
81 85
81 95
82 144
82 168
82 137
82 106
82 82
82 115
82 119
83 160
83 138
83 86
83 175
83 83
83 87
83 154
83 124
84 97
84 98
84 178
84 84
84 124
84 125
85 99
85 138
85 160
85 163
85 170
85 156
85 85
86 160
86 87
86 86
86 154
87 160
87 87
88 131
88 164
88 165
88 166
88 139
88 177
88 88
88 90
88 91
88 92
88 93
88 94
89 110
89 89
89 90
89 91
89 92
89 94
90 165
90 91
90 151
90 90
90 92
90 93
90 94
90 166
91 164
91 165
91 166
91 151
91 91
91 92
91 93
91 94
92 164
92 165
92 166
92 151
92 92
92 93
92 94
93 131
93 164
93 165
93 166
93 93
93 177
93 150
93 122
94 166
94 110
94 94
94 151
94 158
95 99
95 102
95 104
95 145
95 174
95 113
95 146
95 95
96 96
96 134
96 119
96 108
96 109
96 111
96 114
96 117
96 121
97 128
97 97
97 98
97 103
97 132
97 173
97 178
97 107
97 123
97 176
98 98
98 103
98 107
98 173
98 180
98 153
98 123
99 99
99 113
99 179
99 156
99 157
100 161
100 131
100 100
100 134
100 135
100 136
100 171
100 172
100 146
100 147
100 120
100 122
101 115
101 103
101 105
101 144
101 178
101 116
101 152
101 148
101 134
101 101
102 136
102 102
102 113
102 104
102 177
102 135
102 146
102 145
102 122
102 127
103 107
103 128
103 103
103 173
103 176
103 178
103 118
103 123
103 132
104 129
104 145
104 104
104 174
104 175
104 113
104 146
104 155
104 124
105 134
105 105
105 147
105 116
105 106
105 148
106 112
106 167
106 109
106 144
106 168
106 115
106 106
106 119
106 159
107 107
107 132
107 134
107 128
107 173
107 142
107 176
107 178
107 123
108 134
108 119
108 169
108 108
108 109
108 143
108 112
108 114
108 117
108 111
108 158
108 159
109 109
109 111
109 112
109 114
109 117
109 119
109 158
109 159
110 162
110 167
110 137
110 110
110 158
110 151
110 159
111 171
111 169
111 142
111 111
111 141
111 114
111 117
111 121
111 140
112 168
112 137
112 151
112 143
112 112
112 114
112 159
112 158
113 163
113 133
113 113
113 145
113 146
113 127
113 156
114 169
114 143
114 114
114 117
114 121
114 158
115 144
115 167
115 168
115 137
115 119
115 115
116 134
116 172
116 147
116 116
116 148
116 159
117 169
117 171
117 180
117 117
117 121
118 134
118 172
118 135
118 140
118 141
118 120
118 147
118 118
118 155
118 126
119 168
119 144
119 119
120 133
120 135
120 136
120 170
120 172
120 150
120 120
120 122
120 126
120 127
121 161
121 169
121 130
121 121
122 165
122 135
122 136
122 170
122 146
122 122
122 126
122 127
123 123
123 132
123 128
123 173
123 142
123 176
123 178
124 129
124 130
124 174
124 175
124 154
124 124
124 125
125 130
125 129
125 174
125 175
125 178
125 125
126 132
126 133
126 134
126 135
126 136
126 172
126 150
126 155
126 126
127 163
127 133
127 170
127 135
127 136
127 127
128 132
128 128
128 173
128 142
128 176
128 131
129 130
129 180
129 129
129 174
129 175
130 130
130 142
130 175
130 150
131 132
131 131
131 165
131 176
131 177
131 164
131 155
131 133
132 132
132 173
132 142
132 176
132 177
132 148
133 133
133 136
133 135
133 163
134 134
134 173
134 172
134 147
134 155
135 163
135 135
135 136
135 170
135 172
135 150
136 165
136 163
136 136
136 170
136 172
136 150
137 137
137 151
137 153
137 158
137 159
138 160
138 138
138 154
138 156
139 161
139 139
140 171
140 169
140 140
140 141
140 143
140 150
140 151
140 158
141 171
141 169
141 141
141 143
141 150
141 151
141 158
142 173
142 142
142 176
143 171
143 172
143 143
143 151
143 159
143 158
144 144
144 167
144 157
144 168
145 164
145 145
145 146
145 174
146 177
146 146
147 172
147 147
147 151
147 148
148 148
148 168
148 152
149 180
149 149
149 150
149 169
149 171
150 171
150 164
150 180
150 150
150 169
151 151
151 159
151 158
152 157
152 152
153 165
153 179
153 153
154 175
154 154
155 172
155 177
155 164
155 155
155 157
156 157
156 156
157 157
158 159
158 158
159 159
160 160
160 170
161 161
162 162
163 163
163 170
164 164
164 165
164 166
164 177
165 165
165 166
165 177
166 166
166 177
167 167
167 168
167 174
168 168
169 171
169 180
169 169
170 170
171 171
171 180
172 172
173 173
173 176
173 178
174 174
174 175
175 175
176 176
177 177
178 178
179 179
180 180
