1 128
1 1
1 131
1 4
1 166
1 103
1 107
1 173
1 176
1 88
1 132
1 26
1 123
1 28
1 90
2 112
2 2
2 20
2 110
2 23
2 153
2 137
2 63
2 151
2 158
2 159
3 129
3 130
3 3
3 84
3 149
3 97
3 24
3 68
3 67
3 125
3 142
4 128
4 67
4 4
4 97
4 161
4 103
4 12
4 173
4 176
4 178
4 107
4 89
4 132
4 123
5 68
5 5
5 6
5 7
5 73
5 11
5 12
5 84
5 89
5 56
5 116
5 154
5 134
6 6
6 7
6 11
6 125
6 80
6 83
6 148
6 22
6 56
6 20
6 154
6 157
7 68
7 7
7 73
7 11
7 12
7 84
7 118
7 56
7 89
7 154
7 39
8 96
8 98
8 8
8 10
8 44
8 29
8 168
8 147
8 148
8 54
8 55
8 121
8 26
8 106
9 179
9 41
9 46
9 13
9 174
9 175
9 16
9 51
9 52
9 53
9 9
9 152
9 57
9 58
9 59
9 60
9 157
10 96
10 165
10 104
10 10
10 107
10 40
10 54
10 119
10 153
10 121
10 26
10 123
10 93
10 55
11 80
11 33
11 20
11 56
11 137
11 154
11 11
11 89
12 97
12 98
12 67
12 73
12 103
12 12
12 17
12 178
12 84
12 24
12 68
13 144
13 101
13 13
13 46
13 45
13 16
13 51
13 53
13 152
13 58
13 59
13 124
13 29
14 96
14 32
14 34
14 163
14 169
14 87
14 44
14 14
14 41
14 57
14 153
14 121
14 60
15 161
15 162
15 35
15 17
15 37
15 38
15 97
15 105
15 42
15 39
15 15
15 49
15 178
15 139
15 24
15 27
15 29
15 30
16 160
16 101
16 45
16 46
16 16
16 51
16 52
16 149
16 150
16 152
16 156
16 53
17 161
17 162
17 35
17 147
17 134
17 39
17 105
17 42
17 172
17 49
17 67
17 116
17 17
17 148
17 27
17 29
17 30
18 160
18 65
18 99
18 69
18 72
18 64
18 138
18 86
18 78
18 79
18 18
18 52
18 85
18 22
18 87
18 156
18 61
18 21
19 161
19 50
19 100
19 102
19 145
19 40
19 43
19 141
19 49
19 146
19 19
19 25
19 132
19 90
19 28
19 122
19 30
20 167
20 137
20 47
20 80
20 82
20 115
20 148
20 56
20 20
20 124
20 157
21 160
21 65
21 163
21 69
21 72
21 64
21 138
21 61
21 81
21 99
21 52
21 85
21 87
21 156
21 170
21 21
22 160
22 86
22 71
22 41
22 138
22 78
22 79
22 80
22 83
22 22
22 154
22 70
22 157
22 62
23 137
23 42
23 151
23 108
23 109
23 110
23 112
23 23
23 153
23 159
23 158
23 63
24 128
24 97
24 67
24 103
24 107
24 173
24 142
24 176
24 178
24 24
24 123
25 129
25 166
25 102
25 145
25 40
25 43
25 50
25 104
25 146
25 25
25 26
25 28
26 128
26 166
26 40
26 43
26 176
26 53
26 54
26 55
26 88
26 26
26 28
26 104
27 97
27 162
27 35
27 147
27 139
27 49
27 161
27 42
27 39
27 67
27 116
27 105
27 137
27 148
27 27
27 29
27 30
28 139
28 36
28 161
28 40
28 43
28 50
28 146
28 28
29 162
29 68
29 101
29 39
29 105
29 42
29 45
29 46
29 51
29 116
29 147
29 152
29 148
29 29
29 30
30 161
30 35
30 36
30 37
30 38
30 49
30 105
30 42
30 103
30 139
30 43
30 89
30 30
31 33
31 147
31 134
31 71
31 105
31 172
31 177
31 83
31 126
31 118
31 155
31 124
31 62
31 31
32 32
32 34
32 41
32 74
32 179
32 52
32 85
32 153
32 57
32 58
32 59
32 60
32 62
33 33
33 134
33 105
33 172
33 147
33 148
33 118
33 56
33 116
33 154
33 155
33 126
34 34
34 133
34 169
34 44
34 130
34 145
34 52
34 57
34 86
34 41
34 153
34 121
34 60
35 162
35 35
35 36
35 37
35 38
35 39
35 42
35 123
35 106
36 162
36 36
36 37
36 38
36 39
36 40
36 43
36 108
36 114
36 139
36 158
37 162
37 37
37 38
37 39
37 137
37 43
37 110
37 139
37 103
38 162
38 38
38 39
38 137
38 43
38 173
38 139
39 162
39 39
39 45
40 43
40 40
40 171
40 104
40 146
40 139
40 91
41 99
41 41
41 83
41 179
41 52
41 53
41 153
41 57
41 58
41 59
41 60
42 96
42 161
42 100
42 49
42 42
42 107
42 109
42 173
42 112
42 147
42 159
43 75
43 139
43 143
43 43
44 96
44 44
44 108
44 109
44 111
44 114
44 117
44 54
44 55
44 120
44 121
45 115
45 101
45 105
45 45
45 46
45 51
45 148
45 53
45 54
45 152
46 101
46 70
46 46
46 175
46 51
46 53
46 150
46 152
46 62
46 149
47 144
47 167
47 168
47 137
47 106
47 47
47 48
47 82
47 115
47 153
47 175
47 124
48 129
48 99
48 48
48 104
48 74
48 78
48 175
48 144
48 115
48 82
48 179
48 174
48 124
48 95
49 161
49 139
49 100
49 49
49 135
49 77
49 50
49 114
49 94
49 120
49 122
50 161
50 100
50 102
50 145
50 136
50 169
50 135
50 76
50 50
50 92
50 146
50 88
50 122
50 91
51 179
51 51
51 84
51 53
51 152
51 58
51 59
52 65
52 69
52 149
52 57
52 81
52 179
52 52
52 86
52 180
52 58
52 59
52 60
52 53
52 95
53 84
53 53
53 152
54 96
54 167
54 168
54 106
54 55
54 54
54 119
54 121
55 96
55 118
55 134
55 167
55 106
55 119
55 109
55 168
55 55
55 121
56 137
56 110
56 80
56 56
56 89
56 154
57 104
57 138
57 60
57 179
57 57
57 153
57 58
57 59
57 156
57 95
58 179
58 60
58 84
58 58
58 59
58 124
59 68
59 179
59 59
59 60
59 157
60 179
60 60
60 83
60 156
61 64
61 65
61 163
61 133
61 136
61 170
61 72
61 87
61 121
61 61
61 127
62 160
62 69
62 70
62 71
62 138
62 83
62 87
62 154
62 86
62 62
63 75
63 140
63 171
63 76
63 141
63 143
63 158
63 151
63 63
63 126
63 159
64 64
64 65
64 163
64 133
64 136
64 170
64 72
64 87
64 121
64 127
65 65
65 163
65 69
65 72
65 138
65 160
65 87
65 170
65 156
65 85
66 66
66 100
66 166
66 77
66 143
66 151
66 88
66 89
66 90
66 91
66 92
66 94
67 123
67 97
67 98
67 103
67 73
67 107
67 173
67 178
67 67
67 84
67 68
68 97
68 98
68 68
68 73
68 178
68 84
68 154
69 160
69 69
69 70
69 71
69 138
69 86
69 87
70 160
70 98
70 70
70 71
70 83
70 84
70 87
70 154
70 86
71 160
71 98
71 71
71 138
71 83
71 87
71 86
72 163
72 72
72 170
72 93
72 150
72 87
72 127
73 97
73 73
73 178
73 84
73 116
73 154
73 125
74 99
74 133
74 102
74 145
74 74
74 78
74 79
74 113
74 95
74 156
74 81
75 135
75 108
75 171
75 75
75 76
75 141
75 143
75 114
75 180
75 117
75 169
75 111
75 140
76 171
76 169
76 76
76 141
76 143
76 180
76 117
76 111
76 140
77 77
77 110
77 143
77 94
77 151
77 88
77 89
77 90
77 158
77 159
78 80
78 99
78 157
78 82
78 78
78 79
78 81
78 179
78 85
78 156
78 138
79 99
79 157
79 82
79 79
79 80
79 81
79 179
79 85
79 156
79 138
80 80
80 148
80 154
80 124
80 157
81 99
81 113
81 133
81 177
81 81
81 163
81 127
81 156
81 85
81 95
82 144
82 99
82 101
82 167
82 168
82 82
82 115
82 157
83 160
83 130
83 138
83 86
83 83
83 154
83 125
84 98
84 97
84 179
84 84
84 105
84 154
85 99
85 138
85 160
85 163
85 87
85 156
85 157
85 85
86 160
86 138
86 87
86 86
87 138
87 160
87 87
88 131
88 165
88 166
88 93
88 88
88 90
88 91
88 92
88 94
89 89
89 90
89 94
90 166
90 135
90 90
90 91
90 92
90 94
91 165
91 166
91 140
91 141
91 91
91 92
91 93
91 94
92 131
92 165
92 166
92 140
92 141
92 177
92 150
92 92
92 93
92 94
93 131
93 164
93 165
93 166
93 177
93 155
93 149
93 150
93 93
94 140
94 110
94 141
94 158
94 151
94 143
94 94
95 129
95 130
95 113
95 102
95 145
95 104
95 174
95 146
95 144
95 95
96 96
96 106
96 119
96 109
96 121
96 153
97 123
97 97
97 98
97 103
97 107
97 173
97 178
98 98
98 134
98 103
98 173
98 153
99 99
99 157
99 156
99 138
100 161
100 100
100 135
100 136
100 146
100 120
100 121
100 122
100 126
101 115
101 164
101 101
101 134
101 105
101 125
101 147
101 148
101 118
101 152
101 116
102 145
102 131
102 102
102 113
102 104
102 146
103 128
103 107
103 173
103 142
103 176
103 178
103 123
103 139
103 132
103 103
104 129
104 130
104 145
104 174
104 175
104 104
104 144
104 155
105 148
105 134
105 105
105 106
105 172
105 147
105 118
105 116
106 144
106 167
106 106
106 119
106 108
106 109
106 112
106 168
106 114
106 115
107 128
107 107
107 173
107 142
107 176
107 178
107 123
107 132
108 108
108 109
108 111
108 112
108 114
108 117
108 158
108 159
109 168
109 109
109 111
109 112
109 114
109 117
109 159
110 137
110 151
110 110
110 112
110 158
110 159
111 171
111 135
111 111
111 112
111 114
111 117
111 169
112 168
112 151
112 112
112 114
112 117
112 158
112 159
113 163
113 133
113 113
113 145
113 146
113 150
113 156
113 127
114 139
114 169
114 114
114 117
114 158
115 144
115 167
115 168
115 174
115 115
115 119
116 134
116 172
116 147
116 116
116 118
116 148
117 161
117 117
117 169
117 121
118 134
118 172
118 147
118 118
118 120
118 126
119 167
119 168
119 119
119 142
119 144
119 152
120 134
120 135
120 136
120 172
120 120
120 122
120 123
120 126
121 121
121 161
121 136
121 170
121 153
122 135
122 136
122 170
122 140
122 132
122 122
122 126
122 127
123 123
123 128
123 173
123 142
123 176
123 178
123 132
124 130
124 129
124 167
124 174
124 175
124 124
124 125
125 129
125 130
125 174
125 175
125 152
125 154
125 125
126 134
126 135
126 136
126 172
126 178
126 126
127 163
127 165
127 170
127 135
127 136
127 127
127 133
128 128
128 173
128 142
128 176
128 132
129 129
129 130
129 174
129 175
129 149
130 130
130 142
130 175
130 174
131 133
131 131
131 132
131 165
131 176
131 177
131 164
131 155
131 166
132 173
132 176
132 155
132 132
133 133
133 136
133 170
133 163
133 149
134 134
134 172
134 147
134 148
135 135
135 136
135 170
135 176
136 136
136 170
137 137
137 172
137 151
137 158
137 159
138 160
138 156
138 138
138 157
139 161
139 139
140 171
140 169
140 140
140 141
140 143
140 180
140 151
141 171
141 169
141 141
141 143
141 180
141 151
142 176
142 173
142 142
143 169
143 171
143 143
143 158
143 151
143 159
144 144
144 167
144 168
144 174
145 145
145 146
145 180
146 166
146 146
147 172
147 147
147 148
148 148
148 167
148 172
148 168
148 152
148 154
149 164
149 171
149 149
149 150
149 180
149 165
150 163
150 164
150 165
150 166
150 177
150 171
150 180
150 150
151 161
151 151
151 158
151 159
152 157
152 152
153 164
153 153
154 154
155 165
155 166
155 177
155 164
155 155
156 156
156 157
157 157
158 158
158 159
159 159
160 160
161 161
161 173
162 162
162 178
163 163
163 170
164 177
164 166
164 164
164 165
165 165
165 166
165 177
166 166
166 177
167 167
167 168
167 174
167 175
168 174
168 168
169 171
169 180
169 169
170 170
171 171
171 180
172 172
173 173
173 176
173 178
174 174
174 175
175 175
176 176
177 177
178 178
179 179
180 180
