1 128
1 1
1 66
1 131
1 4
1 132
1 176
1 35
1 139
1 89
1 90
1 123
2 33
2 2
2 37
2 38
2 137
2 151
2 110
2 15
2 112
2 17
2 147
2 20
2 158
2 23
2 153
2 159
2 94
2 63
3 128
3 123
3 130
3 3
3 176
3 24
3 121
3 107
3 125
3 142
3 173
4 128
4 162
4 131
4 4
4 103
4 107
4 173
4 176
4 17
4 178
4 89
4 132
4 123
5 67
5 68
5 5
5 6
5 7
5 73
5 11
5 12
5 178
5 84
5 56
5 58
5 59
5 154
6 6
6 7
6 73
6 11
6 80
6 152
6 22
6 56
6 154
6 59
6 157
6 31
7 68
7 7
7 73
7 11
7 12
7 45
7 80
7 84
7 53
7 56
7 154
8 96
8 168
8 26
8 101
8 54
8 55
8 8
8 10
8 167
8 44
8 106
9 32
9 179
9 103
9 41
9 13
9 46
9 16
9 178
9 51
9 52
9 53
9 9
9 152
9 57
9 58
9 60
10 96
10 164
10 168
10 10
10 55
10 144
10 179
10 54
10 119
10 121
10 26
10 155
11 11
11 110
11 80
11 20
11 89
11 56
11 148
11 154
11 157
12 97
12 98
12 67
12 68
12 73
12 103
12 12
12 173
12 178
12 84
12 41
12 24
12 101
13 16
13 115
13 101
13 45
13 46
13 13
13 80
13 51
13 53
13 54
13 152
13 179
13 59
13 58
14 96
14 32
14 34
14 163
14 169
14 76
14 130
14 14
14 111
14 146
14 117
14 87
14 153
14 121
14 44
14 127
15 35
15 36
15 37
15 38
15 39
15 105
15 42
15 139
15 162
15 15
15 49
15 17
15 27
15 29
15 30
16 51
16 68
16 22
16 78
16 79
16 16
16 84
16 149
16 150
16 152
16 164
16 41
16 45
16 46
16 179
16 52
16 53
16 57
16 58
16 60
17 161
17 35
17 134
17 39
17 105
17 42
17 172
17 162
17 49
17 147
17 116
17 17
17 148
17 27
17 29
17 30
18 160
18 65
18 163
18 69
18 71
18 72
18 64
18 138
18 86
18 61
18 18
18 83
18 85
18 22
18 87
18 155
18 156
18 170
18 21
19 161
19 131
19 100
19 102
19 145
19 40
19 28
19 135
19 50
19 49
19 146
19 19
19 25
19 122
19 92
20 144
20 167
20 168
20 137
20 45
20 110
20 47
20 80
20 82
20 115
20 20
20 56
20 157
21 160
21 65
21 99
21 69
21 72
21 64
21 138
21 61
21 81
21 163
21 52
21 85
21 22
21 87
21 127
21 156
21 170
21 21
22 160
22 65
22 70
22 138
22 78
22 79
22 83
22 22
22 154
22 157
22 62
22 85
23 137
23 151
23 108
23 109
23 110
23 112
23 172
23 158
23 23
23 159
23 94
23 63
24 128
24 97
24 67
24 132
24 101
24 103
24 107
24 173
24 142
24 176
24 178
24 24
24 57
24 123
24 125
25 129
25 130
25 34
25 102
25 145
25 40
25 43
25 146
25 104
25 50
25 25
25 26
25 28
26 32
26 104
26 43
26 54
26 40
26 55
26 28
26 26
27 161
27 162
27 35
27 139
27 38
27 49
27 105
27 42
27 39
27 112
27 147
27 116
27 89
27 148
27 27
27 29
27 30
28 161
28 43
28 36
28 40
28 139
28 146
28 50
28 90
28 28
28 30
29 162
29 35
29 101
29 39
29 105
29 106
29 45
29 147
29 116
29 152
29 148
29 29
30 161
30 66
30 35
30 36
30 37
30 38
30 49
30 42
30 139
30 43
30 30
31 33
31 164
31 101
31 177
31 134
31 155
31 172
31 118
31 126
31 31
32 32
32 34
32 68
32 41
32 138
32 179
32 153
32 57
32 59
32 60
32 58
32 52
33 33
33 98
33 134
33 105
33 172
33 109
33 110
33 147
33 116
33 118
33 121
33 155
33 126
34 129
34 34
34 133
34 102
34 71
34 169
34 44
34 70
34 52
34 57
34 86
34 41
34 153
34 121
34 60
35 162
35 35
35 37
35 38
35 39
35 137
36 162
36 139
36 36
36 37
36 38
36 39
36 40
36 43
36 77
36 158
37 96
37 37
37 38
37 39
37 40
37 43
37 162
37 139
38 38
38 39
38 43
38 162
38 139
39 162
39 39
39 106
39 45
40 139
40 40
40 43
40 146
40 50
40 92
41 41
41 78
41 179
41 52
41 53
41 73
41 153
41 57
41 154
41 59
41 60
41 58
42 96
42 161
42 66
42 100
42 49
42 42
42 139
42 147
42 94
43 161
43 43
43 139
43 117
44 96
44 161
44 108
44 139
44 44
44 109
44 111
44 112
44 114
44 117
44 121
45 107
45 101
45 168
45 105
45 173
45 46
45 45
45 51
45 55
45 152
45 148
46 164
46 101
46 46
46 157
46 51
46 52
46 149
46 152
46 58
46 59
46 154
46 53
47 144
47 48
47 101
47 167
47 168
47 106
47 47
47 80
47 82
47 115
47 119
48 144
48 99
48 81
48 167
48 168
48 74
48 78
48 79
48 48
48 104
48 82
48 115
48 174
48 124
48 175
48 60
48 95
49 161
49 100
49 49
49 139
49 151
49 63
50 161
50 100
50 166
50 102
50 135
50 169
50 76
50 50
50 145
50 146
50 122
51 101
51 82
51 51
51 53
51 54
51 152
51 179
51 59
51 58
52 149
52 65
52 74
52 83
52 150
52 52
52 175
52 179
52 180
52 53
52 57
52 60
52 125
52 62
52 85
53 178
53 53
53 153
53 57
53 60
54 96
54 115
54 167
54 168
54 106
54 55
54 144
54 54
54 119
55 96
55 167
55 168
55 106
55 55
55 109
55 144
55 119
55 121
56 137
56 110
56 80
56 148
56 89
56 56
56 157
57 67
57 179
57 174
57 60
57 99
57 57
57 58
57 59
57 124
57 153
58 128
58 179
58 59
58 60
58 58
59 144
59 179
59 176
59 152
59 59
59 60
60 97
60 179
60 153
60 60
61 64
61 163
61 133
61 136
61 170
61 61
61 177
61 87
61 72
61 127
61 93
61 69
62 160
62 65
62 98
62 69
62 70
62 71
62 138
62 83
62 87
62 84
62 154
62 86
62 62
63 161
63 140
63 141
63 143
63 94
63 151
63 159
63 158
63 63
64 64
64 163
64 133
64 136
64 170
64 177
64 87
64 72
64 127
64 69
65 160
65 65
65 87
65 138
65 156
65 85
66 66
66 166
66 94
66 77
66 110
66 151
66 88
66 89
66 90
66 91
66 92
66 158
67 97
67 98
67 67
67 68
67 103
67 73
67 107
67 173
67 178
67 84
67 123
68 97
68 98
68 68
68 70
68 73
68 178
68 84
68 154
69 160
69 69
69 70
69 71
69 72
69 138
69 86
69 87
69 155
70 160
70 70
70 71
70 98
70 83
70 84
70 87
70 86
71 160
71 98
71 71
71 138
71 83
71 84
71 86
71 87
72 163
72 150
72 87
72 72
72 170
72 127
73 97
73 178
73 84
73 73
73 154
73 125
74 99
74 164
74 102
74 81
74 74
74 78
74 79
74 113
74 85
74 156
74 95
75 171
75 169
75 75
75 108
75 141
75 111
75 76
75 114
75 180
75 117
75 140
75 143
75 126
76 136
76 169
76 171
76 76
76 141
76 143
76 108
76 180
76 117
76 150
76 111
76 140
77 137
77 139
77 77
77 110
77 94
77 151
77 89
77 90
77 158
77 159
78 99
78 80
78 124
78 78
78 79
78 81
78 157
78 85
78 156
78 138
79 99
79 80
79 124
79 157
79 79
79 81
79 85
79 156
79 138
80 101
80 80
80 82
80 157
81 99
81 164
81 133
81 113
81 81
81 163
81 127
81 156
81 85
81 95
82 115
82 167
82 168
82 144
82 82
82 119
82 157
83 160
83 86
83 138
83 175
83 83
83 85
83 154
83 124
83 125
84 97
84 98
84 84
84 154
85 160
85 163
85 99
85 87
85 156
85 138
85 85
86 160
86 98
86 138
86 86
86 87
86 155
87 170
87 160
87 87
88 131
88 165
88 166
88 135
88 140
88 141
88 177
88 88
88 90
88 91
88 92
88 93
88 94
89 137
89 172
89 110
89 89
89 90
89 94
90 131
90 100
90 166
90 92
90 143
90 94
90 90
90 91
90 126
91 131
91 165
91 166
91 140
91 141
91 143
91 177
91 120
91 91
91 92
91 93
91 94
92 131
92 165
92 166
92 177
92 140
92 141
92 143
92 120
92 92
92 93
92 94
93 155
93 164
93 165
93 166
93 177
93 149
93 150
93 93
94 151
94 143
94 110
94 158
94 159
94 94
95 129
95 102
95 113
95 104
95 145
95 174
95 175
95 146
95 149
95 95
96 96
96 106
96 109
96 114
96 121
97 128
97 97
97 98
97 101
97 103
97 107
97 173
97 176
97 178
97 123
98 98
98 153
99 99
99 113
99 157
99 156
99 138
100 161
100 100
100 135
100 136
100 172
100 146
100 111
100 118
100 120
100 121
100 143
100 122
100 126
101 164
101 101
101 134
101 105
101 152
101 148
101 116
102 145
102 102
102 113
102 104
102 146
103 128
103 103
103 107
103 173
103 176
103 178
103 132
103 123
104 129
104 130
104 104
104 174
104 175
104 145
104 146
104 150
105 128
105 134
105 105
105 172
105 147
105 116
105 148
106 144
106 167
106 168
106 106
106 109
106 112
106 114
106 115
106 148
106 119
107 128
107 107
107 142
107 173
107 176
107 178
107 148
107 132
107 123
108 151
108 108
108 109
108 111
108 112
108 114
108 139
108 117
108 158
108 159
109 109
109 111
109 112
109 114
109 117
109 121
109 158
109 159
110 137
110 110
110 112
110 158
110 151
110 159
111 171
111 169
111 143
111 141
111 114
111 117
111 111
111 121
111 140
112 137
112 151
112 112
112 114
112 117
112 158
112 159
113 163
113 133
113 113
113 145
113 177
113 146
113 150
113 127
114 169
114 139
114 114
114 117
114 151
114 121
114 158
115 144
115 167
115 168
115 115
115 119
115 152
115 153
115 157
116 134
116 172
116 176
116 147
116 116
116 118
116 148
117 161
117 171
117 117
117 169
117 121
118 155
118 134
118 135
118 172
118 147
118 118
118 120
118 123
118 126
119 167
119 168
119 119
119 144
119 155
120 133
120 135
120 136
120 170
120 120
120 121
120 122
120 126
120 127
121 135
121 121
121 122
121 153
122 166
122 135
122 136
122 170
122 146
122 145
122 122
122 126
122 127
123 123
123 179
123 134
123 128
123 173
123 142
123 176
123 178
123 148
123 132
124 129
124 130
124 167
124 174
124 175
124 124
124 125
125 129
125 130
125 174
125 175
125 178
125 125
126 134
126 135
126 136
126 140
126 172
126 141
126 142
126 126
127 163
127 133
127 170
127 135
127 136
127 127
128 128
128 173
128 142
128 176
128 178
128 132
129 129
129 130
129 174
129 175
129 145
129 180
130 130
130 174
130 175
130 145
130 142
131 131
131 166
131 177
131 155
131 132
132 173
132 142
132 176
132 147
132 132
133 165
133 163
133 133
133 136
133 170
133 149
133 150
134 155
134 134
134 172
134 147
134 148
134 137
135 135
135 136
135 170
136 163
136 136
136 170
136 171
137 137
137 151
137 158
137 159
138 156
138 138
138 160
138 154
138 157
139 139
139 161
140 171
140 166
140 169
140 140
140 141
140 180
140 151
140 143
141 171
141 166
141 169
141 141
141 180
141 151
141 143
142 142
142 176
142 173
143 151
143 171
143 158
143 169
143 143
144 144
144 167
144 168
144 174
145 145
145 146
145 180
146 146
147 172
147 147
147 148
148 172
148 148
148 152
149 164
149 165
149 171
149 180
149 149
149 150
150 163
150 164
150 171
150 150
150 180
150 165
151 159
151 151
151 158
152 167
152 178
152 152
153 153
154 154
155 160
155 164
155 156
155 177
155 155
155 165
156 157
156 156
157 157
158 158
158 159
159 172
159 159
160 160
161 161
162 162
163 163
163 170
164 165
164 164
164 166
164 177
165 165
165 166
165 170
165 177
166 166
166 177
167 167
167 174
167 168
168 168
169 171
169 180
169 169
170 170
171 171
171 180
172 172
172 176
173 173
173 176
173 178
174 174
174 175
175 175
176 176
176 178
177 177
178 178
179 179
180 180
