1 128
1 1
1 131
1 4
1 103
1 107
1 173
1 176
1 17
1 178
1 179
1 88
1 132
1 90
1 123
2 2
2 137
2 106
2 151
2 109
2 110
2 112
2 17
2 20
2 158
2 23
2 94
2 159
3 129
3 130
3 3
3 169
3 43
3 98
3 142
3 175
3 67
3 24
3 153
3 125
4 67
4 4
4 97
4 103
4 12
4 173
4 178
4 107
4 57
4 132
4 123
4 60
5 68
5 5
5 6
5 7
5 73
5 11
5 12
5 84
5 22
5 105
5 154
5 62
6 6
6 7
6 138
6 11
6 80
6 22
6 89
6 56
6 57
6 154
6 157
7 32
7 68
7 7
7 73
7 11
7 12
7 84
7 22
7 56
7 89
7 154
7 118
8 33
8 118
8 134
8 167
8 8
8 10
8 174
8 144
8 168
8 115
8 54
8 55
8 26
8 106
9 32
9 97
9 34
9 67
9 41
9 10
9 12
9 13
9 46
9 45
9 16
9 51
9 52
9 53
9 9
9 152
9 57
9 60
9 157
10 96
10 168
10 10
10 55
10 144
10 54
10 119
10 104
10 26
10 155
11 11
11 110
11 80
11 51
11 20
11 56
11 89
11 157
11 134
12 97
12 98
12 67
12 73
12 103
12 12
12 13
12 178
12 84
12 24
12 68
13 45
13 46
13 13
13 16
13 51
13 52
13 53
13 152
13 148
13 29
14 96
14 32
14 34
14 163
14 72
14 41
14 44
14 14
14 145
14 180
14 121
14 57
14 127
14 52
15 162
15 35
15 17
15 37
15 38
15 39
15 42
15 139
15 66
15 77
15 15
15 49
15 27
15 29
15 30
16 149
16 160
16 101
16 74
16 45
16 46
16 16
16 18
16 51
16 180
16 85
16 86
16 152
16 52
16 53
16 69
17 51
17 17
17 105
17 42
17 139
17 161
17 49
17 147
17 116
17 27
17 29
17 30
18 160
18 65
18 34
18 163
18 69
18 72
18 64
18 138
18 61
18 81
18 18
18 85
18 87
18 127
18 156
18 170
18 21
19 161
19 100
19 165
19 102
19 135
19 40
19 169
19 171
19 50
19 145
19 136
19 146
19 19
19 120
19 25
19 122
19 28
20 144
20 167
20 168
20 137
20 110
20 47
20 80
20 82
20 115
20 20
20 105
20 56
20 58
20 157
21 160
21 65
21 99
21 72
21 64
21 138
21 78
21 79
21 81
21 52
21 85
21 22
21 87
21 156
21 61
21 21
22 160
22 65
22 69
22 138
22 71
22 86
22 80
22 83
22 22
22 152
22 154
22 124
22 62
23 137
23 151
23 108
23 162
23 110
23 143
23 112
23 94
23 23
23 27
23 109
23 158
23 159
24 172
24 97
24 98
24 68
24 103
24 105
24 128
24 107
24 173
24 142
24 176
24 178
24 67
24 84
24 24
24 132
24 123
25 129
25 130
25 102
25 177
25 104
25 146
25 145
25 50
25 40
25 25
25 26
25 28
26 164
26 150
26 104
26 43
26 174
26 40
26 54
26 26
26 28
27 30
27 161
27 49
27 105
27 42
27 139
27 77
27 147
27 116
27 94
27 27
27 29
27 158
27 159
28 161
28 43
28 36
28 40
28 139
28 49
28 50
28 75
28 28
28 30
29 128
29 147
29 101
29 105
29 42
29 45
29 176
29 51
29 148
29 152
29 116
29 29
30 96
30 161
30 43
30 100
30 37
30 38
30 49
30 42
30 139
30 30
31 64
31 33
31 131
31 164
31 54
31 134
31 172
31 93
31 48
31 177
31 118
31 155
31 61
31 31
32 32
32 34
32 180
32 132
32 121
32 41
32 57
32 78
32 79
32 179
32 52
32 153
32 58
32 59
32 60
33 33
33 130
33 101
33 134
33 138
33 172
33 177
33 147
33 118
33 87
33 155
33 106
33 126
34 34
34 121
34 104
34 41
34 175
34 113
34 180
34 57
34 52
34 60
34 125
35 162
35 35
35 36
35 37
35 38
35 39
35 43
35 112
35 139
35 119
35 88
35 58
35 59
36 96
36 162
36 36
36 37
36 38
36 39
36 40
36 43
36 108
36 143
36 114
36 139
37 162
37 37
37 38
37 39
37 40
37 43
37 109
37 139
37 88
38 162
38 38
38 39
38 88
38 139
38 43
39 162
39 39
39 137
39 42
39 179
39 58
39 59
40 129
40 130
40 171
40 40
40 43
40 76
40 139
40 155
40 93
41 51
41 41
41 80
41 179
41 52
41 153
41 57
41 58
41 59
41 60
42 161
42 49
42 42
42 139
42 109
42 147
42 90
43 162
43 43
43 44
43 130
43 111
43 139
43 117
43 63
43 165
44 96
44 75
44 44
44 76
44 109
44 111
44 108
44 114
44 117
44 169
44 121
44 119
45 144
45 101
45 167
45 105
45 73
45 45
45 46
45 51
45 148
45 53
45 54
45 152
46 65
46 148
46 101
46 51
46 46
46 83
46 180
46 53
46 152
46 52
46 156
46 62
46 149
47 144
47 82
47 115
47 167
47 168
47 137
47 106
47 59
47 110
47 47
48 48
48 99
48 113
48 168
48 74
48 167
48 78
48 79
48 144
48 81
48 82
48 115
48 174
48 95
48 157
49 161
49 100
49 49
49 139
49 114
49 88
50 161
50 100
50 102
50 135
50 136
50 50
50 145
50 146
50 121
50 120
50 122
50 93
51 176
51 51
51 179
51 53
51 152
51 57
51 58
51 59
51 60
52 133
52 70
52 81
52 149
52 152
52 52
52 174
52 180
52 53
52 57
52 95
52 60
52 85
53 53
53 101
53 73
53 152
54 167
54 168
54 106
54 119
54 174
54 144
54 115
54 54
54 55
55 96
55 134
55 167
55 168
55 105
55 55
55 109
55 144
55 115
55 119
55 106
56 80
56 179
56 110
56 56
56 89
56 157
56 137
57 179
57 153
57 57
57 58
57 59
57 60
57 157
58 162
58 179
58 115
58 153
58 58
58 59
58 60
59 162
59 179
59 168
59 82
59 89
59 153
59 59
59 60
60 179
60 153
60 60
61 64
61 72
61 163
61 127
61 160
61 170
61 61
61 85
62 70
62 71
62 73
62 138
62 86
62 83
62 87
62 154
62 124
62 62
62 69
63 75
63 100
63 169
63 171
63 140
63 141
63 143
63 76
63 114
63 117
63 111
63 63
64 64
64 160
64 163
64 72
64 170
64 127
64 85
65 160
65 65
65 99
65 87
65 138
65 156
65 85
66 66
66 166
66 151
66 88
66 89
66 90
66 91
66 92
66 77
66 94
67 128
67 97
67 98
67 103
67 73
67 107
67 173
67 176
67 178
67 67
67 84
67 68
67 123
68 97
68 98
68 68
68 73
68 103
68 178
68 84
68 118
68 148
69 160
69 69
69 70
69 71
69 138
69 83
69 87
69 86
70 160
70 70
70 71
70 83
70 86
70 87
70 84
70 154
70 125
70 101
71 160
71 101
71 71
71 154
71 83
71 86
71 87
71 125
72 160
72 163
72 72
72 170
72 87
72 85
72 127
73 134
73 73
73 178
73 84
73 154
73 124
73 125
74 99
74 133
74 113
74 144
74 78
74 79
74 81
74 174
74 95
74 156
74 74
74 85
74 127
75 117
75 171
75 100
75 169
75 75
75 108
75 141
75 111
75 76
75 114
75 149
75 140
76 149
76 171
76 169
76 76
76 141
76 140
76 180
76 117
76 150
76 111
76 143
77 91
77 166
77 137
77 77
77 110
77 151
77 88
77 89
77 90
77 92
77 94
78 80
78 99
78 78
78 79
78 157
78 156
78 138
78 85
79 80
79 99
79 79
79 157
79 156
79 138
79 85
80 105
80 110
80 80
80 157
81 99
81 113
81 174
81 81
81 163
81 127
81 156
81 170
81 85
81 95
82 144
82 167
82 168
82 106
82 82
82 115
82 148
82 157
83 160
83 101
83 138
83 86
83 175
83 83
83 87
83 154
83 124
83 125
84 97
84 98
84 152
84 178
84 84
84 134
85 99
85 160
85 163
85 138
85 170
85 175
85 156
85 85
86 160
86 138
86 87
86 86
87 160
87 138
87 87
88 164
88 161
88 177
88 92
88 131
88 88
88 90
88 91
88 165
88 93
88 94
88 166
89 110
89 89
89 90
89 94
90 165
90 166
90 162
90 90
90 91
90 92
90 94
91 161
91 131
91 164
91 165
91 166
91 140
91 91
91 92
91 93
91 94
92 161
92 131
92 164
92 165
92 166
92 140
92 177
92 92
92 93
92 94
93 131
93 164
93 165
93 166
93 177
93 155
93 150
93 93
94 166
94 151
94 143
94 110
94 158
94 94
94 159
95 163
95 102
95 113
95 104
95 145
95 174
95 95
96 96
96 119
96 108
96 109
96 114
96 117
96 121
96 106
97 128
97 97
97 98
97 103
97 107
97 173
97 176
97 178
97 172
97 123
98 98
98 134
98 103
98 107
98 173
98 142
98 153
99 99
99 101
99 157
99 156
99 138
100 161
100 100
100 166
100 135
100 136
100 172
100 126
100 120
100 122
101 147
101 101
101 105
101 138
101 172
101 116
101 118
101 152
101 148
101 124
101 134
102 136
102 164
102 102
102 135
102 104
102 177
102 113
102 146
102 145
102 180
102 149
102 120
102 122
102 127
103 128
103 107
103 173
103 176
103 178
103 123
103 116
103 103
103 132
104 129
104 113
104 104
104 130
104 174
104 175
104 145
104 146
105 116
105 134
105 105
105 172
105 147
105 118
105 148
105 152
106 144
106 167
106 106
106 119
106 109
106 112
106 168
106 115
106 116
107 123
107 128
107 107
107 173
107 142
107 176
107 178
107 147
107 132
108 139
108 108
108 109
108 111
108 112
108 114
108 117
108 158
108 159
109 109
109 111
109 112
109 114
109 117
109 119
109 158
109 159
110 167
110 137
110 172
110 110
110 147
110 158
110 151
110 159
111 140
111 169
111 171
111 141
111 111
111 114
111 117
111 121
112 137
112 151
112 143
112 112
112 114
112 153
112 158
112 159
113 163
113 133
113 113
113 145
113 146
113 127
113 170
114 169
114 114
114 117
114 143
114 158
115 144
115 167
115 119
115 168
115 115
115 157
116 134
116 172
116 147
116 116
116 118
116 148
117 169
117 171
117 117
117 121
118 134
118 172
118 147
118 118
118 120
118 155
118 126
119 168
119 119
119 144
119 148
119 121
120 133
120 135
120 136
120 120
120 121
120 122
120 126
121 169
121 121
122 133
122 135
122 136
122 146
122 145
122 122
122 165
123 123
123 128
123 173
123 142
123 176
123 178
123 147
123 132
124 129
124 130
124 174
124 175
124 154
124 124
124 125
125 129
125 130
125 142
125 175
125 174
125 125
126 134
126 133
126 135
126 136
126 172
126 126
126 142
127 163
127 133
127 170
127 127
128 128
128 132
128 173
128 142
128 176
129 129
129 130
129 145
129 142
129 175
129 174
129 149
130 130
130 142
130 175
131 162
131 131
131 132
131 165
131 166
131 177
131 155
131 164
132 173
132 176
132 132
133 136
133 163
133 133
133 135
134 134
134 172
134 142
134 147
134 148
134 155
135 135
135 136
135 146
135 145
135 165
136 136
136 146
136 145
136 165
137 137
137 151
137 172
137 158
137 159
138 160
138 156
138 138
138 154
138 157
139 161
139 139
140 169
140 140
140 141
140 143
140 171
140 150
140 151
140 153
140 158
141 171
141 169
141 141
141 143
141 150
141 151
141 153
141 158
142 142
143 151
143 143
143 158
143 159
144 144
144 179
144 167
144 168
145 164
145 145
145 146
146 146
146 177
147 172
147 173
147 147
147 148
148 172
148 152
148 148
149 169
149 171
149 149
149 150
149 180
150 165
150 164
150 150
150 169
150 171
151 158
151 151
151 162
151 159
152 152
152 154
153 179
153 153
154 154
155 163
155 164
155 165
155 177
155 170
155 155
156 157
156 156
157 157
158 158
158 159
159 159
160 160
160 175
161 161
162 162
162 179
163 170
163 163
164 164
164 165
164 177
164 166
165 165
165 166
165 177
166 166
166 177
167 167
167 168
167 174
168 168
169 171
169 180
169 169
170 170
171 171
171 180
172 172
172 178
173 173
173 176
173 178
174 174
174 175
175 175
176 176
177 177
178 178
179 179
180 180
