1 128
1 1
1 131
1 132
1 166
1 107
1 173
1 176
1 123
1 88
1 4
1 90
1 91
1 92
1 100
2 2
2 36
2 137
2 151
2 108
2 142
2 112
2 20
2 110
2 23
2 56
2 158
2 159
3 128
3 130
3 3
3 134
3 103
3 107
3 173
3 142
3 176
3 119
3 24
3 123
3 126
4 128
4 107
4 4
4 97
4 161
4 103
4 12
4 173
4 176
4 178
4 24
4 132
4 90
4 123
5 68
5 105
5 84
5 5
5 6
5 7
5 73
5 154
5 11
5 12
5 89
6 6
6 7
6 11
6 125
6 80
6 83
6 22
6 56
6 154
6 124
6 157
6 101
7 68
7 7
7 73
7 11
7 83
7 84
7 105
7 56
7 89
7 154
8 96
8 101
8 168
8 10
8 55
8 44
8 8
8 54
8 119
8 121
8 26
8 106
9 98
9 99
9 179
9 70
9 41
9 138
9 13
9 46
9 16
9 51
9 53
9 9
9 152
9 57
9 58
9 59
9 60
9 62
10 128
10 96
10 40
10 10
10 55
10 16
10 25
10 54
10 119
10 153
10 121
10 26
11 35
11 137
11 11
11 110
11 80
11 20
11 56
11 154
11 124
11 157
12 84
12 97
12 98
12 67
12 68
12 103
12 73
12 12
12 178
12 116
12 24
13 45
13 101
13 70
13 39
13 83
13 13
13 46
13 79
13 16
13 51
13 53
13 22
13 152
13 58
13 59
14 96
14 32
14 34
14 121
14 135
14 136
14 169
14 44
14 14
14 50
14 19
14 52
14 57
14 120
14 153
14 60
15 162
15 35
15 36
15 37
15 38
15 39
15 105
15 42
15 139
15 15
15 49
15 148
15 17
15 137
15 27
15 29
15 30
16 51
16 164
16 165
16 41
16 46
16 45
16 16
16 81
16 179
16 52
16 149
16 150
16 152
16 58
16 59
16 93
16 53
17 35
17 101
17 49
17 137
17 42
17 17
17 147
17 148
17 105
17 116
17 27
17 29
17 30
18 160
18 65
18 99
18 69
18 72
18 64
18 138
18 78
18 61
18 18
18 163
18 85
18 22
18 87
18 59
18 156
18 170
18 21
19 161
19 132
19 100
19 102
19 40
19 50
19 145
19 146
19 19
19 25
19 122
19 28
20 144
20 101
20 167
20 168
20 137
20 79
20 80
20 82
20 115
20 20
20 56
20 47
20 124
20 157
21 64
21 65
21 72
21 138
21 142
21 79
21 81
21 163
21 78
21 87
21 156
21 160
21 99
21 164
21 170
21 46
21 177
21 58
21 59
21 21
21 61
21 85
22 160
22 65
22 70
22 71
22 138
22 80
22 83
22 85
22 22
22 154
22 157
22 62
23 137
23 151
23 108
23 109
23 142
23 143
23 112
23 116
23 110
23 23
23 158
23 159
24 128
24 97
24 98
24 103
24 42
24 107
24 173
24 142
24 176
24 178
24 67
24 24
24 123
25 102
25 40
25 43
25 50
25 145
25 146
25 180
25 25
25 88
25 104
25 26
25 28
25 153
26 104
26 28
26 43
26 40
26 54
26 57
26 26
26 91
26 92
26 55
27 30
27 161
27 67
27 36
27 37
27 38
27 49
27 105
27 42
27 139
27 147
27 116
27 97
27 148
27 27
27 29
27 158
28 128
28 161
28 139
28 40
28 169
28 43
28 76
28 49
28 50
28 28
28 30
29 162
29 35
29 68
29 101
29 38
29 39
29 105
29 42
29 45
29 29
29 98
29 116
29 152
29 148
29 106
29 37
30 161
30 49
30 40
30 42
30 139
30 44
30 77
30 147
30 116
30 117
30 43
30 151
30 121
30 103
30 30
31 33
31 147
31 116
31 155
31 134
31 105
31 75
31 172
31 118
31 126
31 31
32 32
32 34
32 102
32 72
32 41
32 179
32 52
32 153
32 57
32 58
32 59
32 60
33 172
33 33
33 100
33 134
33 97
33 161
33 140
33 141
33 178
33 147
33 118
33 155
33 126
34 34
34 169
34 44
34 52
34 41
34 57
34 153
34 121
34 60
34 126
35 162
35 35
35 36
35 37
35 38
35 39
35 45
35 51
35 56
36 36
36 37
36 38
36 39
36 40
36 43
36 109
36 162
36 110
36 139
36 98
37 96
37 162
37 37
37 38
37 39
37 43
37 139
38 162
38 38
38 39
38 43
38 98
38 139
39 162
39 39
39 167
39 45
39 51
39 55
39 152
40 128
40 161
40 139
40 40
40 171
40 43
41 133
41 104
41 41
41 87
41 179
41 52
41 53
41 153
41 57
41 58
41 59
41 60
42 134
42 49
42 105
42 42
42 139
42 172
42 147
42 116
42 158
42 148
43 161
43 75
43 139
43 173
43 43
43 107
43 123
43 63
44 96
44 44
44 106
44 108
44 109
44 111
44 112
44 114
44 117
44 55
44 121
45 51
45 162
45 164
45 101
45 144
45 125
45 45
45 46
45 115
45 148
45 53
45 152
45 124
46 164
46 179
46 46
46 174
46 51
46 152
46 58
46 59
46 53
46 149
47 144
47 48
47 162
47 167
47 168
47 106
47 47
47 80
47 82
47 115
47 119
48 144
48 129
48 99
48 113
48 177
48 104
48 74
48 78
48 79
48 48
48 81
48 82
48 115
48 174
48 175
48 95
49 161
49 134
49 49
49 139
49 172
49 147
49 116
49 94
49 151
50 161
50 100
50 102
50 135
50 146
50 142
50 145
50 50
50 122
50 126
51 162
51 101
51 125
51 51
51 53
51 152
51 58
51 59
51 157
52 130
52 179
52 52
52 149
52 150
52 57
52 58
52 59
52 60
52 61
52 127
53 101
53 142
53 175
53 53
53 152
53 153
54 96
54 167
54 168
54 106
54 55
54 142
54 144
54 54
54 119
54 121
55 96
55 167
55 106
55 109
55 142
55 168
55 55
55 121
55 119
56 137
56 110
56 80
56 56
56 148
56 154
56 157
57 129
57 163
57 179
57 57
57 59
57 60
57 58
58 69
58 74
58 179
58 59
58 60
58 58
59 160
59 179
59 86
59 59
59 60
59 85
60 113
60 179
60 60
61 64
61 163
61 133
61 136
61 170
61 72
61 87
61 127
61 61
61 85
62 160
62 65
62 69
62 70
62 71
62 138
62 83
62 87
62 154
62 86
62 62
63 75
63 76
63 171
63 172
63 141
63 142
63 143
63 140
63 180
63 158
63 151
63 111
63 94
63 63
64 64
64 163
64 133
64 72
64 170
64 93
64 85
64 87
64 127
65 160
65 65
65 86
65 138
65 69
65 85
65 87
65 152
66 66
66 77
66 140
66 172
66 141
66 110
66 143
66 151
66 89
66 90
66 91
66 92
66 94
67 97
67 98
67 67
67 68
67 103
67 73
67 107
67 173
67 178
67 84
68 97
68 98
68 68
68 70
68 73
68 84
68 154
69 160
69 69
69 70
69 71
69 72
69 138
69 86
69 87
70 160
70 98
70 70
70 71
70 83
70 84
70 87
70 154
70 86
71 160
71 83
71 71
71 152
71 138
71 87
71 86
72 163
72 72
72 170
72 142
72 87
72 127
73 97
73 98
73 73
73 178
73 84
73 105
73 154
73 125
74 99
74 133
74 102
74 113
74 74
74 78
74 79
74 81
74 163
74 156
74 95
75 169
75 171
75 75
75 76
75 141
75 143
75 108
75 114
75 180
75 117
75 111
75 140
76 171
76 169
76 76
76 141
76 143
76 140
76 180
76 117
76 111
77 140
77 94
77 77
77 110
77 143
77 151
77 89
77 90
77 158
77 159
78 80
78 99
78 78
78 79
78 81
78 157
78 152
78 175
78 156
78 138
78 85
79 80
79 99
79 138
79 79
79 81
79 157
79 152
79 175
79 156
79 85
80 101
80 80
80 82
80 124
80 157
81 99
81 133
81 113
81 81
81 163
81 179
81 127
81 156
81 95
82 167
82 168
82 144
82 82
82 115
82 119
82 153
82 157
83 160
83 130
83 138
83 83
83 86
83 154
83 124
83 125
84 97
84 98
84 84
84 148
84 154
85 99
85 138
85 160
85 157
85 163
85 156
85 85
86 87
86 160
86 138
86 86
87 138
87 160
87 179
87 170
87 87
88 131
88 165
88 166
88 93
88 150
88 88
88 122
88 91
88 92
88 90
89 158
89 134
89 89
89 151
89 94
89 110
89 143
90 166
90 100
90 90
90 91
90 92
90 94
91 166
91 140
91 141
91 150
91 91
91 92
91 94
92 166
92 140
92 141
92 150
92 92
92 94
93 131
93 164
93 165
93 166
93 177
93 104
93 113
93 149
93 150
93 93
94 140
94 141
94 110
94 158
94 151
94 143
94 94
95 129
95 130
95 99
95 102
95 113
95 104
95 145
95 174
95 146
95 179
95 95
96 96
96 105
96 119
96 109
96 116
96 153
96 121
96 106
97 123
97 98
97 97
97 103
97 173
97 178
97 107
98 98
98 103
98 153
99 99
99 113
99 156
99 157
100 171
100 100
100 134
100 136
100 161
100 135
100 172
100 146
100 118
100 120
100 122
100 126
101 148
101 155
101 164
101 101
101 177
101 105
101 167
101 152
101 116
101 168
102 131
102 102
102 113
102 104
102 146
102 145
102 149
102 150
102 122
102 126
103 128
103 103
103 107
103 173
103 176
103 178
103 118
103 132
103 123
104 129
104 130
104 113
104 104
104 174
104 175
104 145
104 146
104 153
105 134
105 147
105 116
105 105
105 148
106 144
106 167
106 106
106 119
106 108
106 109
106 112
106 168
106 114
106 115
106 148
107 123
107 128
107 107
107 173
107 142
107 176
107 178
107 132
108 108
108 109
108 111
108 112
108 114
108 147
108 117
108 158
108 159
109 168
109 109
109 111
109 112
109 114
109 117
109 158
109 159
110 137
110 110
110 112
110 153
110 158
110 151
110 159
111 171
111 172
111 111
111 112
111 114
111 117
111 169
111 143
112 137
112 151
112 142
112 112
112 114
112 159
112 158
112 117
113 133
113 113
113 145
113 146
113 163
113 127
114 169
114 114
114 147
114 117
114 151
114 158
114 159
115 144
115 167
115 168
115 174
115 115
115 119
116 155
116 147
116 134
116 172
116 116
116 148
117 171
117 169
117 117
117 121
118 134
118 135
118 172
118 147
118 118
118 120
118 122
118 155
118 126
119 167
119 119
119 144
119 168
119 121
120 120
120 126
120 133
120 135
120 136
120 170
120 122
120 127
121 172
121 153
121 121
122 166
122 135
122 145
122 146
122 136
122 122
122 126
122 127
123 128
123 161
123 173
123 142
123 176
123 178
123 123
123 132
124 129
124 130
124 167
124 174
124 175
124 124
124 125
125 129
125 130
125 167
125 174
125 175
125 154
125 155
125 125
126 135
126 136
126 176
126 126
127 163
127 165
127 170
127 135
127 136
127 127
127 133
128 128
128 173
128 142
128 176
128 131
128 132
129 129
129 130
129 145
129 174
129 175
129 177
130 130
130 174
130 175
130 145
131 131
131 132
131 165
131 177
131 176
131 166
132 173
132 142
132 176
132 177
132 132
133 165
133 163
133 133
133 136
133 170
134 134
134 172
134 178
134 147
134 155
135 135
135 136
135 170
135 146
136 163
136 136
136 170
137 137
137 142
137 158
137 159
138 160
138 138
138 156
138 157
139 161
139 139
139 151
140 171
140 169
140 140
140 141
140 180
140 151
140 143
141 171
141 166
141 169
141 141
141 143
141 180
141 151
142 142
142 146
142 155
142 156
142 157
142 158
142 159
142 176
142 173
143 171
143 172
143 169
143 158
143 143
143 151
143 159
144 144
144 167
144 168
144 174
145 145
145 146
145 150
146 146
147 155
147 147
147 178
147 161
147 172
148 148
148 177
149 165
149 150
149 180
149 171
149 166
149 149
150 164
150 165
150 150
150 180
150 166
151 158
151 151
151 159
152 164
152 177
152 152
153 153
154 162
154 154
155 172
155 177
155 155
156 157
156 156
157 157
158 158
158 159
159 159
160 160
161 161
161 172
162 162
162 168
163 163
163 170
164 177
164 165
164 164
165 166
165 170
165 177
165 165
166 166
167 168
167 175
167 174
167 167
168 174
168 168
169 171
169 180
169 169
170 170
171 171
171 180
172 172
173 173
173 176
173 178
174 175
174 174
175 175
176 176
177 177
178 178
179 179
180 180
