1 128
1 1
1 131
1 132
1 103
1 107
1 45
1 173
1 176
1 148
1 89
1 123
1 60
1 4
2 2
2 66
2 158
2 137
2 13
2 109
2 110
2 77
2 112
2 82
2 20
2 53
2 23
2 152
2 89
2 58
2 94
2 159
3 176
3 123
3 130
3 3
3 132
3 14
3 24
3 128
3 107
3 125
3 142
4 32
4 107
4 132
4 5
4 103
4 176
4 4
4 128
4 123
4 173
5 97
5 67
5 5
5 6
5 7
5 73
5 11
5 12
5 16
5 84
5 68
5 154
6 65
6 6
6 7
6 11
6 80
6 52
6 22
6 56
6 20
6 154
6 157
7 16
7 22
7 84
7 7
7 56
7 68
7 154
7 11
7 73
8 96
8 8
8 106
8 54
8 55
8 168
8 57
8 10
8 167
8 26
8 174
9 32
9 110
9 179
9 9
9 55
9 45
9 46
9 13
9 16
9 51
9 52
9 53
9 41
9 152
9 57
9 58
9 60
9 137
10 96
10 165
10 177
10 104
10 10
10 119
10 174
10 52
10 54
10 55
10 25
10 26
11 32
11 65
11 80
11 11
11 16
11 20
11 56
11 154
11 157
12 97
12 98
12 67
12 68
12 103
12 73
12 12
12 178
12 84
12 24
12 155
13 101
13 137
13 119
13 13
13 46
13 45
13 16
13 17
13 51
13 53
13 152
13 179
13 59
13 58
14 96
14 32
14 34
14 133
14 102
14 71
14 41
14 87
14 44
14 14
14 145
14 146
14 52
14 142
14 169
14 25
14 121
14 70
14 117
15 162
15 35
15 36
15 37
15 38
15 39
15 42
15 139
15 15
15 27
15 49
15 17
15 43
15 91
15 29
15 30
16 176
16 164
16 51
16 46
16 45
16 80
16 179
16 20
16 149
16 152
16 180
16 47
16 16
16 52
17 27
17 147
17 101
17 17
17 105
17 42
17 39
17 108
17 45
17 49
17 51
17 116
17 152
17 148
17 29
18 160
18 64
18 163
18 69
18 72
18 156
18 138
18 21
18 61
18 18
18 85
18 22
18 87
18 127
18 86
18 170
18 149
19 161
19 100
19 102
19 104
19 171
19 50
19 145
19 146
19 19
19 25
19 122
19 28
20 80
20 167
20 168
20 137
20 144
20 110
20 47
20 82
20 115
20 20
20 56
20 157
21 160
21 64
21 163
21 72
21 156
21 138
21 61
21 78
21 79
21 81
21 99
21 85
21 22
21 87
21 127
21 21
21 170
21 149
22 65
22 34
22 138
22 71
22 79
22 80
22 83
22 22
22 154
22 156
22 157
22 62
22 85
23 82
23 137
23 109
23 66
23 110
23 77
23 112
23 114
23 51
23 158
23 23
23 89
23 94
23 159
24 128
24 97
24 67
24 132
24 103
24 107
24 173
24 142
24 176
24 178
24 24
24 123
24 125
24 31
25 161
25 130
25 102
25 129
25 104
25 146
25 145
25 50
25 40
25 25
25 26
25 28
26 177
26 40
26 174
26 54
26 129
26 28
26 26
26 104
27 161
27 27
27 49
27 105
27 42
27 139
27 147
27 116
27 90
27 91
27 92
27 29
27 30
28 161
28 130
28 139
28 36
28 40
28 169
28 43
28 76
28 50
28 28
28 30
29 101
29 49
29 105
29 42
29 39
29 108
29 45
29 116
29 152
29 148
29 29
30 161
30 139
30 37
30 38
30 40
30 42
30 43
30 49
30 50
30 117
30 30
31 33
31 164
31 134
31 172
31 77
31 177
31 147
31 117
31 118
31 155
31 126
31 31
32 32
32 34
32 167
32 41
32 179
32 180
32 57
32 56
32 153
32 58
32 59
32 60
32 52
33 33
33 132
33 134
33 75
33 172
33 147
33 116
33 118
33 120
33 155
33 126
34 68
34 138
34 81
34 83
34 84
34 85
34 57
34 153
34 154
34 52
34 34
34 41
34 180
34 169
34 121
34 95
34 60
34 125
34 62
35 59
35 162
35 35
35 36
35 37
35 38
35 39
35 139
35 43
35 108
36 162
36 36
36 37
36 38
36 39
36 40
36 43
36 141
36 139
36 63
37 162
37 37
37 38
37 39
37 40
37 139
37 43
37 92
38 162
38 38
38 39
38 43
38 44
38 143
38 139
38 151
38 90
39 162
39 39
39 139
39 114
39 58
39 59
40 129
40 130
40 139
40 40
40 169
40 43
40 104
41 115
41 179
41 41
41 47
41 51
41 52
41 53
41 54
41 153
41 57
41 58
41 59
41 60
42 161
42 49
42 105
42 42
42 139
42 44
42 147
42 116
42 148
43 162
43 43
43 139
43 121
43 166
44 96
44 44
44 108
44 109
44 111
44 114
44 117
44 119
44 121
44 63
45 101
45 77
45 105
45 45
45 46
45 51
45 148
45 152
45 158
46 51
46 164
46 101
46 106
46 46
46 82
46 179
46 148
46 149
46 152
46 52
46 53
47 48
47 167
47 168
47 144
47 47
47 157
47 82
47 115
47 106
48 99
48 164
48 113
48 168
48 74
48 167
48 78
48 48
48 81
48 115
48 174
48 79
48 156
48 157
48 95
49 161
49 49
49 139
49 140
49 141
49 147
49 116
49 111
50 161
50 100
50 102
50 169
50 171
50 50
50 145
50 146
50 122
51 179
51 51
51 53
51 89
51 152
51 57
51 58
51 59
51 60
51 159
52 128
52 65
52 73
52 149
52 57
52 157
52 103
52 107
52 173
52 178
52 179
52 180
52 52
52 123
52 60
53 101
53 57
53 152
53 153
53 60
53 53
54 96
54 167
54 168
54 106
54 174
54 144
54 54
54 55
54 153
54 155
55 96
55 167
55 168
55 119
55 109
55 144
55 55
55 121
55 106
56 65
56 56
56 80
56 154
56 157
56 110
57 179
57 57
57 168
57 115
57 153
57 180
57 58
57 59
57 60
58 77
58 179
58 89
58 153
58 58
58 59
58 60
59 162
59 179
59 66
59 59
59 60
60 179
60 144
60 153
60 60
61 160
61 64
61 163
61 133
61 135
61 136
61 177
61 170
61 72
61 87
61 120
61 61
61 127
62 160
62 65
62 69
62 70
62 71
62 138
62 83
62 87
62 154
62 86
62 62
63 171
63 169
63 75
63 108
63 141
63 76
63 114
63 117
63 151
63 111
63 140
63 143
63 63
64 160
64 64
64 163
64 133
64 136
64 170
64 177
64 87
64 72
64 127
65 65
65 138
65 80
65 154
65 156
65 157
66 91
66 137
66 66
66 110
66 77
66 148
66 94
66 89
66 90
66 92
66 158
66 159
67 97
67 98
67 67
67 68
67 103
67 73
67 107
67 173
67 178
67 84
67 155
67 123
68 97
68 68
68 70
68 73
68 98
68 178
68 84
68 154
69 160
69 98
69 164
69 69
69 70
69 71
69 138
69 83
69 149
69 86
69 87
70 160
70 98
70 70
70 71
70 83
70 84
70 86
70 87
70 154
71 160
71 98
71 71
71 83
71 84
71 87
71 154
71 86
72 160
72 163
72 180
72 87
72 72
72 170
72 127
73 97
73 73
73 83
73 84
73 154
73 124
73 125
74 81
74 99
74 85
74 149
74 113
74 74
74 95
74 156
74 78
74 79
75 171
75 161
75 169
75 75
75 76
75 141
75 143
75 140
75 117
75 118
75 111
76 171
76 169
76 140
76 141
76 111
76 76
76 180
76 117
76 150
76 151
77 77
77 137
77 110
77 158
77 89
77 94
77 159
78 80
78 99
78 164
78 78
78 79
78 81
78 157
78 156
78 138
78 85
79 80
79 99
79 164
79 157
79 79
79 81
79 156
79 138
79 85
80 80
80 157
81 99
81 113
81 81
81 163
81 127
81 156
81 170
81 85
81 95
82 115
82 168
82 137
82 106
82 110
82 144
82 82
82 179
82 158
82 159
83 160
83 86
83 175
83 83
83 85
83 154
83 124
84 97
84 98
84 84
84 154
84 125
85 160
85 163
85 164
85 157
85 99
85 156
85 138
85 85
86 160
86 98
86 164
86 138
86 86
86 87
87 160
87 138
87 170
87 87
87 149
88 131
88 164
88 165
88 166
88 140
88 141
88 177
88 150
88 88
88 100
88 90
88 91
88 92
88 93
89 137
89 110
89 158
89 89
89 94
89 159
90 131
90 165
90 140
90 141
90 91
90 151
90 90
90 92
90 94
90 166
91 131
91 166
91 140
91 141
91 143
91 91
91 151
91 92
92 131
92 166
92 140
92 141
92 143
92 151
92 92
92 93
93 149
93 177
93 166
93 131
93 164
93 165
93 150
93 93
93 133
94 137
94 151
94 110
94 143
94 148
94 158
94 94
94 159
95 102
95 113
95 145
95 177
95 174
95 175
95 146
95 104
95 95
96 96
96 119
96 109
96 114
96 148
96 121
96 106
97 128
97 97
97 98
97 103
97 107
97 173
97 176
97 178
97 155
97 123
98 98
98 149
98 153
99 99
99 164
99 113
99 157
99 156
99 138
100 161
100 100
100 134
100 135
100 136
100 169
100 172
100 146
100 147
100 118
100 121
100 122
100 126
101 164
101 101
101 134
101 105
101 109
101 116
101 152
101 148
101 158
102 145
102 102
102 113
102 104
102 122
102 146
103 128
103 107
103 173
103 176
103 178
103 123
103 132
103 103
104 129
104 130
104 165
104 145
104 174
104 175
104 104
104 146
104 150
105 134
105 105
105 108
105 147
105 116
105 148
106 144
106 167
106 168
106 106
106 119
106 109
106 112
106 115
107 123
107 128
107 107
107 173
107 142
107 176
107 178
107 132
108 162
108 111
108 108
108 109
108 112
108 114
108 117
108 151
108 143
108 158
108 159
109 144
109 119
109 109
109 112
109 114
109 155
109 158
109 159
110 158
110 110
110 112
110 137
110 159
111 171
111 134
111 169
111 141
111 143
111 114
111 117
111 151
111 111
111 121
111 140
112 144
112 168
112 137
112 119
112 112
112 114
112 155
112 158
112 159
113 113
113 145
113 177
113 146
113 163
113 127
113 156
114 119
114 114
114 148
114 117
114 143
114 158
114 159
115 144
115 167
115 168
115 115
115 157
116 134
116 172
116 143
116 147
116 116
116 148
117 171
117 169
117 172
117 117
117 121
118 134
118 135
118 136
118 172
118 147
118 118
118 120
118 155
118 126
119 144
119 168
119 119
119 121
120 163
120 133
120 135
120 136
120 170
120 180
120 120
120 122
120 155
120 126
120 127
121 135
121 136
121 169
121 139
121 121
121 122
122 135
122 136
122 172
122 146
122 145
122 122
122 126
122 127
123 123
123 128
123 173
123 142
123 176
123 178
123 132
124 129
124 130
124 149
124 167
124 175
124 124
124 178
124 174
124 125
125 129
125 130
125 174
125 175
125 178
125 180
125 125
126 131
126 133
126 135
126 136
126 172
126 155
126 180
126 127
126 126
127 163
127 133
127 170
127 135
127 136
127 180
127 127
128 128
128 173
128 142
128 176
128 178
128 132
129 129
129 130
129 174
129 175
129 145
129 146
129 150
130 130
130 174
130 175
130 142
130 150
131 162
131 131
131 132
131 165
131 166
131 139
131 177
132 173
132 142
132 176
132 132
133 163
133 133
133 135
133 136
133 170
134 134
134 172
134 147
134 148
134 151
134 155
135 163
135 135
135 136
135 170
135 172
136 163
136 136
136 170
136 172
137 179
137 158
137 137
137 159
138 160
138 138
138 154
138 156
139 161
139 162
139 140
139 139
140 166
140 169
140 141
140 140
140 147
140 171
140 151
140 153
140 143
141 151
141 171
141 166
141 141
141 169
141 143
142 142
142 176
142 173
143 166
143 158
143 151
143 143
144 144
144 167
144 168
145 145
145 146
145 174
146 146
147 161
147 172
147 147
147 148
148 152
148 148
149 149
149 160
149 164
149 171
149 150
149 180
149 165
150 164
150 165
150 169
150 171
150 177
150 180
150 150
151 166
151 151
151 169
152 152
153 179
153 153
154 154
155 164
155 172
155 177
155 155
156 164
156 157
156 156
157 157
158 158
158 159
159 159
160 160
161 161
161 166
162 162
163 163
163 177
163 170
164 164
164 165
164 175
164 177
165 165
165 166
165 177
166 166
166 177
167 167
167 174
167 168
167 175
168 168
169 171
169 180
169 169
170 170
170 180
171 171
171 180
172 172
173 173
173 176
173 178
174 174
174 175
174 180
175 175
176 178
176 176
177 177
178 178
179 179
180 180
