1 128
1 1
1 132
1 131
1 4
1 166
1 176
1 91
1 88
1 25
1 90
1 123
1 92
2 2
2 137
2 139
2 108
2 110
2 47
2 112
2 20
2 118
2 23
2 56
2 151
2 158
2 159
3 129
3 130
3 3
3 97
3 178
3 33
3 24
3 124
3 125
3 142
3 175
4 128
4 107
4 4
4 97
4 10
4 103
4 173
4 176
4 178
4 89
4 88
4 132
4 90
4 123
5 68
5 5
5 6
5 7
5 73
5 11
5 12
5 84
5 56
5 89
5 26
5 154
6 80
6 22
6 83
6 116
6 6
6 7
6 56
6 154
6 11
6 157
7 68
7 7
7 73
7 11
7 12
7 84
7 89
7 154
7 26
7 30
8 96
8 168
8 10
8 44
8 8
8 116
8 54
8 55
8 153
8 121
8 26
8 106
9 160
9 32
9 179
9 9
9 13
9 46
9 16
9 51
9 52
9 53
9 41
9 152
9 57
9 58
9 59
9 60
10 96
10 68
10 121
10 40
10 10
10 55
10 12
10 25
10 54
10 119
10 88
10 26
10 153
11 36
11 137
11 11
11 110
11 80
11 20
11 56
11 89
11 154
11 134
12 97
12 98
12 67
12 68
12 73
12 43
12 12
12 178
12 84
12 24
12 103
13 65
13 101
13 46
13 45
13 174
13 13
13 16
13 18
13 51
13 53
13 152
13 58
13 59
14 96
14 32
14 34
14 170
14 44
14 98
14 14
14 111
14 114
14 57
14 153
14 121
14 117
15 96
15 162
15 35
15 36
15 37
15 38
15 39
15 105
15 42
15 139
15 15
15 17
15 20
15 148
15 116
15 27
15 29
15 30
16 51
16 164
16 46
16 45
16 16
16 177
16 179
16 52
16 149
16 150
16 152
16 58
16 59
16 93
16 95
17 84
17 161
17 35
17 134
17 17
17 105
17 42
17 172
17 96
17 49
17 147
17 116
17 148
17 27
17 29
17 30
17 31
18 160
18 65
18 86
18 163
18 69
18 138
18 18
18 83
18 85
18 22
18 87
18 156
18 61
18 21
19 128
19 161
19 100
19 102
19 145
19 40
19 169
19 50
19 49
19 146
19 19
19 25
19 90
19 28
19 122
20 37
20 38
20 137
20 79
20 125
20 78
20 47
20 80
20 82
20 115
20 116
20 56
20 20
20 124
20 157
21 160
21 65
21 99
21 69
21 133
21 72
21 64
21 138
21 21
21 61
21 81
21 163
21 85
21 22
21 87
21 152
21 156
21 170
21 127
22 160
22 70
22 71
22 138
22 157
22 83
22 22
22 154
22 53
22 29
22 62
22 85
23 137
23 151
23 108
23 110
23 143
23 112
23 49
23 114
23 23
23 159
23 158
23 63
24 128
24 97
24 67
24 103
24 107
24 173
24 142
24 176
24 43
24 178
24 24
24 123
25 32
25 132
25 102
25 145
25 40
25 43
25 50
25 176
25 104
25 146
25 25
25 26
25 28
26 96
26 66
26 40
26 73
26 43
26 86
26 89
26 54
26 55
26 153
26 71
26 28
26 26
26 62
27 161
27 162
27 35
27 37
27 38
27 49
27 105
27 42
27 139
27 147
27 116
27 153
27 148
27 134
27 27
27 29
27 30
27 31
28 161
28 139
28 36
28 146
28 40
28 43
28 77
28 143
28 50
28 30
28 28
28 94
29 162
29 35
29 101
29 39
29 105
29 45
29 147
29 116
29 55
29 152
29 148
29 29
30 161
30 139
30 36
30 37
30 38
30 49
30 105
30 42
30 109
30 147
30 43
30 137
30 30
31 33
31 134
31 105
31 172
31 80
31 147
31 148
31 116
31 155
31 31
32 32
32 34
32 163
32 102
32 41
32 145
32 179
32 52
32 57
32 58
32 60
33 33
33 134
33 161
33 105
33 172
33 109
33 147
33 116
33 118
33 155
33 126
34 64
34 34
34 169
34 44
34 111
34 50
34 52
34 57
34 41
34 153
34 121
34 60
34 61
35 162
35 35
35 148
35 37
35 38
35 39
35 47
36 162
36 36
36 37
36 38
36 39
36 40
36 43
36 112
36 139
36 154
37 162
37 37
37 38
37 39
37 43
37 139
38 162
38 38
38 39
38 43
38 139
39 162
39 39
39 105
39 138
39 71
39 45
39 115
39 148
39 79
40 171
40 103
40 40
40 43
40 104
40 146
40 139
41 41
41 113
41 179
41 52
41 53
41 57
41 58
41 59
41 60
42 161
42 134
42 49
42 137
42 42
42 172
42 147
42 116
42 105
42 121
43 161
43 75
43 139
43 43
44 96
44 108
44 106
44 44
44 109
44 111
44 49
44 114
44 117
44 54
44 55
44 121
45 65
45 162
45 101
45 144
45 45
45 46
45 175
45 51
45 148
45 119
45 152
45 156
45 69
46 164
46 101
46 74
46 46
46 177
46 51
46 149
46 150
46 152
46 59
46 93
47 48
47 167
47 168
47 105
47 106
47 175
47 144
47 82
47 115
47 47
47 124
47 125
48 48
48 99
48 167
48 168
48 74
48 174
48 175
48 144
48 113
48 82
48 115
48 155
48 119
48 104
48 124
48 125
48 95
49 161
49 100
49 49
49 172
49 151
49 158
49 114
49 147
49 89
49 159
50 161
50 100
50 102
50 135
50 146
50 145
50 50
50 153
50 122
50 92
50 126
51 160
51 101
51 51
51 53
51 152
51 179
51 59
51 156
51 58
52 72
52 179
52 52
52 149
52 57
52 58
52 59
52 60
52 127
53 179
53 101
53 78
53 59
53 83
53 53
53 58
53 155
53 60
54 96
54 98
54 106
54 119
54 174
54 168
54 54
54 55
54 153
54 121
55 96
55 167
55 168
55 106
55 55
55 119
55 121
56 80
56 89
56 56
56 137
56 110
56 134
57 133
57 130
57 179
57 57
57 58
57 59
57 60
58 179
58 74
58 142
58 58
58 59
58 60
59 179
59 74
59 87
59 81
59 59
59 60
60 133
60 113
60 179
60 60
61 64
61 65
61 163
61 133
61 72
61 170
61 87
61 61
61 127
62 160
62 65
62 98
62 69
62 70
62 71
62 138
62 162
62 83
62 148
62 87
62 86
62 154
62 62
63 159
63 63
63 110
63 151
63 153
63 158
63 140
63 77
63 94
63 143
64 64
64 65
64 163
64 133
64 72
64 170
64 87
64 69
64 127
65 65
65 69
65 71
65 72
65 138
65 160
65 170
65 86
65 87
65 85
66 66
66 166
66 140
66 141
66 77
66 143
66 88
66 89
66 90
66 91
66 92
66 94
67 97
67 98
67 67
67 68
67 103
67 73
67 107
67 173
67 161
67 178
67 84
67 118
68 97
68 98
68 68
68 70
68 73
68 84
68 154
68 134
69 69
69 70
69 71
69 72
69 138
69 160
69 86
69 87
70 160
70 98
70 70
70 71
70 138
70 162
70 84
70 87
70 86
71 160
71 98
71 138
71 71
71 87
71 86
72 163
72 164
72 72
72 170
72 87
72 127
72 133
73 97
73 178
73 73
73 84
73 154
74 99
74 113
74 102
74 81
74 74
74 78
74 79
74 145
74 163
74 156
74 95
75 75
75 100
75 143
75 108
75 171
75 76
75 141
75 111
75 114
75 117
75 169
75 140
75 109
75 158
76 171
76 169
76 140
76 141
76 111
76 76
76 114
76 180
76 117
76 120
76 143
77 140
77 141
77 77
77 143
77 94
77 88
77 89
77 90
77 158
78 99
78 78
78 79
78 80
78 81
78 82
78 156
78 157
78 85
79 99
79 125
79 79
79 80
79 81
79 82
79 138
79 156
79 157
80 137
80 80
80 116
80 154
80 157
81 99
81 133
81 113
81 127
81 81
81 163
81 156
81 85
81 95
82 144
82 162
82 99
82 167
82 168
82 82
82 115
82 124
82 157
83 160
83 138
83 83
83 148
83 85
83 154
83 156
83 157
84 97
84 98
84 147
84 84
84 154
85 160
85 99
85 163
85 138
85 87
85 152
85 156
85 85
86 160
86 138
86 86
86 87
86 101
87 170
87 160
87 87
87 152
88 131
88 165
88 166
88 135
88 88
88 120
88 90
88 91
88 92
89 89
89 90
89 94
90 166
90 94
90 90
90 91
90 92
90 126
91 165
91 166
91 135
91 171
91 140
91 141
91 180
91 150
91 91
91 92
91 122
91 94
92 131
92 165
92 166
92 171
92 140
92 141
92 180
92 149
92 150
92 122
92 92
92 94
93 177
93 131
93 164
93 165
93 166
93 150
93 170
93 93
93 149
94 140
94 141
94 158
94 143
94 94
95 130
95 164
95 179
95 102
95 129
95 104
95 145
95 174
95 144
95 113
95 95
96 96
96 105
96 153
96 121
96 168
96 106
97 97
97 98
97 103
97 107
97 173
97 161
97 178
97 123
98 98
98 134
98 103
98 153
99 99
99 155
99 156
99 157
100 161
100 100
100 135
100 136
100 172
100 146
100 143
100 118
100 120
100 122
100 111
100 126
101 160
101 164
101 101
101 105
101 177
101 116
101 152
101 148
101 155
102 129
102 130
102 131
102 165
102 102
102 113
102 104
102 146
102 145
102 149
102 150
103 128
103 103
103 107
103 173
103 176
103 178
103 132
103 123
104 129
104 130
104 144
104 174
104 145
104 146
104 179
104 119
104 104
105 134
105 105
105 147
105 116
105 148
106 134
106 167
106 106
106 108
106 109
106 112
106 168
106 114
106 115
106 117
106 121
107 128
107 107
107 173
107 142
107 176
107 178
107 132
107 123
107 126
108 139
108 108
108 109
108 111
108 112
108 114
108 117
108 151
108 159
109 168
109 109
109 111
109 112
109 114
109 117
109 151
109 121
110 137
110 139
110 110
110 112
110 153
110 159
110 151
110 158
111 171
111 169
111 112
111 114
111 117
111 111
112 151
112 112
112 114
112 117
112 158
112 159
113 163
113 133
113 113
113 145
113 146
113 127
114 114
114 117
114 169
114 151
114 159
115 144
115 168
115 167
115 174
115 115
115 119
115 175
115 124
116 148
116 155
116 172
116 147
116 118
116 116
116 154
116 134
117 161
117 117
117 169
117 151
117 158
117 159
118 134
118 135
118 172
118 147
118 118
118 120
118 155
118 126
119 144
119 167
119 168
119 119
119 174
120 133
120 135
120 136
120 170
120 120
120 132
120 122
120 126
120 127
121 153
121 121
122 135
122 136
122 171
122 146
122 122
122 126
122 127
123 128
123 173
123 142
123 176
123 178
123 132
123 123
123 126
124 129
124 130
124 167
124 174
124 175
124 153
124 124
124 125
125 129
125 130
125 167
125 175
125 174
125 142
125 148
125 125
126 135
126 136
126 140
126 172
126 141
126 173
126 126
127 163
127 133
127 170
127 135
127 136
127 127
128 128
128 132
128 173
128 142
128 176
129 129
129 130
129 164
129 174
129 175
129 145
130 130
130 164
130 142
130 175
130 145
130 174
131 176
131 131
131 132
131 165
131 177
131 166
132 132
132 173
132 142
132 176
133 163
133 133
133 170
133 135
133 136
134 155
134 134
134 172
134 147
135 135
135 136
135 169
135 170
136 142
136 136
136 163
136 170
137 139
137 137
137 172
137 158
137 151
137 159
138 160
138 156
138 138
138 157
139 161
139 139
140 171
140 169
140 140
140 141
140 180
140 143
141 171
141 166
141 169
141 141
141 180
141 143
142 142
142 176
142 179
143 171
143 158
143 151
143 169
143 143
143 159
144 144
144 167
144 168
144 174
144 175
145 145
145 146
146 166
146 146
146 180
147 148
147 172
147 147
148 162
148 168
148 152
148 148
149 164
149 165
149 149
149 150
149 180
149 166
150 164
150 166
150 177
150 180
150 150
150 165
151 151
151 159
151 158
152 164
152 152
153 180
153 153
154 154
155 160
155 164
155 177
155 155
156 157
156 156
157 162
157 157
158 158
158 159
159 159
160 160
161 161
161 178
162 162
162 167
163 163
163 164
163 177
163 170
164 164
164 165
164 177
165 166
165 177
165 165
166 166
166 180
167 167
167 168
167 174
167 175
168 174
168 168
169 171
169 169
170 170
171 171
171 180
172 172
173 173
173 176
173 178
174 174
174 175
175 175
176 176
177 177
178 178
179 179
180 180
