1 128
1 1
1 131
1 4
1 161
1 107
1 173
1 176
1 88
1 132
1 90
1 123
2 112
2 33
2 2
2 110
2 23
2 56
2 137
2 151
2 108
2 158
2 159
3 128
3 129
3 130
3 3
3 118
3 24
3 107
3 123
3 125
3 142
3 173
4 67
4 4
4 97
4 103
4 12
4 173
4 49
4 178
4 107
4 132
4 123
5 68
5 147
5 84
5 5
5 6
5 7
5 73
5 154
5 11
5 12
5 89
6 35
6 6
6 7
6 138
6 11
6 80
6 116
6 22
6 56
6 89
6 154
6 124
6 157
7 68
7 27
7 84
7 7
7 56
7 73
7 154
7 11
7 89
8 96
8 162
8 134
8 167
8 8
8 10
8 44
8 168
8 116
8 54
8 55
8 121
8 26
8 106
9 104
9 41
9 45
9 46
9 13
9 16
9 113
9 51
9 52
9 53
9 9
9 152
9 57
9 60
10 96
10 98
10 177
10 104
10 10
10 55
10 174
10 54
10 153
10 121
10 26
10 119
11 137
11 11
11 110
11 80
11 17
11 20
11 56
11 89
11 157
12 97
12 98
12 67
12 38
12 103
12 73
12 12
12 173
12 178
12 84
12 24
12 68
13 179
13 101
13 39
13 45
13 46
13 13
13 16
13 51
13 53
13 152
13 58
13 59
13 95
14 96
14 32
14 34
14 169
14 57
14 43
14 44
14 14
14 111
14 117
14 153
14 121
14 28
15 162
15 35
15 36
15 37
15 38
15 39
15 105
15 42
15 139
15 15
15 27
15 49
15 67
15 148
15 17
15 47
15 29
15 30
16 129
16 164
16 51
16 41
16 46
16 45
16 16
16 179
16 52
16 149
16 150
16 152
16 53
17 161
17 35
17 49
17 134
17 97
17 105
17 42
17 139
17 17
17 147
17 116
17 148
17 27
17 29
17 30
18 160
18 65
18 163
18 69
18 72
18 64
18 138
18 127
18 61
18 81
18 18
18 85
18 86
18 87
18 22
18 155
18 156
18 170
18 21
19 161
19 34
19 100
19 102
19 40
19 146
19 145
19 50
19 19
19 25
19 122
19 28
20 167
20 168
20 137
20 110
20 47
20 80
20 82
20 115
20 116
20 78
20 56
20 20
20 79
20 157
21 160
21 65
21 99
21 138
21 81
21 163
21 85
21 22
21 87
21 155
21 156
21 21
22 160
22 65
22 71
22 105
22 138
22 79
22 83
22 22
22 154
22 156
22 157
22 62
22 31
23 137
23 139
23 108
23 109
23 110
23 143
23 112
23 114
23 172
23 158
23 23
23 159
23 151
23 30
23 63
24 128
24 97
24 67
24 132
24 103
24 107
24 172
24 173
24 142
24 176
24 178
24 24
24 123
25 32
25 129
25 130
25 102
25 104
25 43
25 146
25 145
25 50
25 149
25 40
25 25
25 26
25 28
25 93
26 131
26 104
26 28
26 43
26 40
26 180
26 54
26 55
26 26
26 60
26 52
27 97
27 148
27 35
27 37
27 38
27 49
27 161
27 42
27 29
27 147
27 139
27 105
27 116
27 27
27 106
27 30
28 161
28 139
28 40
28 169
28 43
28 76
28 49
28 50
28 28
28 30
29 79
29 162
29 101
29 38
29 39
29 105
29 42
29 45
29 78
29 51
29 116
29 119
29 152
29 148
29 29
29 37
30 161
30 43
30 36
30 49
30 40
30 42
30 139
30 176
30 147
30 30
31 33
31 147
31 118
31 134
31 71
31 172
31 177
31 83
31 116
31 155
31 126
31 31
32 32
32 34
32 41
32 179
32 52
32 57
32 153
32 58
32 59
32 60
33 33
33 100
33 134
33 137
33 172
33 110
33 108
33 147
33 116
33 117
33 118
33 155
33 126
34 34
34 135
34 136
34 169
34 44
34 40
34 52
34 57
34 41
34 120
34 121
34 60
34 153
35 162
35 35
35 36
35 37
35 39
35 168
35 103
35 42
35 107
35 173
35 82
35 123
35 119
35 38
36 162
36 36
36 37
36 38
36 39
36 40
36 43
36 139
36 56
37 97
37 162
37 37
37 38
37 39
37 43
37 67
37 139
37 154
38 97
38 162
38 38
38 39
38 43
38 178
38 139
39 65
39 162
39 39
39 45
39 48
39 83
39 70
39 62
39 51
40 161
40 43
40 166
40 40
40 139
40 88
41 64
41 102
41 41
41 170
41 179
41 52
41 53
41 153
41 57
41 58
41 59
41 60
42 161
42 134
42 49
42 105
42 42
42 103
42 147
42 116
43 161
43 43
43 139
43 140
43 141
43 90
44 96
44 44
44 106
44 139
44 108
44 109
44 111
44 112
44 114
44 117
44 54
44 55
44 121
45 162
45 101
45 74
45 45
45 46
45 81
45 51
45 148
45 53
45 152
46 149
46 64
46 164
46 179
46 104
46 46
46 51
46 52
46 53
46 152
46 59
46 101
47 48
47 167
47 168
47 137
47 106
47 47
47 144
47 82
47 115
47 119
48 48
48 99
48 167
48 168
48 74
48 175
48 174
48 79
48 144
48 113
48 82
48 115
48 78
48 119
48 153
48 124
48 95
49 161
49 49
49 172
49 139
49 108
49 77
49 114
49 147
49 100
50 130
50 100
50 165
50 102
50 135
50 136
50 146
50 145
50 50
50 122
51 162
51 69
51 175
51 81
51 125
51 51
51 53
51 86
51 152
51 58
51 59
51 85
51 101
52 57
52 130
52 179
52 52
52 149
52 150
52 180
52 59
52 60
52 58
53 160
53 101
53 71
53 53
53 152
54 96
54 167
54 106
54 119
54 174
54 144
54 168
54 148
54 54
54 55
54 121
55 96
55 167
55 105
55 106
55 119
55 109
55 144
55 168
55 55
55 121
56 137
56 110
56 80
56 147
56 56
56 89
57 145
57 179
57 153
57 57
57 58
57 59
57 60
58 179
58 72
58 104
58 58
58 59
58 60
58 127
59 163
59 179
59 59
59 60
59 127
60 129
60 145
60 179
60 60
61 64
61 65
61 163
61 133
61 72
61 170
61 179
61 85
61 87
61 61
61 127
62 160
62 69
62 70
62 71
62 138
62 83
62 87
62 154
62 86
62 62
63 161
63 171
63 75
63 140
63 141
63 143
63 158
63 151
63 159
63 94
63 63
64 64
64 65
64 163
64 72
64 170
64 179
64 85
64 87
64 127
65 65
65 69
65 72
65 138
65 160
65 170
65 87
65 155
65 156
65 85
66 161
66 66
66 166
66 140
66 77
66 143
66 88
66 89
66 90
66 91
66 92
66 94
67 97
67 98
67 67
67 103
67 73
67 107
67 173
67 178
67 84
67 118
67 68
67 123
68 97
68 98
68 68
68 70
68 73
68 178
68 116
68 84
69 160
69 83
69 69
69 70
69 71
69 138
69 86
69 87
70 160
70 98
70 70
70 71
70 83
70 84
70 86
70 87
70 148
70 154
71 160
71 71
71 83
71 87
71 154
71 86
72 163
72 170
72 85
72 87
72 72
72 127
73 97
73 73
73 178
73 84
73 116
73 154
73 124
73 125
74 99
74 133
74 102
74 113
74 74
74 78
74 79
74 81
74 85
74 156
74 95
75 161
75 171
75 169
75 75
75 76
75 141
75 143
75 108
75 114
75 180
75 117
75 111
75 140
76 171
76 169
76 140
76 141
76 143
76 76
76 114
76 180
76 117
76 150
76 111
76 149
77 77
77 110
77 143
77 94
77 151
77 88
77 89
77 90
77 91
77 92
77 158
77 159
78 80
78 99
78 124
78 138
78 78
78 81
78 82
78 157
78 79
78 156
79 80
79 99
79 138
79 79
79 81
79 82
79 115
79 157
79 156
80 80
80 110
80 137
80 116
80 157
81 99
81 163
81 113
81 81
81 127
81 156
81 85
81 95
82 144
82 99
82 167
82 168
82 105
82 115
82 82
82 119
82 157
83 160
83 138
83 86
83 175
83 83
83 154
83 124
83 125
84 97
84 98
84 178
84 116
84 84
84 154
84 125
85 99
85 101
85 160
85 87
85 113
85 138
85 170
85 127
85 163
85 155
85 156
85 85
86 87
86 160
86 138
86 86
87 170
87 160
87 87
87 101
88 131
88 165
88 166
88 177
88 88
88 90
88 91
88 92
88 93
88 94
89 172
89 110
89 89
89 90
89 94
90 91
90 166
90 90
90 92
90 94
91 100
91 165
91 166
91 140
91 141
91 91
91 92
91 93
91 94
92 100
92 165
92 166
92 140
92 141
92 150
92 153
92 92
92 93
92 94
93 131
93 164
93 165
93 166
93 177
93 146
93 150
93 93
94 166
94 151
94 140
94 141
94 159
94 158
94 153
94 143
94 94
95 144
95 102
95 113
95 104
95 145
95 174
95 175
95 152
95 95
96 96
96 118
96 172
96 109
96 114
96 153
96 121
96 106
97 128
97 97
97 98
97 103
97 107
97 173
97 178
97 123
98 98
98 103
98 107
98 162
98 173
98 153
99 162
99 99
99 138
99 157
99 156
100 171
100 100
100 161
100 136
100 169
100 135
100 172
100 146
100 118
100 120
100 122
100 126
101 164
101 101
101 142
101 105
101 174
101 177
101 148
101 152
101 116
101 155
102 136
102 164
102 102
102 135
102 104
102 146
102 145
102 113
102 122
103 128
103 103
103 107
103 173
103 176
103 178
103 132
103 123
104 129
104 130
104 113
104 104
104 175
104 145
104 146
104 174
104 153
105 147
105 134
105 167
105 105
105 157
105 115
105 116
105 148
106 112
106 115
106 134
106 167
106 168
106 108
106 106
106 151
106 109
106 119
106 144
106 114
106 147
107 123
107 128
107 107
107 173
107 142
107 176
107 178
107 132
108 108
108 109
108 111
108 112
108 114
108 117
108 118
108 151
108 158
108 159
109 168
109 109
109 111
109 112
109 114
109 117
109 118
109 121
109 158
109 159
110 112
110 137
110 110
110 151
110 158
110 159
111 161
111 112
111 169
111 171
111 111
111 141
111 114
111 117
111 140
112 137
112 151
112 112
112 114
112 117
112 118
112 158
112 159
113 163
113 133
113 113
113 145
113 146
113 127
114 114
114 121
114 117
114 169
114 158
114 159
115 144
115 167
115 168
115 174
115 115
115 119
116 148
116 172
116 147
116 118
116 116
116 134
117 171
117 169
117 117
117 121
118 126
118 134
118 172
118 147
118 118
118 120
118 155
118 158
119 144
119 168
119 119
120 120
120 133
120 135
120 136
120 122
120 170
120 126
120 127
121 139
121 153
121 121
122 135
122 136
122 146
122 145
122 149
122 150
122 122
122 126
123 123
123 128
123 173
123 142
123 176
123 178
123 132
124 129
124 130
124 167
124 174
124 175
124 148
124 124
124 125
125 129
125 130
125 167
125 174
125 175
125 178
125 125
126 133
126 166
126 135
126 136
126 172
126 132
126 126
127 163
127 133
127 170
127 135
127 136
127 127
128 128
128 132
128 173
128 142
128 176
128 178
128 139
129 129
129 130
129 174
129 175
129 145
129 146
130 130
130 146
130 142
130 175
130 145
131 131
131 132
131 165
131 166
131 135
131 176
131 177
131 164
131 155
132 161
132 173
132 142
132 176
132 177
132 132
133 163
133 164
133 133
133 135
133 136
133 170
133 152
134 134
134 172
134 147
134 148
134 155
135 135
135 136
135 170
135 149
136 165
136 136
136 170
137 137
137 151
137 158
137 159
138 160
138 162
138 156
138 138
138 154
138 157
139 161
139 139
139 159
140 166
140 140
140 141
140 180
140 171
140 169
140 143
141 166
141 169
141 171
141 141
141 180
141 149
141 143
142 176
142 173
142 142
143 161
143 171
143 169
143 158
143 143
143 159
144 144
144 167
144 168
144 174
144 148
145 145
145 146
146 146
147 172
147 147
147 148
148 152
148 148
149 169
149 171
149 180
149 149
149 150
150 164
150 165
150 166
150 171
150 150
150 180
151 151
151 172
151 158
151 159
152 152
153 165
153 153
154 154
155 164
155 172
155 177
155 155
156 162
156 157
156 156
157 157
158 158
158 159
159 159
160 160
161 172
161 161
162 162
163 163
163 170
164 165
164 164
164 177
164 166
165 165
165 166
165 177
166 166
166 177
167 167
167 174
167 168
167 175
168 168
169 171
169 180
169 169
170 170
171 171
171 180
172 172
173 173
173 176
173 178
174 174
174 175
175 175
176 176
176 178
177 177
178 178
179 179
180 180
