1 128
1 1
1 66
1 131
1 4
1 39
1 132
1 77
1 176
1 147
1 89
1 90
2 2
2 35
2 168
2 137
2 151
2 159
2 77
2 110
2 112
2 116
2 158
2 23
2 89
2 63
2 94
2 31
3 96
3 128
3 3
3 132
3 103
3 107
3 173
3 142
3 176
3 150
3 24
3 123
4 131
4 4
4 5
4 7
4 107
4 173
4 59
4 178
4 51
4 89
4 132
4 58
4 123
5 32
5 68
5 5
5 6
5 7
5 73
5 11
5 12
5 46
5 178
5 22
5 154
5 31
6 6
6 7
6 11
6 78
6 79
6 80
6 46
6 56
6 57
6 154
6 60
6 157
7 65
7 7
7 73
7 11
7 12
7 46
7 80
7 22
7 56
7 154
7 155
8 96
8 8
8 98
8 106
8 54
8 55
8 168
8 10
8 119
8 44
8 26
9 32
9 16
9 34
9 179
9 41
9 11
9 13
9 46
9 80
9 51
9 52
9 53
9 9
9 152
9 57
9 58
9 59
9 60
10 96
10 106
10 55
10 44
10 177
10 54
10 119
10 152
10 121
10 26
10 155
10 10
11 11
11 78
11 79
11 80
11 20
11 56
11 89
11 58
11 157
12 97
12 67
12 68
12 73
12 103
12 12
12 173
12 14
12 178
12 84
12 24
13 115
13 101
13 45
13 46
13 13
13 16
13 56
13 51
13 53
13 152
13 179
13 59
13 58
14 128
14 32
14 133
14 138
14 14
14 145
14 146
14 83
14 21
14 153
14 25
14 96
14 34
14 169
14 44
14 176
14 52
14 121
14 57
14 123
14 60
15 162
15 35
15 36
15 37
15 38
15 39
15 105
15 42
15 139
15 77
15 15
15 49
15 17
15 27
15 29
15 30
16 16
16 164
16 179
16 46
16 45
16 176
16 51
16 52
16 149
16 150
16 152
16 180
16 60
17 162
17 35
17 17
17 134
17 39
17 105
17 42
17 77
17 49
17 147
17 116
17 148
17 27
17 29
17 30
18 160
18 65
18 163
18 164
18 69
18 71
18 72
18 138
18 86
18 81
18 18
18 83
18 85
18 22
18 87
18 127
18 156
18 61
18 62
18 21
19 161
19 130
19 100
19 102
19 145
19 40
19 76
19 146
19 49
19 50
19 19
19 88
19 25
19 122
19 28
20 80
20 167
20 168
20 137
20 45
20 110
20 47
20 144
20 82
20 115
20 20
20 56
20 157
21 160
21 65
21 163
21 69
21 64
21 170
21 61
21 81
21 85
21 22
21 87
21 127
21 156
21 138
21 21
22 160
22 65
22 34
22 99
22 138
22 83
22 22
22 154
22 157
22 62
22 85
23 37
23 38
23 77
23 137
23 23
23 109
23 110
23 143
23 112
23 158
23 151
23 159
23 94
23 63
24 128
24 97
24 67
24 132
24 103
24 107
24 173
24 142
24 176
24 178
24 24
24 121
24 123
24 125
25 129
25 102
25 145
25 40
25 43
25 50
25 104
25 146
25 25
25 26
25 28
26 104
26 41
26 43
26 174
26 40
26 53
26 54
26 55
26 26
26 93
27 66
27 139
27 94
27 147
27 148
27 27
27 29
27 158
27 161
27 162
27 35
27 37
27 38
27 39
27 105
27 42
27 112
27 49
27 116
27 30
28 161
28 130
28 43
28 36
28 40
28 75
28 141
28 50
28 139
28 28
28 30
29 162
29 35
29 101
29 39
29 105
29 106
29 45
29 51
29 116
29 152
29 148
29 29
30 161
30 35
30 36
30 37
30 38
30 49
30 42
30 139
30 43
30 151
30 30
30 63
31 33
31 164
31 134
31 172
31 109
31 110
31 112
31 177
31 147
31 118
31 155
31 126
31 31
32 57
32 32
32 34
32 78
32 79
32 179
32 52
32 53
32 41
32 153
32 58
32 59
32 60
33 128
33 33
33 155
33 134
33 172
33 77
33 147
33 116
33 117
33 118
33 120
33 126
33 63
34 65
34 34
34 132
34 121
34 41
34 73
34 81
34 178
34 52
34 53
34 153
34 57
34 154
34 60
35 35
35 37
35 38
35 39
35 137
35 162
36 96
36 162
36 43
36 36
36 37
36 38
36 39
36 40
36 139
37 162
37 37
37 38
37 39
37 43
37 112
37 139
37 159
38 162
38 38
38 39
38 43
38 139
39 162
39 39
39 45
40 139
40 166
40 40
40 169
40 43
40 76
40 146
40 104
40 50
41 41
41 179
41 52
41 53
41 153
41 57
41 59
41 60
41 58
42 161
42 100
42 49
42 42
42 139
42 172
42 109
42 147
42 116
43 161
43 43
43 92
43 139
43 111
43 121
43 91
43 90
44 96
44 100
44 169
44 75
44 108
44 109
44 44
44 114
44 117
44 55
44 121
44 111
45 101
45 105
45 45
45 46
45 82
45 51
45 54
45 152
45 148
46 51
46 164
46 46
46 179
46 52
46 149
46 152
46 58
46 59
46 101
47 144
47 51
47 167
47 168
47 137
47 106
47 110
47 47
47 48
47 82
47 115
47 119
48 144
48 99
48 167
48 74
48 174
48 175
48 48
48 115
48 78
48 57
48 79
48 124
48 157
48 95
49 161
49 100
49 49
49 108
49 139
49 172
49 114
49 147
50 161
50 130
50 100
50 102
50 146
50 145
50 50
50 121
50 122
51 58
51 101
51 82
51 51
51 53
51 152
51 179
51 59
52 99
52 57
52 60
52 174
52 179
52 52
52 154
52 180
52 58
52 156
52 53
52 149
53 179
53 53
53 56
53 57
53 60
53 153
54 96
54 101
54 167
54 168
54 106
54 55
54 144
54 115
54 54
54 119
55 96
55 168
55 106
55 55
55 109
55 148
55 119
55 121
56 155
56 78
56 110
56 79
56 80
56 82
56 56
56 89
56 59
56 157
57 179
57 153
57 57
57 58
57 59
57 60
57 157
58 179
58 58
58 59
58 60
59 179
59 167
59 144
59 152
59 59
59 60
60 179
60 153
60 60
61 64
61 163
61 165
61 135
61 136
61 170
61 72
61 87
61 127
61 61
61 69
62 160
62 65
62 68
62 69
62 70
62 71
62 138
62 83
62 84
62 87
62 121
62 154
62 86
62 62
63 140
63 141
63 143
63 112
63 118
63 151
63 159
63 158
63 63
64 64
64 163
64 165
64 135
64 136
64 170
64 72
64 180
64 86
64 87
64 122
64 127
64 69
65 160
65 65
65 138
65 154
65 156
65 85
66 66
66 137
66 77
66 110
66 151
66 88
66 89
66 90
66 91
66 92
66 94
67 97
67 98
67 67
67 68
67 103
67 73
67 107
67 173
67 178
67 84
67 121
67 123
68 97
68 98
68 68
68 70
68 71
68 73
68 178
68 84
68 121
69 160
69 98
69 69
69 70
69 71
69 72
69 170
69 86
69 87
69 149
70 160
70 98
70 70
70 71
70 83
70 84
70 149
70 86
70 87
71 160
71 98
71 71
71 83
71 84
71 149
71 86
71 87
71 164
72 163
72 86
72 87
72 72
72 170
72 127
72 93
73 73
73 178
73 83
73 84
73 154
73 124
73 125
74 99
74 164
74 133
74 102
74 113
74 74
74 78
74 79
74 81
74 174
74 156
74 157
74 95
75 171
75 108
75 75
75 76
75 141
75 114
75 180
75 117
75 169
75 111
75 140
75 143
76 135
76 108
76 171
76 76
76 141
76 111
76 140
76 180
76 117
76 150
76 169
76 120
76 122
76 143
77 134
77 137
77 110
77 77
77 158
77 89
77 90
77 94
77 159
78 80
78 99
78 78
78 79
78 81
78 85
78 156
78 157
79 80
79 99
79 79
79 81
79 157
79 156
79 138
80 99
80 80
80 82
80 179
80 157
81 99
81 133
81 113
81 81
81 85
81 95
81 156
82 144
82 115
82 167
82 168
82 137
82 82
82 119
83 160
83 86
83 138
83 175
83 83
83 85
83 154
83 124
83 125
84 97
84 98
84 84
84 121
84 154
85 160
85 99
85 164
85 163
85 138
85 127
85 156
85 85
86 160
86 98
86 149
86 86
86 87
87 160
87 163
87 170
87 150
87 87
88 131
88 164
88 165
88 166
88 140
88 141
88 177
88 88
88 90
88 91
88 92
88 93
89 137
89 110
89 116
89 89
89 90
89 94
90 131
90 166
90 143
90 90
90 91
90 92
90 94
91 131
91 165
91 166
91 140
91 141
91 143
91 91
91 92
91 93
91 94
92 131
92 165
92 166
92 140
92 141
92 143
92 177
92 92
92 93
92 94
93 129
93 164
93 165
93 166
93 177
93 149
93 150
93 93
94 137
94 151
94 110
94 158
94 94
94 159
95 99
95 102
95 113
95 145
95 174
95 175
95 146
95 149
95 104
95 124
95 95
96 96
96 161
96 139
96 142
96 114
96 121
96 117
97 128
97 97
97 98
97 103
97 107
97 173
97 176
97 178
97 121
97 132
97 123
98 98
98 169
98 103
98 164
98 153
99 99
99 157
99 113
99 156
99 138
100 161
100 131
100 100
100 134
100 135
100 136
100 172
100 141
100 111
100 118
100 120
100 122
100 140
100 126
101 116
101 164
101 101
101 134
101 168
101 105
101 148
101 119
101 152
101 132
101 155
102 145
102 180
102 102
102 113
102 104
102 146
103 128
103 132
103 103
103 107
103 173
103 142
103 176
103 178
103 121
103 123
104 129
104 174
104 175
104 145
104 146
104 150
104 124
104 104
105 134
105 105
105 110
105 147
105 116
105 148
106 144
106 162
106 167
106 168
106 119
106 108
106 109
106 112
106 114
106 115
106 148
106 106
107 128
107 107
107 173
107 142
107 176
107 178
107 121
107 132
107 123
108 139
108 169
108 108
108 109
108 112
108 114
108 117
108 151
108 111
108 143
108 158
109 159
109 172
109 109
109 111
109 112
109 114
109 119
109 117
109 158
110 137
110 162
110 159
110 110
110 158
111 169
111 171
111 111
111 141
111 114
111 117
111 121
111 140
112 168
112 151
112 112
112 114
112 117
112 137
112 159
112 158
113 163
113 133
113 113
113 145
113 177
113 146
113 127
113 156
114 169
114 114
114 117
114 151
114 121
114 143
115 144
115 167
115 168
115 137
115 115
115 119
116 134
116 148
116 172
116 147
116 116
116 118
117 171
117 169
117 117
117 121
118 155
118 134
118 135
118 172
118 147
118 118
118 120
118 126
119 119
119 144
119 168
120 133
120 135
120 136
120 170
120 172
120 120
120 122
120 126
120 127
121 153
121 173
121 121
121 127
122 135
122 136
122 170
122 146
122 145
122 122
122 126
122 127
123 128
123 173
123 142
123 176
123 178
123 132
123 123
124 129
124 130
124 174
124 175
124 155
124 124
124 125
125 129
125 130
125 149
125 175
125 178
125 174
125 125
126 133
126 135
126 136
126 169
126 171
126 172
126 142
126 155
126 126
127 133
127 163
127 165
127 135
127 170
127 136
127 127
128 128
128 132
128 173
128 176
128 178
128 142
129 129
129 130
129 146
129 145
129 175
129 174
130 165
130 130
130 145
130 175
130 146
131 132
131 131
131 166
131 177
132 173
132 142
132 176
132 178
132 132
133 165
133 163
133 133
133 136
133 135
133 149
133 170
134 134
134 172
134 147
134 148
134 155
134 158
135 135
135 136
135 172
135 170
136 163
136 136
136 170
136 171
137 137
137 158
137 159
138 160
138 138
138 154
138 156
139 161
139 139
140 171
140 166
140 169
140 140
140 141
140 151
140 143
141 151
141 171
141 166
141 141
141 180
141 169
141 143
142 173
142 142
142 176
143 161
143 151
143 171
143 166
143 143
143 159
143 158
144 144
144 167
144 168
144 174
145 145
145 146
146 146
147 172
147 147
147 148
147 158
148 152
148 148
149 165
149 164
149 169
149 171
149 175
149 149
149 180
149 150
150 164
150 165
150 169
150 171
150 163
150 180
150 150
151 151
151 158
151 159
152 152
153 153
153 158
154 154
155 164
155 172
155 177
155 155
156 157
156 156
157 157
158 159
158 158
159 159
160 160
160 164
161 161
162 162
163 163
163 170
164 164
164 165
164 177
165 165
165 166
165 177
166 166
166 177
167 167
167 168
167 174
168 168
169 171
169 180
169 169
170 170
170 180
171 171
171 180
172 172
173 173
173 176
173 178
174 174
174 175
175 175
176 178
176 176
177 177
178 178
179 179
180 180
