1 176
1 1
1 66
1 131
1 132
1 89
1 17
1 4
1 90
1 77
1 128
2 2
2 101
2 137
2 109
2 110
2 112
2 82
2 51
2 23
2 56
2 58
2 59
2 158
2 159
3 128
3 123
3 130
3 3
3 149
3 24
3 176
3 107
3 125
3 142
3 173
4 128
4 66
4 131
4 4
4 134
4 103
4 105
4 107
4 77
4 173
4 176
4 179
4 89
4 132
4 123
5 97
5 67
5 68
5 5
5 6
5 7
5 73
5 11
5 12
5 16
5 84
5 56
5 154
6 32
6 6
6 7
6 73
6 11
6 80
6 20
6 22
6 56
6 154
6 157
7 32
7 68
7 7
7 73
7 11
7 12
7 16
7 84
7 56
7 154
8 144
8 8
8 106
8 54
8 55
8 168
8 96
8 10
8 167
8 60
8 26
9 32
9 16
9 179
9 9
9 13
9 46
9 45
9 176
9 51
9 52
9 149
9 41
9 152
9 57
9 58
9 59
9 60
9 53
10 32
10 40
10 96
10 54
10 55
10 25
10 10
10 119
10 26
10 104
11 16
11 137
11 11
11 110
11 80
11 20
11 41
11 56
11 154
11 157
12 97
12 98
12 67
12 68
12 73
12 103
12 12
12 178
12 84
12 24
12 31
13 101
13 137
13 29
13 13
13 46
13 45
13 16
13 51
13 148
13 53
13 152
13 179
13 59
13 58
14 32
14 34
14 102
14 72
14 169
14 170
14 75
14 76
14 14
14 111
14 145
14 146
14 117
14 153
14 121
14 44
14 127
15 162
15 35
15 36
15 37
15 38
15 39
15 42
15 139
15 15
15 49
15 17
15 43
15 121
15 27
15 29
15 30
16 97
16 164
16 45
16 46
16 16
16 152
16 178
16 51
16 180
16 149
16 119
16 24
16 52
16 53
16 101
17 66
17 49
17 134
17 39
17 105
17 42
17 172
17 45
17 17
17 147
17 116
17 148
17 27
17 29
17 94
17 51
18 160
18 65
18 34
18 163
18 69
18 72
18 64
18 138
18 83
18 86
18 78
18 79
18 18
18 99
18 85
18 22
18 87
18 61
18 156
18 170
18 21
19 161
19 100
19 102
19 40
19 169
19 76
19 146
19 145
19 50
19 19
19 25
19 122
19 28
19 30
20 80
20 167
20 168
20 41
20 79
20 144
20 82
20 115
20 20
20 56
20 47
20 157
21 160
21 65
21 34
21 163
21 69
21 72
21 64
21 138
21 61
21 78
21 79
21 81
21 99
21 85
21 87
21 127
21 156
21 170
21 21
22 160
22 65
22 70
22 71
22 138
22 80
22 83
22 149
22 22
22 154
22 157
22 62
22 85
23 77
23 137
23 108
23 45
23 110
23 109
23 112
23 114
23 158
23 23
23 94
23 159
24 128
24 97
24 67
24 132
24 103
24 107
24 173
24 142
24 178
24 24
24 176
24 123
25 129
25 102
25 40
25 171
25 50
25 145
25 146
25 25
25 26
25 28
25 104
25 95
26 88
26 174
26 54
26 40
26 55
26 28
26 26
26 104
27 161
27 162
27 35
27 49
27 105
27 42
27 139
27 27
27 147
27 116
27 39
27 111
27 29
27 30
28 161
28 139
28 36
28 40
28 43
28 146
28 145
28 50
28 75
28 28
28 30
29 101
29 49
29 105
29 42
29 39
29 45
29 147
29 116
29 152
29 148
29 29
29 94
30 161
30 139
30 36
30 37
30 38
30 42
30 43
30 49
30 50
30 117
30 100
30 30
30 63
31 172
31 33
31 67
31 101
31 134
31 31
31 105
31 44
31 114
31 147
31 126
31 118
31 155
31 158
31 159
32 57
32 32
32 34
32 41
32 107
32 173
32 80
32 179
32 52
32 53
32 153
32 180
32 58
32 103
32 60
33 33
33 155
33 101
33 134
33 105
33 172
33 147
33 116
33 118
33 89
33 123
33 126
34 129
34 34
34 121
34 71
34 104
34 41
34 171
34 113
34 52
34 57
34 153
34 169
34 117
35 162
35 35
35 36
35 37
35 38
35 39
35 42
35 43
35 44
35 59
35 58
36 162
36 36
36 37
36 38
36 40
36 139
36 43
36 131
36 117
37 162
37 37
37 38
37 39
37 139
37 111
37 43
37 151
38 162
38 38
38 39
38 121
38 139
38 43
39 162
39 39
39 139
39 108
39 59
39 58
40 139
40 104
40 43
40 146
40 40
40 50
40 88
41 128
41 180
41 179
41 167
41 41
41 57
41 115
41 53
41 54
41 56
41 52
41 58
41 59
41 60
41 153
42 161
42 100
42 49
42 42
42 139
42 147
42 116
42 111
42 121
43 162
43 43
43 140
43 131
43 139
43 90
44 96
44 162
44 172
44 108
44 109
44 111
44 112
44 114
44 147
44 117
44 121
44 63
44 44
45 112
45 132
45 101
45 109
45 45
45 46
45 51
45 105
45 152
45 148
46 149
46 164
46 179
46 105
46 107
46 46
46 51
46 148
46 53
46 152
46 123
46 101
47 80
47 167
47 168
47 106
47 47
47 144
47 82
47 115
47 119
47 155
47 157
48 95
48 129
48 99
48 113
48 167
48 104
48 74
48 78
48 79
48 48
48 81
48 144
48 174
48 115
48 175
48 124
48 149
49 161
49 100
49 49
49 139
49 143
49 147
50 161
50 131
50 100
50 102
50 135
50 75
50 50
50 145
50 146
50 122
51 132
51 101
51 51
51 53
51 152
51 179
51 59
51 60
51 58
52 68
52 57
52 73
52 142
52 157
52 180
52 149
52 150
52 84
52 154
52 60
52 53
52 52
53 128
53 101
53 106
53 55
53 53
53 152
53 57
53 60
54 96
54 167
54 168
54 106
54 119
54 174
54 144
54 115
54 54
54 55
55 96
55 167
55 168
55 106
55 55
55 144
55 115
55 119
55 121
56 137
56 110
56 80
56 82
56 56
56 154
56 157
57 168
57 176
57 179
57 153
57 57
57 58
57 59
57 60
58 179
58 58
58 59
58 60
59 179
59 162
59 59
59 60
60 132
60 179
60 82
60 153
60 60
61 64
61 163
61 133
61 72
61 170
61 87
61 127
61 61
61 69
61 165
62 160
62 65
62 98
62 69
62 70
62 71
62 138
62 83
62 149
62 87
62 154
62 86
62 62
63 75
63 140
63 171
63 139
63 108
63 141
63 143
63 76
63 117
63 169
63 111
63 151
63 63
64 64
64 163
64 133
64 136
64 170
64 72
64 87
64 127
64 69
64 165
65 160
65 65
65 85
65 69
65 138
65 86
65 149
66 66
66 77
66 110
66 143
66 158
66 118
66 151
66 89
66 90
66 91
66 92
66 94
67 97
67 98
67 67
67 68
67 103
67 73
67 107
67 173
67 178
67 84
67 123
68 97
68 98
68 68
68 73
68 178
68 84
68 154
69 164
69 69
69 70
69 71
69 72
69 138
69 160
69 86
69 87
70 160
70 98
70 70
70 71
70 138
70 83
70 84
70 149
70 87
70 86
71 160
71 71
71 138
71 98
71 83
71 149
71 87
71 86
72 163
72 72
72 170
72 177
72 87
72 127
72 165
73 97
73 73
73 178
73 84
73 154
73 125
74 99
74 81
74 177
74 74
74 78
74 174
74 79
74 113
74 85
74 156
74 95
75 171
75 169
75 75
75 76
75 141
75 111
75 117
75 140
75 143
76 135
76 169
76 171
76 140
76 141
76 143
76 76
76 180
76 117
76 150
76 120
76 122
76 111
77 134
77 137
77 77
77 110
77 158
77 89
77 94
77 159
78 80
78 99
78 164
78 124
78 78
78 79
78 81
78 157
78 156
78 138
78 85
78 149
79 80
79 99
79 164
79 79
79 81
79 157
79 156
79 138
79 85
80 80
80 82
80 154
80 157
81 99
81 113
81 177
81 81
81 163
81 180
81 150
81 127
81 156
81 93
81 85
81 95
82 144
82 168
82 137
82 106
82 82
82 115
83 160
83 130
83 86
83 138
83 175
83 83
83 149
83 154
83 124
83 125
83 85
84 97
84 98
84 84
84 154
84 125
85 160
85 163
85 164
85 157
85 99
85 87
85 156
85 138
85 85
86 160
86 98
86 164
86 138
86 86
86 87
87 160
87 138
87 180
87 87
87 170
88 131
88 164
88 165
88 166
88 140
88 141
88 93
88 177
88 90
88 88
88 122
88 91
88 92
89 134
89 137
89 110
89 158
89 89
89 94
89 159
90 131
90 100
90 166
90 140
90 141
90 143
90 151
90 90
90 91
90 92
91 131
91 100
91 165
91 166
91 140
91 141
91 143
91 151
91 91
91 92
91 93
91 126
92 131
92 100
92 165
92 166
92 140
92 141
92 143
92 177
92 151
92 92
92 93
93 155
93 164
93 165
93 166
93 177
93 149
93 150
93 93
94 151
94 110
94 143
94 116
94 158
94 94
94 159
95 129
95 130
95 165
95 102
95 104
95 145
95 174
95 113
95 146
95 95
96 96
96 119
96 109
96 114
96 152
96 121
96 106
97 128
97 97
97 98
97 103
97 107
97 173
97 178
97 123
98 98
98 153
98 121
99 99
99 156
99 157
99 149
100 161
100 100
100 135
100 136
100 172
100 126
100 120
100 122
101 164
101 101
101 134
101 105
101 110
101 116
101 152
101 148
102 145
102 102
102 113
102 104
102 122
102 146
103 103
103 128
103 107
103 173
103 142
103 176
103 178
103 132
103 123
104 129
104 113
104 130
104 174
104 175
104 145
104 146
104 104
105 148
105 134
105 105
105 172
105 114
105 147
105 116
105 152
105 132
106 112
106 167
106 168
106 106
106 119
106 109
106 144
106 115
107 128
107 107
107 173
107 142
107 176
107 178
107 132
107 123
108 134
108 108
108 109
108 111
108 112
108 114
108 116
108 117
108 159
108 158
109 137
109 119
109 112
109 114
109 109
109 158
109 159
110 137
110 110
110 112
110 158
110 152
110 159
111 140
111 169
111 141
111 114
111 117
111 151
111 111
111 121
111 143
112 137
112 112
112 114
112 158
112 159
113 163
113 133
113 113
113 145
113 146
113 127
114 114
114 117
114 121
114 159
114 158
115 144
115 167
115 168
115 119
115 115
115 155
115 157
116 134
116 172
116 118
116 147
116 116
116 148
117 171
117 117
117 169
117 121
117 143
118 134
118 135
118 172
118 147
118 118
118 120
118 155
118 126
119 144
119 168
119 119
119 121
120 133
120 135
120 136
120 170
120 172
120 120
120 122
120 126
120 127
121 147
121 153
121 121
122 166
122 135
122 136
122 146
122 122
122 126
122 127
123 123
123 128
123 173
123 142
123 176
123 178
123 132
124 129
124 130
124 149
124 167
124 175
124 124
124 125
124 174
125 129
125 130
125 174
125 175
125 178
125 149
125 125
126 133
126 135
126 136
126 172
126 126
127 163
127 133
127 170
127 135
127 136
127 127
128 128
128 173
128 142
128 176
128 178
128 132
129 129
129 130
129 175
129 174
130 160
130 130
130 174
130 175
130 155
131 132
131 131
131 166
131 135
131 177
132 142
132 173
132 176
132 132
133 163
133 133
133 135
133 136
133 170
133 180
134 148
134 134
134 172
134 147
134 155
135 135
135 136
135 170
136 163
136 136
136 169
136 170
137 137
137 152
137 158
137 159
138 149
138 156
138 138
138 160
138 157
139 161
139 162
139 139
139 143
139 151
140 161
140 166
140 169
140 141
140 140
140 171
140 151
140 143
141 161
141 151
141 171
141 166
141 141
141 169
141 143
142 173
142 142
142 176
142 180
143 171
143 169
143 151
143 143
144 144
144 167
144 168
144 153
144 155
145 145
145 146
146 171
146 146
147 148
147 147
147 172
148 172
148 152
148 148
148 158
149 149
149 150
149 156
149 164
149 165
149 180
150 164
150 165
150 166
150 177
150 171
150 150
150 180
151 166
151 151
152 176
152 152
153 177
153 179
153 153
154 154
155 155
155 164
155 165
155 172
155 177
155 175
156 157
156 156
157 157
158 158
158 159
159 159
160 160
160 164
161 161
162 162
163 165
163 163
163 170
164 165
164 164
164 175
164 177
165 165
165 166
165 177
166 166
166 177
167 167
167 174
167 168
167 175
168 168
169 171
169 180
169 169
170 170
171 171
171 180
172 172
173 173
173 176
173 178
174 174
174 175
174 180
175 175
176 176
176 178
177 177
178 178
179 179
180 180
