1 128
1 1
1 131
1 4
1 103
1 107
1 173
1 46
1 176
1 178
1 132
1 123
2 144
2 2
2 179
2 168
2 9
2 106
2 23
2 109
2 66
2 110
2 77
2 112
2 82
2 115
2 158
2 137
2 89
2 94
2 159
3 128
3 33
3 3
3 132
3 103
3 107
3 173
3 142
3 176
3 150
3 24
3 123
4 128
4 131
4 132
4 5
4 103
4 107
4 12
4 173
4 178
4 52
4 4
4 123
5 67
5 68
5 5
5 6
5 7
5 73
5 12
5 14
5 178
5 84
5 154
6 65
6 34
6 6
6 7
6 11
6 78
6 79
6 80
6 56
6 154
6 157
7 65
7 164
7 7
7 73
7 11
7 83
7 22
7 56
7 154
7 62
8 167
8 8
8 41
8 10
8 174
8 144
8 168
8 54
8 55
8 153
8 26
8 106
9 32
9 66
9 179
9 41
9 34
9 46
9 13
9 16
9 51
9 52
9 53
9 89
9 9
9 152
9 57
9 60
9 153
10 96
10 177
10 168
10 41
10 106
10 55
10 144
10 53
10 54
10 119
10 57
10 26
10 10
11 80
11 65
11 164
11 56
11 20
11 11
11 157
11 78
11 79
12 97
12 98
12 67
12 68
12 103
12 73
12 12
12 164
12 180
12 178
12 84
12 24
12 124
12 125
13 179
13 101
13 13
13 46
13 45
13 16
13 51
13 53
13 152
13 58
13 59
13 158
13 159
14 32
14 65
14 34
14 132
14 169
14 44
14 14
14 175
14 156
14 52
14 57
14 22
14 41
14 121
14 154
14 124
14 60
14 95
15 162
15 35
15 36
15 37
15 38
15 39
15 42
15 139
15 15
15 49
15 17
15 43
15 151
15 27
15 29
15 30
16 144
16 164
16 179
16 41
16 57
16 46
16 16
16 51
16 180
16 149
16 152
16 52
16 60
16 165
17 162
17 131
17 101
17 49
17 91
17 105
17 42
17 45
17 17
17 114
17 116
17 152
17 148
17 27
17 29
18 160
18 64
18 163
18 69
18 71
18 72
18 138
18 61
18 81
18 18
18 180
18 85
18 22
18 87
18 127
18 86
18 170
18 62
18 21
19 161
19 100
19 102
19 104
19 171
19 50
19 145
19 146
19 19
19 25
19 122
19 28
20 80
20 164
20 167
20 168
20 137
20 110
20 47
20 144
20 82
20 115
20 20
20 56
20 157
21 160
21 64
21 99
21 69
21 72
21 138
21 61
21 81
21 163
21 180
21 85
21 22
21 87
21 127
21 156
21 170
21 21
22 160
22 65
22 138
22 83
22 22
22 154
22 156
22 62
22 85
23 66
23 137
23 106
23 77
23 110
23 109
23 112
23 82
23 158
23 23
23 89
23 58
23 59
23 94
23 159
24 128
24 97
24 130
24 132
24 103
24 107
24 173
24 142
24 176
24 178
24 67
24 24
24 121
24 123
24 125
25 161
25 130
25 102
25 129
25 104
25 171
25 146
25 145
25 50
25 40
25 25
25 26
25 28
26 40
26 174
26 54
26 177
26 28
26 26
26 104
26 175
27 161
27 139
27 49
27 105
27 42
27 43
27 147
27 148
27 116
27 27
27 28
27 29
27 30
27 63
28 161
28 130
28 43
28 129
28 40
28 75
28 139
28 50
28 28
28 30
29 162
29 101
29 38
29 49
29 105
29 42
29 139
29 45
29 114
29 116
29 148
29 39
29 152
29 29
29 30
30 161
30 139
30 36
30 37
30 40
30 42
30 43
30 44
30 49
30 50
30 111
30 30
31 33
31 133
31 134
31 135
31 169
31 172
31 177
31 176
31 76
31 118
31 120
31 155
31 126
31 31
32 32
32 34
32 41
32 47
32 179
32 180
32 149
32 153
32 57
32 58
32 59
32 60
32 53
32 52
33 33
33 133
33 134
33 135
33 171
33 172
33 118
33 120
33 155
33 126
34 80
34 34
34 121
34 41
34 48
34 52
34 53
34 57
34 60
34 157
35 162
35 35
35 36
35 37
35 38
35 39
35 59
35 51
35 119
35 58
35 91
35 92
36 162
36 36
36 37
36 38
36 39
36 40
36 43
36 140
36 139
37 162
37 37
37 38
37 39
37 40
37 43
37 108
37 139
37 90
37 143
38 43
38 162
38 38
38 39
38 90
38 139
39 162
39 39
39 45
39 51
39 119
39 152
39 59
40 161
40 130
40 139
40 129
40 40
40 43
40 121
40 88
41 144
41 41
41 179
41 52
41 149
41 153
41 57
41 58
41 59
41 60
41 53
42 161
42 49
42 105
42 42
42 139
42 140
42 141
42 147
42 116
42 148
43 139
43 43
43 44
43 166
44 96
44 169
44 75
44 76
44 44
44 108
44 114
44 172
44 117
44 119
44 121
44 111
45 101
45 45
45 46
45 109
45 51
45 148
45 119
45 152
46 164
46 51
46 137
46 55
46 77
46 46
46 82
46 179
46 52
46 149
46 152
46 58
46 59
46 53
47 164
47 167
47 168
47 137
47 106
47 110
47 47
47 144
47 82
47 115
47 56
48 99
48 113
48 177
48 74
48 167
48 78
48 79
48 48
48 81
48 174
48 156
48 157
48 95
49 161
49 49
49 105
49 139
49 147
49 116
49 63
50 161
50 100
50 102
50 50
50 145
50 146
50 88
50 122
51 112
51 101
51 51
51 53
51 152
51 179
51 59
51 58
52 167
52 57
52 179
52 52
52 150
52 180
52 60
52 149
53 164
53 106
53 94
53 53
53 152
53 57
53 60
53 153
54 144
54 168
54 115
54 54
54 55
54 57
54 106
54 167
55 96
55 112
55 168
55 55
55 109
55 144
55 119
55 58
55 106
56 65
56 164
56 78
56 79
56 80
56 56
56 157
57 179
57 168
57 115
57 153
57 57
57 58
57 59
57 60
57 149
58 179
58 153
58 58
58 59
58 60
59 162
59 131
59 179
59 59
59 60
59 159
60 144
60 110
60 179
60 153
60 60
60 149
61 64
61 163
61 69
61 135
61 136
61 170
61 72
61 87
61 120
61 121
61 61
61 127
62 160
62 69
62 70
62 71
62 138
62 83
62 180
62 87
62 154
62 86
62 62
63 75
63 140
63 108
63 171
63 139
63 76
63 141
63 111
63 114
63 117
63 169
63 151
63 143
63 63
64 64
64 163
64 69
64 135
64 136
64 170
64 72
64 87
64 120
64 121
64 127
65 80
65 65
65 154
65 138
65 157
66 158
66 89
66 137
66 159
66 94
66 66
66 110
66 77
67 97
67 98
67 67
67 68
67 103
67 73
67 107
67 173
67 178
67 84
67 121
67 123
67 125
68 97
68 98
68 68
68 70
68 71
68 73
68 83
68 84
68 121
68 154
69 160
69 98
69 69
69 70
69 71
69 72
69 138
69 177
69 83
69 86
69 87
70 160
70 98
70 70
70 71
70 83
70 84
70 86
70 87
70 121
70 154
71 160
71 98
71 71
71 83
71 84
71 86
71 87
71 121
71 154
71 165
72 163
72 87
72 72
72 121
72 170
72 127
73 97
73 73
73 175
73 178
73 83
73 180
73 84
73 154
73 124
74 81
74 99
74 165
74 113
74 74
74 95
74 156
74 157
74 78
74 79
75 171
75 108
75 75
75 76
75 141
75 111
75 140
75 180
75 117
75 150
75 169
75 121
75 155
76 171
76 100
76 118
76 169
76 76
76 141
76 142
76 111
76 140
76 180
76 117
76 150
76 151
77 158
77 137
77 89
77 159
77 94
77 110
77 77
78 80
78 99
78 113
78 177
78 78
78 79
78 81
78 85
78 157
78 156
78 138
79 80
79 99
79 81
79 79
79 177
79 85
79 157
79 156
79 138
80 99
80 167
80 80
80 157
81 99
81 133
81 102
81 113
81 81
81 163
81 180
81 127
81 156
81 85
81 95
82 112
82 168
82 137
82 106
82 110
82 144
82 82
82 115
82 158
82 159
83 160
83 138
83 86
83 175
83 83
83 84
83 180
83 154
83 124
84 97
84 98
84 84
84 121
84 154
85 99
85 85
85 177
85 138
85 156
86 160
86 98
86 138
86 86
86 87
86 165
87 160
87 163
87 138
87 170
87 150
87 87
88 131
88 165
88 166
88 141
88 177
88 150
88 151
88 88
88 90
88 91
88 92
88 93
89 137
89 110
89 94
89 89
89 90
89 91
89 92
89 158
89 159
90 131
90 140
90 141
90 143
90 177
90 116
90 151
90 90
90 91
90 92
90 93
90 134
90 166
91 162
91 166
91 140
91 141
91 143
91 131
91 151
91 91
91 92
91 94
92 166
92 140
92 141
92 143
92 151
92 92
92 94
93 130
93 164
93 165
93 166
93 177
93 104
93 171
93 113
93 149
93 150
93 93
94 158
94 137
94 110
94 179
94 94
94 159
95 99
95 102
95 113
95 104
95 145
95 174
95 146
95 180
95 95
96 96
96 98
96 108
96 119
96 109
96 111
96 114
96 116
96 117
96 121
97 128
97 97
97 98
97 103
97 107
97 173
97 176
97 178
97 121
97 164
97 123
97 125
98 98
98 153
99 99
99 177
99 113
99 157
99 156
99 138
100 161
100 100
100 134
100 135
100 136
100 172
100 146
100 147
100 118
100 122
101 164
101 101
101 105
101 109
101 116
101 152
101 148
102 102
102 113
102 145
102 146
102 150
102 122
102 104
103 123
103 128
103 107
103 173
103 176
103 178
103 121
103 132
103 103
104 129
104 130
104 104
104 174
104 175
104 145
104 146
104 124
105 134
105 105
105 108
105 147
105 116
105 148
106 144
106 167
106 106
106 109
106 112
106 168
106 115
106 119
107 123
107 128
107 107
107 173
107 142
107 176
107 178
107 121
107 132
108 119
108 140
108 141
108 111
108 112
108 108
108 109
108 117
108 151
108 114
108 143
109 143
109 112
109 114
109 119
109 109
109 158
109 159
110 168
110 137
110 110
110 158
110 159
111 171
111 143
111 169
111 141
111 111
111 114
111 147
111 117
111 151
111 121
111 140
112 114
112 137
112 143
112 112
112 152
112 119
112 158
112 159
113 133
113 113
113 145
113 146
113 163
113 180
113 127
113 156
114 114
114 119
114 140
114 148
114 117
114 141
114 151
114 143
115 167
115 168
115 137
115 144
115 115
116 147
116 134
116 140
116 172
116 116
116 151
116 148
117 171
117 134
117 169
117 117
117 121
118 134
118 135
118 136
118 172
118 118
118 120
118 122
118 155
118 126
119 144
119 119
119 121
120 155
120 133
120 135
120 136
120 170
120 172
120 120
120 121
120 122
120 126
120 127
121 129
121 128
121 145
121 146
121 135
121 169
121 170
121 173
121 176
121 136
121 121
121 123
121 127
122 134
122 135
122 136
122 170
122 171
122 172
122 146
122 145
122 122
122 126
122 127
123 123
123 132
123 128
123 173
123 142
123 176
123 178
124 129
124 130
124 174
124 175
124 178
124 124
124 125
125 130
125 129
125 174
125 175
125 178
125 150
125 125
126 155
126 133
126 135
126 136
126 172
126 180
126 126
126 127
127 163
127 133
127 170
127 135
127 136
127 127
128 128
128 132
128 173
128 142
128 176
128 178
128 155
129 129
129 130
129 174
129 175
129 146
130 130
130 175
131 131
131 166
131 177
131 142
131 176
131 132
132 173
132 176
132 142
132 132
133 163
133 133
133 136
133 170
133 135
133 142
133 155
134 134
134 135
134 136
134 172
134 147
134 155
135 163
135 135
135 136
135 170
135 172
136 163
136 136
136 170
136 172
137 144
137 179
137 158
137 137
137 159
138 160
138 138
138 177
138 154
138 156
139 139
139 141
140 151
140 171
140 166
140 140
140 141
140 169
140 143
141 151
141 166
141 141
141 171
141 169
141 143
142 173
142 142
142 176
142 150
143 166
143 151
143 153
143 143
143 158
144 144
144 167
144 168
145 145
145 146
145 174
146 146
147 147
147 161
147 172
148 152
148 148
149 176
149 180
149 164
149 165
149 149
149 150
150 164
150 165
150 169
150 171
150 163
150 150
150 180
151 166
151 151
152 152
152 158
153 166
153 179
153 153
154 154
155 172
155 177
155 155
156 177
156 157
156 156
157 157
158 158
158 159
159 159
160 160
160 177
161 161
161 166
162 162
163 163
163 170
164 164
164 165
164 177
164 167
165 166
165 171
165 177
165 165
166 166
166 177
167 167
167 174
167 168
168 168
169 171
169 180
169 169
170 170
171 171
171 180
172 172
173 173
173 176
173 178
174 174
174 175
174 180
175 175
175 178
176 176
176 178
177 177
178 178
178 180
179 179
180 180
