1 128
1 1
1 66
1 131
1 4
1 107
1 173
1 15
1 176
1 132
1 90
1 123
1 126
2 2
2 39
2 137
2 106
2 151
2 172
2 109
2 110
2 77
2 112
2 147
2 158
2 23
2 94
2 159
3 129
3 130
3 3
3 33
3 24
3 175
3 67
3 124
3 178
3 142
3 125
4 128
4 132
4 4
4 103
4 107
4 173
4 176
4 17
4 178
4 89
4 123
5 67
5 68
5 5
5 6
5 7
5 73
5 11
5 12
5 45
5 80
5 84
5 56
5 154
6 6
6 7
6 73
6 11
6 13
6 80
6 20
6 22
6 56
6 154
6 157
7 68
7 179
7 7
7 73
7 11
7 12
7 51
7 84
7 89
7 56
7 148
7 154
8 96
8 134
8 167
8 8
8 106
8 44
8 144
8 168
8 54
8 55
8 26
8 59
8 10
9 32
9 179
9 9
9 45
9 46
9 13
9 16
9 51
9 52
9 53
9 73
9 41
9 152
9 57
9 58
9 59
9 60
10 96
10 104
10 144
10 53
10 54
10 55
10 10
10 119
10 26
10 174
11 33
11 137
11 11
11 110
11 80
11 20
11 56
11 89
11 154
12 97
12 98
12 67
12 68
12 73
12 103
12 12
12 45
12 178
12 84
12 24
13 101
13 29
13 45
13 46
13 13
13 16
13 152
13 51
13 148
13 53
13 119
13 24
13 179
13 59
13 58
14 64
14 32
14 34
14 169
14 170
14 171
14 76
14 98
14 14
14 44
14 52
14 117
14 153
14 121
14 61
15 162
15 35
15 36
15 37
15 38
15 161
15 42
15 139
15 77
15 15
15 49
15 17
15 30
15 39
15 27
15 29
15 94
16 70
16 138
16 16
16 149
16 150
16 152
16 32
16 98
16 99
16 101
16 45
16 46
16 48
16 180
16 51
16 52
16 53
16 57
16 125
16 62
17 148
17 132
17 49
17 105
17 42
17 39
17 112
17 17
17 147
17 116
17 89
17 27
17 29
17 30
18 160
18 65
18 69
18 72
18 64
18 138
18 61
18 81
18 18
18 83
18 52
18 85
18 86
18 87
18 156
18 170
18 21
19 161
19 136
19 100
19 102
19 145
19 40
19 169
19 171
19 50
19 49
19 146
19 19
19 25
19 122
19 28
19 30
20 80
20 167
20 168
20 137
20 45
20 47
20 144
20 82
20 115
20 20
20 56
20 157
21 160
21 65
21 99
21 69
21 72
21 64
21 138
21 78
21 61
21 81
21 163
21 52
21 85
21 86
21 87
21 127
21 156
21 170
21 21
22 160
22 70
22 71
22 138
22 78
22 79
22 83
22 22
22 154
22 157
22 62
22 31
23 137
23 151
23 108
23 109
23 110
23 77
23 112
23 114
23 158
23 23
23 153
23 94
23 159
24 128
24 97
24 45
24 67
24 132
24 103
24 107
24 142
24 173
24 176
24 178
24 24
24 123
25 129
25 130
25 50
25 102
25 40
25 43
25 34
25 145
25 146
25 25
25 26
25 28
25 104
26 104
26 150
26 54
26 40
26 43
26 28
26 26
26 174
27 161
27 162
27 35
27 49
27 105
27 42
27 139
27 77
27 147
27 39
27 27
27 29
27 30
28 161
28 139
28 36
28 40
28 169
28 43
28 146
28 145
28 50
28 28
29 128
29 51
29 134
29 39
29 105
29 42
29 45
29 147
29 116
29 152
29 148
29 29
30 161
30 35
30 36
30 37
30 38
30 49
30 42
30 139
30 43
30 100
30 90
30 30
31 33
31 164
31 101
31 134
31 71
31 167
31 172
31 47
31 177
31 83
31 55
31 155
31 118
31 126
31 31
32 57
32 32
32 34
32 179
32 41
32 138
32 60
32 175
32 83
32 52
32 174
32 153
32 180
32 58
32 156
33 96
33 33
33 101
33 134
33 105
33 172
33 147
33 116
33 118
33 56
33 155
33 126
34 34
34 163
34 133
34 102
34 169
34 171
34 130
34 52
34 57
34 41
34 153
34 121
34 60
35 96
35 162
35 35
35 36
35 37
35 38
35 39
35 42
35 151
36 162
36 36
36 37
36 38
36 40
36 139
36 43
36 91
36 131
36 117
36 111
36 63
37 162
37 37
37 38
37 39
37 139
37 43
37 44
38 162
38 38
38 39
38 108
38 43
38 44
38 139
39 39
39 42
39 162
39 59
39 89
40 139
40 104
40 146
40 165
40 40
40 43
41 41
41 57
41 79
41 179
41 52
41 53
41 153
41 58
41 59
41 60
42 161
42 162
42 100
42 49
42 42
42 108
42 66
42 114
42 147
42 139
42 151
43 161
43 139
43 75
43 43
43 166
44 96
44 108
44 75
44 44
44 109
44 111
44 112
44 49
44 114
44 117
44 121
45 148
45 67
45 101
45 105
45 55
45 46
45 45
45 152
45 51
45 53
45 116
46 101
46 46
46 51
46 148
46 149
46 152
46 52
46 157
46 53
47 144
47 80
47 167
47 168
47 106
47 47
47 48
47 82
47 115
47 119
48 48
48 99
48 167
48 104
48 144
48 78
48 79
48 81
48 115
48 174
48 57
48 175
48 124
48 74
48 95
49 100
49 139
49 49
49 161
50 161
50 100
50 102
50 135
50 136
50 171
50 50
50 145
50 146
50 122
51 51
51 101
51 168
51 178
51 179
51 53
51 152
51 58
51 59
51 60
52 149
52 65
52 69
52 74
52 160
52 98
52 81
52 150
52 87
52 86
52 57
52 180
52 53
52 52
52 60
52 85
53 101
53 53
53 73
53 152
54 96
54 115
54 167
54 168
54 106
54 119
54 174
54 144
54 179
54 54
54 55
55 96
55 167
55 168
55 106
55 55
55 109
55 144
55 115
55 119
55 121
56 137
56 110
56 80
56 148
56 89
56 56
57 68
57 60
57 78
57 79
57 179
57 180
57 57
57 153
57 58
57 59
57 124
58 128
58 179
58 152
58 58
58 59
58 60
59 128
59 176
59 82
59 179
59 59
59 60
60 157
60 179
60 153
60 60
60 154
61 64
61 163
61 133
61 72
61 170
61 87
61 127
61 61
61 85
62 160
62 98
62 69
62 70
62 71
62 138
62 83
62 87
62 154
62 86
62 62
63 171
63 169
63 75
63 76
63 141
63 111
63 108
63 140
63 117
63 151
63 143
63 63
64 64
64 163
64 133
64 72
64 170
64 87
64 127
64 85
65 160
65 65
65 86
65 87
65 138
65 156
65 85
65 69
66 66
66 166
66 77
66 143
66 158
66 151
66 88
66 89
66 90
66 91
66 92
66 94
67 97
67 98
67 68
67 134
67 103
67 73
67 107
67 173
67 178
67 67
67 84
67 148
67 123
68 97
68 98
68 68
68 73
68 178
68 84
68 154
69 160
69 69
69 70
69 71
69 138
69 85
69 86
69 87
70 160
70 98
70 70
70 71
70 138
70 83
70 84
70 87
70 86
71 160
71 98
71 71
71 138
71 83
71 87
71 86
72 149
72 163
72 87
72 72
72 170
72 127
72 85
73 97
73 178
73 84
73 73
73 152
73 154
73 125
74 99
74 102
74 81
74 74
74 78
74 79
74 113
74 85
74 155
74 156
74 95
75 100
75 169
75 171
75 75
75 76
75 141
75 111
75 140
75 117
75 143
76 135
76 169
76 171
76 140
76 141
76 143
76 76
76 180
76 117
76 150
76 122
76 111
77 151
77 162
77 110
77 77
77 158
77 89
77 90
77 94
77 159
78 80
78 99
78 124
78 78
78 79
78 157
78 83
78 156
78 138
78 85
79 80
79 99
79 157
79 79
79 124
79 82
79 83
79 85
79 156
79 138
80 80
80 82
80 179
80 154
80 157
81 99
81 113
81 127
81 81
81 163
81 95
81 156
81 85
82 144
82 167
82 168
82 82
82 115
82 119
82 157
83 160
83 86
83 138
83 157
83 83
83 154
83 175
83 124
83 125
84 97
84 98
84 84
84 154
84 125
84 101
85 99
85 113
85 160
85 163
85 138
85 87
85 127
85 156
85 85
86 160
86 98
86 138
86 86
86 87
87 170
87 160
87 87
88 131
88 164
88 165
88 166
88 141
88 177
88 120
88 88
88 90
88 91
88 92
88 93
88 94
89 137
89 110
89 89
89 94
90 131
90 166
90 161
90 139
90 143
90 94
90 90
90 91
90 92
91 131
91 165
91 166
91 177
91 140
91 141
91 143
91 120
91 91
91 92
91 93
91 94
92 131
92 165
92 166
92 177
92 140
92 141
92 143
92 120
92 92
92 93
92 94
93 131
93 164
93 165
93 166
93 177
93 145
93 102
93 155
93 149
93 150
93 93
94 151
94 143
94 158
94 94
94 159
95 129
95 130
95 99
95 102
95 113
95 104
95 145
95 174
95 146
95 155
95 95
96 96
96 162
96 119
96 109
96 114
96 117
96 121
96 106
97 97
97 98
97 103
97 107
97 173
97 178
97 118
97 148
97 123
98 98
98 153
99 99
99 157
99 156
99 138
100 161
100 100
100 135
100 136
100 140
100 141
100 126
100 120
100 121
100 122
101 148
101 101
101 134
101 167
101 105
101 172
101 118
101 152
101 116
101 154
102 102
102 145
102 104
102 113
102 146
103 128
103 103
103 105
103 107
103 173
103 176
103 178
103 172
103 132
103 123
104 129
104 130
104 145
104 174
104 175
104 104
104 146
104 149
105 134
105 105
105 172
105 147
105 116
105 118
105 152
105 148
106 144
106 167
106 168
106 106
106 119
106 109
106 112
106 115
106 148
107 128
107 107
107 173
107 142
107 176
107 178
107 123
107 116
107 132
108 151
108 108
108 109
108 111
108 112
108 114
108 117
108 159
108 158
109 162
109 111
109 112
109 114
109 117
109 121
109 109
109 158
109 159
110 137
110 172
110 110
110 112
110 151
110 158
110 159
111 161
111 171
111 141
111 143
111 114
111 117
111 169
111 111
111 121
111 140
111 126
112 137
112 151
112 112
112 114
112 158
112 159
113 149
113 146
113 163
113 113
113 145
113 127
114 151
114 114
114 117
114 121
114 158
114 159
115 144
115 115
115 167
115 168
115 119
115 179
115 157
116 134
116 172
116 173
116 147
116 116
116 118
116 148
117 117
117 169
117 121
118 134
118 172
118 147
118 118
118 120
118 155
118 126
119 168
119 119
119 144
120 133
120 135
120 136
120 170
120 172
120 120
120 122
120 126
120 127
121 153
121 121
122 133
122 135
122 136
122 169
122 170
122 146
122 122
122 126
122 127
123 123
123 128
123 173
123 142
123 176
123 178
123 179
123 132
124 129
124 130
124 167
124 174
124 175
124 124
124 125
125 129
125 130
125 174
125 175
125 142
125 154
125 125
126 134
126 136
126 135
126 172
126 143
126 132
126 126
127 163
127 133
127 177
127 170
127 135
127 136
127 127
128 128
128 173
128 142
128 176
128 178
128 132
129 129
129 130
129 174
129 175
129 145
129 149
130 130
130 174
130 175
130 180
130 142
131 131
131 165
131 166
131 136
131 164
131 177
131 155
131 132
132 173
132 176
132 132
133 163
133 133
133 135
133 136
133 170
133 150
133 165
134 134
134 172
134 147
134 148
135 166
135 135
135 136
135 170
136 136
136 169
136 170
137 137
137 172
137 158
137 159
138 156
138 138
138 160
138 157
139 161
139 162
139 139
140 171
140 166
140 169
140 140
140 141
140 151
140 143
141 171
141 166
141 169
141 141
141 151
141 143
142 180
142 176
142 142
142 173
143 171
143 158
143 169
143 151
143 143
144 144
144 179
144 167
144 174
144 168
145 145
145 146
146 165
146 146
147 172
147 147
147 148
148 172
148 148
148 152
149 163
149 164
149 165
149 171
149 149
149 150
149 180
150 164
150 165
150 169
150 170
150 171
150 180
150 150
150 155
151 151
151 158
151 159
152 179
152 167
152 152
153 179
153 153
153 158
153 159
154 154
155 164
155 165
155 177
155 155
156 157
156 156
157 157
158 162
158 158
158 159
159 159
160 160
161 161
162 162
163 163
163 164
163 170
164 164
164 165
164 166
164 177
165 166
165 177
165 165
166 166
166 177
167 167
167 174
167 168
167 175
168 168
169 171
169 180
169 169
170 177
170 170
171 171
171 180
172 172
173 173
173 176
173 178
173 179
174 174
174 175
175 175
176 176
177 177
178 178
179 179
180 180
