1 128
1 1
1 131
1 4
1 135
1 107
1 176
1 19
1 88
1 132
1 90
1 123
2 2
2 137
2 42
2 151
2 108
2 110
2 112
2 118
2 23
2 56
2 159
2 106
2 158
2 63
3 96
3 129
3 130
3 3
3 133
3 134
3 128
3 171
3 142
3 176
3 107
3 24
3 123
3 125
4 123
4 178
4 67
4 4
4 97
4 103
4 107
4 12
4 173
4 126
5 116
5 68
5 5
5 6
5 7
5 56
5 84
5 154
5 11
5 12
5 73
6 80
6 162
6 22
6 20
6 6
6 7
6 56
6 154
6 11
6 157
7 35
7 68
7 7
7 73
7 11
7 15
7 80
7 84
7 56
7 154
8 96
8 167
8 8
8 10
8 44
8 29
8 168
8 148
8 54
8 55
8 116
8 26
8 106
9 32
9 51
9 99
9 41
9 13
9 46
9 174
9 16
9 83
9 52
9 53
9 9
9 152
9 57
9 60
10 96
10 164
10 104
10 10
10 119
10 174
10 144
10 46
10 54
10 55
10 26
11 80
11 20
11 56
11 137
11 154
11 11
11 110
11 37
12 97
12 98
12 67
12 103
12 73
12 12
12 162
12 173
12 178
12 147
12 84
12 118
12 24
12 68
13 144
13 162
13 35
13 101
13 39
13 29
13 45
13 46
13 13
13 16
13 51
13 84
13 53
13 22
13 152
13 179
13 59
13 58
14 96
14 32
14 34
14 121
14 169
14 44
14 130
14 14
14 111
14 145
14 52
14 153
14 57
14 127
15 162
15 35
15 36
15 37
15 38
15 105
15 42
15 139
15 15
15 27
15 17
15 148
15 39
15 103
15 29
15 30
16 65
16 175
16 164
16 51
16 71
16 41
16 174
16 46
16 45
16 16
16 18
16 179
16 52
16 149
16 150
16 152
16 59
16 60
16 53
17 161
17 27
17 134
17 17
17 105
17 42
17 139
17 29
17 49
17 147
17 116
17 148
17 103
17 106
17 30
18 160
18 65
18 99
18 69
18 71
18 156
18 138
18 86
18 78
18 79
18 81
18 18
18 83
18 85
18 22
18 87
18 60
18 21
19 100
19 161
19 40
19 145
19 42
19 75
19 50
19 111
19 49
19 146
19 19
19 25
19 122
19 143
19 28
20 35
20 167
20 168
20 137
20 47
20 80
20 82
20 115
20 20
20 56
20 157
21 160
21 65
21 99
21 69
21 72
21 64
21 138
21 61
21 81
21 163
21 85
21 87
21 57
21 127
21 156
21 74
21 21
22 160
22 65
22 70
22 138
22 78
22 79
22 83
22 22
22 154
22 156
22 157
22 62
23 161
23 137
23 23
23 108
23 109
23 110
23 112
23 151
23 159
23 158
23 63
24 123
24 97
24 67
24 132
24 39
24 128
24 107
24 173
24 142
24 176
24 178
24 24
24 103
25 129
25 130
25 171
25 102
25 40
25 28
25 43
25 146
25 145
25 50
25 25
25 26
25 91
25 92
25 104
26 98
26 131
26 104
26 43
26 174
26 40
26 54
26 26
26 28
27 161
27 35
27 37
27 38
27 49
27 105
27 42
27 139
27 29
27 147
27 116
27 56
27 148
27 27
27 106
27 30
28 161
28 139
28 40
28 42
28 43
28 77
28 49
28 50
28 30
28 121
28 28
28 94
29 162
29 35
29 147
29 101
29 39
29 105
29 45
29 119
29 51
29 116
29 54
29 73
29 152
29 148
29 29
29 30
30 161
30 123
30 36
30 37
30 38
30 49
30 105
30 42
30 139
30 43
30 30
31 33
31 147
31 134
31 118
31 177
31 120
31 121
31 155
31 172
31 126
31 31
32 32
32 34
32 133
32 71
32 104
32 179
32 52
32 41
32 153
32 57
32 58
32 59
32 60
33 33
33 100
33 134
33 135
33 172
33 109
33 110
33 147
33 118
33 121
33 120
33 153
33 155
33 126
34 129
34 34
34 163
34 102
34 169
34 44
34 52
34 57
34 41
34 153
34 121
34 60
35 162
35 35
35 36
35 37
35 38
35 168
35 47
35 39
35 80
35 123
36 128
36 162
36 36
36 37
36 38
36 39
36 40
36 43
36 176
36 139
37 123
37 162
37 107
37 37
37 38
37 39
37 40
37 173
37 43
37 139
38 162
38 38
38 39
38 40
38 139
38 43
38 123
39 97
39 162
39 39
39 45
39 115
39 82
39 67
40 130
40 139
40 40
40 43
40 143
41 41
41 57
41 179
41 52
41 53
41 153
41 58
41 59
41 60
41 125
42 128
42 161
42 100
42 49
42 42
42 139
42 147
43 161
43 43
43 139
43 77
43 114
43 117
43 63
44 96
44 100
44 44
44 108
44 109
44 111
44 112
44 114
44 117
44 55
44 121
45 101
45 105
45 45
45 46
45 157
45 51
45 148
45 152
46 164
46 101
46 70
46 46
46 51
46 52
46 53
46 150
46 152
46 59
46 156
46 125
46 62
46 149
47 80
47 167
47 168
47 106
47 47
47 144
47 82
47 115
47 148
47 119
47 56
47 153
48 48
48 99
48 167
48 104
48 74
48 174
48 78
48 175
48 144
48 82
48 115
48 155
48 53
48 79
48 124
48 157
48 95
49 96
49 161
49 100
49 49
49 139
49 108
49 146
49 50
49 158
49 151
50 100
50 102
50 135
50 76
50 50
50 145
50 146
50 122
51 58
51 101
51 157
51 51
51 84
51 53
51 152
51 179
51 59
52 149
52 69
52 179
52 52
52 150
52 57
52 58
52 95
52 60
52 53
52 133
53 101
53 174
53 79
53 53
53 152
54 96
54 167
54 168
54 106
54 119
54 174
54 144
54 54
54 55
55 96
55 134
55 167
55 168
55 105
55 55
55 109
55 119
55 121
55 106
56 137
56 110
56 80
56 56
57 70
57 57
57 81
57 179
57 153
57 58
57 59
57 60
57 85
58 179
58 138
58 60
58 58
58 59
58 124
59 162
59 99
59 179
59 84
59 59
59 60
60 160
60 74
60 179
60 153
60 60
60 62
61 64
61 65
61 163
61 165
61 136
61 170
61 113
61 87
61 72
61 127
61 61
61 133
62 160
62 86
62 70
62 71
62 138
62 83
62 87
62 62
62 69
63 77
63 66
63 110
63 143
63 158
63 151
63 89
63 63
63 94
63 159
64 64
64 65
64 163
64 133
64 135
64 136
64 170
64 72
64 87
64 127
64 165
65 65
65 69
65 133
65 72
65 138
65 160
65 87
65 156
65 85
66 66
66 100
66 166
66 140
66 77
66 143
66 151
66 88
66 89
66 90
66 91
66 92
66 94
67 97
67 98
67 67
67 73
67 107
67 173
67 178
67 147
67 84
67 68
67 103
68 97
68 98
68 68
68 73
68 178
68 84
68 148
68 154
69 160
69 69
69 70
69 71
69 72
69 86
69 87
69 85
70 160
70 98
70 70
70 71
70 138
70 83
70 84
70 87
70 86
71 160
71 98
71 71
71 138
71 83
71 86
71 87
72 163
72 165
72 72
72 170
72 87
72 127
72 149
73 97
73 98
73 73
73 125
73 178
73 84
73 154
73 124
74 99
74 133
74 102
74 113
74 156
74 74
74 81
74 163
74 95
74 85
75 171
75 169
75 75
75 76
75 141
75 142
75 143
75 108
75 114
75 180
75 117
75 111
75 140
76 171
76 136
76 169
76 76
76 114
76 141
76 180
76 117
76 111
76 140
76 143
76 149
77 77
77 110
77 94
77 151
77 89
77 90
77 159
77 158
78 80
78 99
78 138
78 82
78 78
78 79
78 144
78 85
78 152
78 156
78 157
79 80
79 99
79 138
79 82
79 79
79 156
79 157
79 85
80 80
80 82
80 154
80 157
81 163
81 133
81 102
81 113
81 81
81 99
81 127
81 156
81 85
81 95
82 168
82 144
82 167
82 82
82 115
82 119
82 157
83 160
83 83
83 86
83 138
83 175
83 179
83 84
83 154
83 124
83 125
84 97
84 125
84 84
84 98
84 154
85 160
85 163
85 113
85 99
85 86
85 87
85 156
85 138
85 85
86 160
86 87
86 155
86 86
87 164
87 160
87 87
88 131
88 165
88 166
88 140
88 141
88 177
88 146
88 88
88 90
88 91
88 92
88 93
88 94
89 161
89 158
89 151
89 137
89 89
89 159
89 94
89 110
90 166
90 135
90 140
90 141
90 90
90 91
90 92
90 122
90 94
91 165
91 166
91 140
91 141
91 91
91 92
91 93
91 94
92 131
92 165
92 166
92 140
92 141
92 92
92 93
92 94
93 164
93 165
93 166
93 177
93 149
93 150
93 155
93 93
93 95
94 140
94 141
94 110
94 159
94 158
94 151
94 143
94 94
95 129
95 102
95 113
95 145
95 174
95 144
95 104
95 95
96 96
96 161
96 139
96 109
96 117
96 153
96 121
96 106
97 172
97 97
97 98
97 128
97 103
97 173
97 178
97 107
97 123
98 98
98 101
98 103
98 153
99 99
99 157
99 156
99 138
100 100
100 161
100 136
100 172
100 135
100 146
100 176
100 118
100 120
100 122
100 126
101 164
101 101
101 134
101 142
101 105
101 148
101 152
101 116
102 102
102 113
102 145
102 146
102 127
102 104
103 128
103 103
103 107
103 173
103 176
103 178
103 132
103 123
104 129
104 130
104 145
104 104
104 174
104 175
104 177
104 144
104 124
105 134
105 105
105 172
105 147
105 116
105 148
106 167
106 168
106 106
106 119
106 108
106 109
106 112
106 114
106 115
107 123
107 128
107 107
107 173
107 142
107 176
107 178
107 132
108 108
108 109
108 111
108 112
108 114
108 117
108 158
108 159
109 168
109 109
109 111
109 112
109 114
109 117
109 121
109 158
109 159
110 137
110 110
110 112
110 158
110 159
110 151
111 143
111 169
111 171
111 111
111 141
111 114
111 180
111 117
111 121
111 140
112 161
112 137
112 151
112 112
112 114
112 117
112 158
112 159
113 165
113 163
113 133
113 113
113 145
113 146
113 150
113 170
113 127
114 169
114 114
114 117
114 151
114 121
114 158
114 159
115 144
115 168
115 167
115 115
115 119
115 157
116 134
116 172
116 147
116 116
116 148
117 169
117 117
117 121
117 158
117 159
118 134
118 135
118 172
118 147
118 118
118 120
118 155
118 126
119 167
119 168
119 119
119 144
120 135
120 136
120 170
120 172
120 120
120 121
120 122
120 127
120 126
121 136
121 121
121 153
122 135
122 136
122 170
122 146
122 145
122 132
122 122
122 126
122 127
123 123
123 128
123 173
123 142
123 176
123 178
123 132
124 129
124 130
124 167
124 174
124 175
124 152
124 124
124 125
125 129
125 130
125 174
125 175
125 178
125 125
126 135
126 136
126 172
126 143
126 126
127 163
127 133
127 170
127 135
127 136
127 127
128 128
128 173
128 142
128 176
128 178
128 131
128 132
129 129
129 130
129 174
129 175
129 145
129 150
130 130
130 142
130 174
130 175
131 131
131 132
131 165
131 166
131 177
131 170
131 176
131 145
131 155
132 132
132 173
132 142
132 176
132 177
133 133
133 163
133 170
133 165
134 134
134 172
134 147
134 148
134 155
135 136
135 170
135 135
135 140
135 141
136 163
136 136
136 170
136 142
136 180
137 137
137 172
137 158
137 151
137 153
137 159
138 160
138 138
138 155
138 156
138 157
139 161
139 139
140 171
140 166
140 140
140 141
140 180
140 169
140 143
141 171
141 166
141 141
141 180
141 169
141 143
142 173
142 142
142 176
142 171
143 171
143 158
143 180
143 169
143 143
143 151
144 144
144 167
144 168
144 174
145 166
145 145
145 146
146 169
146 171
146 146
147 147
147 172
147 148
148 167
148 152
148 148
148 154
149 165
149 169
149 171
149 149
149 150
149 180
150 164
150 165
150 166
150 171
150 150
151 151
151 159
151 158
152 164
152 152
153 153
154 154
155 164
155 177
155 155
155 165
156 157
156 156
157 157
158 158
158 159
159 161
159 159
160 160
161 161
162 162
162 178
163 163
163 170
164 164
164 166
164 177
164 165
165 166
165 177
165 165
166 166
166 177
167 167
167 174
167 168
167 175
168 168
169 171
169 180
169 169
170 170
171 171
171 180
172 172
173 173
173 176
173 178
174 174
174 175
175 175
176 176
176 178
177 177
178 178
179 179
180 180
