1 128
1 1
1 131
1 4
1 103
1 41
1 107
1 173
1 176
1 17
1 178
1 179
1 88
1 132
1 90
1 123
2 2
2 137
2 151
2 110
2 47
2 112
2 82
2 115
2 116
2 23
2 20
2 143
2 158
2 159
3 128
3 129
3 130
3 3
3 75
3 173
3 142
3 176
3 107
3 171
3 150
3 24
3 153
3 123
4 107
4 67
4 4
4 97
4 172
4 103
4 12
4 173
4 178
4 147
4 57
4 132
4 123
4 29
5 68
5 5
5 6
5 7
5 73
5 12
5 45
5 178
5 84
5 89
5 154
5 62
6 6
6 7
6 124
6 11
6 13
6 80
6 83
6 22
6 56
6 89
6 154
6 60
6 157
7 68
7 7
7 73
7 11
7 12
7 45
7 84
7 22
7 89
7 148
7 154
7 62
8 96
8 168
8 118
8 106
8 54
8 55
8 8
8 10
8 167
8 44
8 26
9 16
9 41
9 45
9 46
9 13
9 176
9 51
9 52
9 53
9 9
9 152
9 57
9 60
10 96
10 164
10 106
10 55
10 44
10 142
10 54
10 119
10 121
10 26
10 10
11 11
11 78
11 79
11 80
11 20
11 53
11 56
11 89
11 58
11 157
12 97
12 98
12 67
12 73
12 103
12 12
12 152
12 178
12 84
12 24
12 68
13 128
13 101
13 29
13 13
13 46
13 45
13 16
13 51
13 52
13 53
13 152
13 179
13 59
13 58
14 128
14 129
14 107
14 96
14 14
14 146
14 121
14 24
14 153
14 32
14 33
14 34
14 163
14 103
14 40
14 41
14 18
14 44
14 173
14 52
14 126
14 57
14 123
14 60
14 62
15 162
15 35
15 36
15 37
15 38
15 39
15 42
15 139
15 15
15 49
15 17
15 23
15 27
15 29
15 30
16 101
16 70
16 71
16 174
16 45
16 16
16 51
16 52
16 46
16 150
16 152
16 180
16 124
16 53
16 62
16 149
17 27
17 17
17 105
17 42
17 45
17 77
17 49
17 147
17 148
17 116
17 29
17 30
18 160
18 65
18 163
18 69
18 72
18 64
18 138
18 61
18 18
18 85
18 22
18 87
18 127
18 156
18 170
18 21
19 145
19 50
19 19
19 100
19 131
19 102
19 161
19 25
19 122
19 28
19 146
20 51
20 167
20 168
20 137
20 144
20 110
20 47
20 80
20 82
20 115
20 20
20 56
20 157
21 160
21 65
21 34
21 99
21 72
21 64
21 138
21 61
21 78
21 79
21 81
21 163
21 85
21 22
21 87
21 127
21 156
21 170
21 21
22 160
22 65
22 86
22 138
22 71
22 46
22 83
22 22
22 154
22 62
22 85
23 35
23 134
23 137
23 151
23 110
23 143
23 112
23 94
23 23
23 158
23 159
24 128
24 97
24 67
24 68
24 134
24 103
24 107
24 173
24 142
24 176
24 178
24 24
24 132
24 123
25 129
25 130
25 102
25 104
25 43
25 146
25 145
25 50
25 40
25 25
25 26
25 28
25 93
26 98
26 104
26 43
26 40
26 54
26 57
26 26
26 28
26 93
26 55
27 161
27 66
27 49
27 105
27 42
27 139
27 109
27 147
27 116
27 30
27 148
27 27
27 29
27 94
28 161
28 130
28 139
28 36
28 40
28 169
28 43
28 76
28 50
28 28
28 30
29 45
29 101
29 49
29 105
29 42
29 39
29 51
29 116
29 147
29 152
29 148
29 29
29 30
30 96
30 161
30 43
30 37
30 38
30 49
30 42
30 139
30 90
30 30
31 160
31 33
31 131
31 164
31 134
31 172
31 138
31 108
31 175
31 177
31 118
31 87
31 155
31 126
31 31
32 32
32 34
32 121
32 133
32 41
32 74
32 179
32 52
32 153
32 57
32 58
32 59
32 60
33 33
33 134
33 172
33 110
33 177
33 147
33 116
33 118
33 155
33 126
34 34
34 132
34 41
34 138
34 44
34 179
34 52
34 57
34 153
34 121
34 154
34 60
34 125
35 59
35 162
35 35
35 36
35 37
35 38
35 42
35 39
35 58
36 96
36 162
36 36
36 37
36 38
36 39
36 40
36 139
36 43
37 162
37 37
37 38
37 39
37 40
37 43
37 131
37 139
37 151
38 112
38 162
38 38
38 39
38 139
38 43
39 51
39 162
39 39
39 89
39 59
40 129
40 130
40 139
40 104
40 43
40 40
41 41
41 48
41 179
41 52
41 53
41 153
41 57
41 58
41 59
41 60
41 157
42 161
42 49
42 42
42 139
42 147
42 116
42 151
43 161
43 130
43 75
43 43
43 139
43 121
44 96
44 119
44 169
44 139
44 108
44 109
44 44
44 114
44 117
44 54
44 55
44 121
44 111
45 105
45 103
45 46
45 45
45 178
45 51
45 148
45 53
45 54
45 152
45 101
46 99
46 101
46 46
46 51
46 84
46 149
46 152
46 52
46 156
46 53
47 51
47 48
47 167
47 168
47 137
47 106
47 47
47 144
47 82
47 115
48 144
48 99
48 167
48 104
48 74
48 174
48 78
48 79
48 48
48 81
48 82
48 115
48 113
48 175
48 124
48 95
49 114
49 139
49 100
49 49
49 161
50 161
50 100
50 102
50 135
50 136
50 50
50 145
50 146
50 121
50 122
51 51
51 162
51 144
51 167
51 152
51 179
51 53
51 56
51 58
51 59
52 68
52 81
52 83
52 84
52 85
52 52
52 95
52 104
52 175
52 179
52 180
52 53
52 57
52 60
52 149
53 176
53 53
53 152
54 96
54 167
54 168
54 106
54 119
54 144
54 54
54 55
55 96
55 167
55 106
55 119
55 109
55 168
55 148
55 55
55 121
56 137
56 77
56 110
56 79
56 80
56 148
56 89
56 56
56 59
56 157
57 57
57 78
57 79
57 179
57 153
57 59
57 60
57 58
58 162
58 179
58 58
58 59
58 60
59 162
59 179
59 59
59 60
60 179
60 153
60 60
61 64
61 163
61 136
61 170
61 72
61 87
61 121
61 61
61 85
61 127
62 160
62 70
62 138
62 71
62 83
62 87
62 154
62 86
62 62
62 69
63 161
63 171
63 169
63 75
63 108
63 141
63 111
63 112
63 76
63 114
63 140
63 143
63 63
64 64
64 163
64 87
64 72
64 121
64 170
64 127
64 85
65 160
65 65
65 87
65 138
65 155
65 156
65 69
65 85
66 66
66 166
66 77
66 110
66 151
66 88
66 89
66 90
66 91
66 92
66 94
67 68
67 97
67 98
67 67
67 103
67 73
67 128
67 107
67 173
67 152
67 178
67 148
67 84
67 123
68 97
68 98
68 68
68 70
68 73
68 178
68 84
69 160
69 69
69 70
69 71
69 138
69 83
69 86
69 87
69 121
70 160
70 70
70 71
70 73
70 83
70 84
70 86
70 87
70 154
71 160
71 83
71 71
71 154
71 87
71 86
72 160
72 163
72 87
72 72
72 121
72 170
72 127
73 73
73 178
73 84
73 152
73 154
73 124
73 125
74 99
74 133
74 102
74 81
74 74
74 78
74 79
74 113
74 156
74 157
74 95
75 169
75 171
75 75
75 108
75 109
75 141
75 76
75 114
75 180
75 117
75 111
75 140
76 149
76 171
76 100
76 169
76 140
76 141
76 142
76 111
76 76
76 114
76 180
76 117
76 150
77 166
77 162
77 110
77 77
77 118
77 151
77 89
77 90
77 91
77 92
77 94
78 80
78 99
78 78
78 79
78 81
78 157
78 155
78 156
78 138
78 85
79 80
79 99
79 79
79 81
79 157
79 156
79 138
79 85
80 80
80 99
80 179
80 156
80 157
81 99
81 113
81 81
81 163
81 127
81 156
81 85
81 95
82 144
82 167
82 168
82 137
82 82
82 115
82 155
82 157
83 160
83 138
83 86
83 175
83 83
83 154
83 124
83 125
84 97
84 98
84 84
84 154
84 125
84 101
85 99
85 138
85 160
85 163
85 170
85 156
85 85
86 160
86 121
86 138
86 87
86 86
87 138
87 160
87 170
87 87
88 131
88 164
88 165
88 166
88 177
88 88
88 100
88 90
88 91
88 92
88 93
88 94
89 116
89 89
89 90
89 91
89 92
89 94
90 165
90 166
90 139
90 94
90 90
90 91
90 92
91 161
91 165
91 166
91 141
91 94
91 91
91 92
91 93
91 126
92 131
92 165
92 166
92 141
92 94
92 92
92 93
92 126
93 131
93 164
93 165
93 166
93 177
93 145
93 155
93 150
93 93
94 166
94 151
94 172
94 110
94 158
94 94
94 159
95 144
95 99
95 102
95 113
95 145
95 174
95 175
95 146
95 104
95 95
96 96
96 119
96 172
96 117
96 121
97 128
97 97
97 98
97 103
97 107
97 173
97 176
97 178
97 123
97 148
98 98
98 103
98 107
98 173
98 119
98 153
98 123
99 99
99 156
99 113
99 157
99 138
100 161
100 100
100 166
100 134
100 135
100 136
100 172
100 146
100 118
100 120
100 122
100 126
101 116
101 115
101 164
101 101
101 134
101 105
101 147
101 148
101 152
102 102
102 113
102 104
102 135
102 146
102 145
102 149
102 122
103 128
103 107
103 173
103 176
103 178
103 123
103 132
103 103
104 129
104 145
104 174
104 175
104 104
104 146
105 134
105 105
105 106
105 172
105 147
105 148
105 152
105 116
106 144
106 162
106 167
106 168
106 119
106 108
106 109
106 112
106 114
106 115
106 106
107 123
107 128
107 107
107 173
107 176
107 178
107 142
107 132
108 169
108 108
108 109
108 112
108 114
108 117
108 111
108 158
109 168
109 109
109 119
109 111
109 112
109 114
109 117
109 158
110 137
110 151
110 110
110 158
110 159
111 161
111 171
111 142
111 111
111 114
111 117
111 169
112 168
112 151
112 143
112 112
112 114
112 147
112 159
112 158
113 164
113 133
113 113
113 145
113 177
113 146
113 163
113 127
114 169
114 114
114 172
114 117
115 144
115 167
115 168
115 115
115 119
115 155
116 128
116 134
116 148
116 172
116 147
116 116
116 118
117 171
117 169
117 180
117 117
117 118
117 121
118 134
118 135
118 172
118 147
118 118
118 151
118 120
118 155
118 126
119 168
119 119
119 144
119 121
120 120
120 133
120 135
120 136
120 180
120 122
120 172
120 126
120 127
121 135
121 153
121 121
121 122
122 133
122 135
122 136
122 170
122 146
122 145
122 122
122 127
123 123
123 128
123 173
123 176
123 178
123 142
123 132
124 130
124 129
124 167
124 174
124 175
124 124
124 125
125 129
125 178
125 175
125 130
125 174
125 125
126 133
126 134
126 135
126 136
126 172
126 176
126 126
127 163
127 164
127 133
127 170
127 135
127 136
127 127
128 128
128 132
128 173
128 176
128 142
129 129
129 130
129 145
129 174
129 175
129 146
129 149
130 130
130 142
130 175
130 150
131 131
131 132
131 166
131 135
131 176
131 177
131 155
131 164
131 165
132 173
132 142
132 176
132 132
133 163
133 133
133 135
133 136
133 142
134 155
134 134
134 172
134 147
134 148
134 159
135 135
135 136
135 170
135 172
135 163
135 180
136 163
136 136
136 170
136 180
137 137
137 151
137 162
137 158
137 159
138 160
138 156
138 138
138 154
139 161
139 139
140 161
140 171
140 140
140 141
140 143
140 150
140 151
140 153
140 159
140 158
141 161
141 171
141 169
141 141
141 143
141 150
141 151
141 159
141 158
142 173
142 142
142 176
142 171
143 158
143 159
143 143
143 151
143 153
144 144
144 167
144 168
144 174
145 145
145 146
146 165
146 146
147 172
147 147
147 148
147 158
148 168
148 148
148 152
149 169
149 171
149 149
149 150
149 152
149 180
150 164
150 165
150 169
150 171
150 180
150 150
151 151
151 172
151 158
151 159
152 152
153 153
154 154
155 164
155 165
155 177
155 155
156 157
156 156
157 157
158 158
158 159
159 159
160 160
161 161
162 162
163 163
163 170
164 165
164 164
164 166
164 177
164 170
165 165
165 166
165 177
166 166
166 177
167 167
167 174
167 168
168 168
169 171
169 180
169 169
170 170
171 171
171 180
172 172
173 173
173 176
173 178
174 175
174 174
175 175
176 176
177 177
178 178
179 179
180 180
