1 32
1 1
1 45
1 131
1 132
1 103
1 105
1 128
1 107
1 13
1 173
1 176
1 89
1 152
1 4
1 123
2 2
2 39
2 137
2 106
2 66
2 110
2 77
2 112
2 116
2 158
2 23
2 89
2 94
2 159
3 128
3 123
3 130
3 3
3 176
3 24
3 169
3 107
3 125
3 142
3 173
4 128
4 131
4 4
4 5
4 103
4 107
4 173
4 46
4 176
4 53
4 132
4 123
5 67
5 5
5 6
5 7
5 73
5 11
5 12
5 14
5 80
5 178
5 84
5 56
5 68
5 154
6 34
6 6
6 7
6 11
6 79
6 80
6 20
6 22
6 56
6 154
6 157
7 68
7 7
7 73
7 11
7 12
7 14
7 80
7 84
7 22
7 56
7 154
8 144
8 8
8 106
8 54
8 167
8 168
8 9
8 10
8 55
8 26
8 174
9 32
9 34
9 115
9 41
9 13
9 46
9 16
9 51
9 52
9 53
9 9
9 57
9 60
10 164
10 167
10 168
10 10
10 174
10 144
10 149
10 54
10 55
10 153
10 26
10 104
10 53
11 16
11 11
11 47
11 80
11 82
11 20
11 56
11 89
11 79
11 157
12 97
12 67
12 68
12 73
12 103
12 12
12 173
12 178
12 84
12 24
12 121
13 179
13 45
13 46
13 13
13 16
13 51
13 148
13 152
13 58
13 59
13 60
13 29
14 32
14 34
14 99
14 41
14 107
14 44
14 173
14 14
14 79
14 178
14 52
14 78
14 57
14 121
14 123
14 174
14 169
14 53
15 162
15 35
15 36
15 37
15 38
15 39
15 139
15 15
15 112
15 17
15 131
15 158
15 43
15 27
15 30
16 148
16 132
16 101
16 46
16 45
16 16
16 51
16 180
16 53
16 152
16 52
16 149
17 161
17 66
17 134
17 39
17 105
17 42
17 139
17 17
17 147
17 116
17 30
17 23
17 27
17 29
17 94
17 159
18 160
18 65
18 163
18 69
18 71
18 72
18 156
18 138
18 64
18 61
18 81
18 18
18 85
18 150
18 87
18 22
18 127
18 86
18 170
18 62
18 21
19 161
19 100
19 166
19 102
19 145
19 40
19 42
19 146
19 49
19 50
19 19
19 25
19 122
19 28
20 32
20 80
20 167
20 168
20 110
20 47
20 144
20 82
20 115
20 20
20 46
20 56
20 157
21 160
21 65
21 163
21 69
21 81
21 72
21 64
21 138
21 61
21 113
21 180
21 85
21 86
21 87
21 22
21 127
21 156
21 170
21 150
21 21
22 160
22 65
22 99
22 138
22 78
22 79
22 83
22 22
22 154
22 31
22 156
22 157
22 62
22 85
23 137
23 151
23 172
23 66
23 110
23 77
23 112
23 94
23 23
23 109
23 158
23 159
24 123
24 97
24 67
24 68
24 33
24 128
24 107
24 173
24 142
24 176
24 178
24 24
24 132
24 103
24 125
25 129
25 130
25 102
25 40
25 43
25 146
25 111
25 145
25 50
25 25
25 26
25 28
25 104
26 171
26 177
26 104
26 169
26 43
26 174
26 40
26 54
26 26
26 28
27 161
27 162
27 139
27 49
27 105
27 42
27 39
27 112
27 147
27 116
27 27
27 29
27 30
28 161
28 139
28 40
28 42
28 43
28 49
28 50
28 28
28 30
28 63
29 147
29 101
29 134
29 39
29 137
29 119
29 45
29 51
29 148
29 89
29 105
29 152
29 116
29 29
30 161
30 35
30 36
30 37
30 38
30 49
30 40
30 42
30 139
30 109
30 43
30 30
31 33
31 164
31 165
31 70
31 167
31 168
31 47
31 177
31 118
31 126
31 155
31 124
31 93
31 134
31 31
32 32
32 34
32 121
32 41
32 57
32 144
32 179
32 53
32 54
32 153
32 58
32 59
32 60
32 52
33 33
33 67
33 101
33 134
33 97
33 172
33 120
33 178
33 147
33 118
33 155
33 126
34 34
34 132
34 41
34 57
34 52
34 53
34 121
34 60
34 157
35 162
35 35
35 36
35 37
35 38
35 39
35 139
35 153
35 59
35 158
35 159
36 162
36 36
36 37
36 38
36 39
36 40
36 43
36 109
36 139
37 162
37 37
37 38
37 39
37 40
37 43
37 139
37 158
38 112
38 162
38 38
38 39
38 139
38 43
39 39
39 162
39 179
39 59
39 58
40 161
40 130
40 139
40 166
40 40
40 43
40 143
40 88
41 179
41 168
41 41
41 51
41 52
41 53
41 153
41 57
41 58
41 59
41 60
42 161
42 139
42 100
42 49
42 42
42 43
42 151
43 96
43 139
43 43
43 91
44 96
44 98
44 108
44 170
44 75
44 76
44 109
44 44
44 114
44 117
44 169
44 121
44 111
45 101
45 105
45 45
45 46
45 51
45 116
45 152
45 148
46 115
46 101
46 168
46 46
46 152
46 51
46 148
46 149
46 56
46 180
46 52
47 80
47 167
47 168
47 106
47 47
47 144
47 82
47 115
47 56
48 144
48 99
48 167
48 156
48 74
48 174
48 79
48 48
48 81
48 155
48 78
48 175
48 124
48 157
48 95
49 161
49 91
49 100
49 139
49 146
49 49
49 50
49 122
49 92
50 100
50 102
50 135
50 146
50 111
50 145
50 50
50 117
50 122
51 110
51 179
51 57
51 51
51 116
51 53
51 152
51 148
51 58
51 59
51 60
51 101
52 80
52 149
52 167
52 57
52 179
52 52
52 152
52 180
52 60
52 53
53 121
53 53
53 57
53 60
54 167
54 168
54 106
54 174
54 144
54 115
54 54
54 55
55 96
55 118
55 134
55 167
55 168
55 55
55 109
55 112
55 115
55 148
55 119
55 106
56 110
56 80
56 82
56 56
56 89
56 157
57 179
57 82
57 115
57 153
57 57
57 58
57 59
57 60
58 162
58 179
58 110
58 153
58 58
58 59
58 60
59 162
59 179
59 110
59 89
59 153
59 59
59 60
60 179
60 168
60 153
60 60
61 64
61 163
61 69
61 135
61 136
61 170
61 171
61 61
61 72
61 87
61 93
61 127
62 160
62 65
62 98
62 69
62 70
62 71
62 138
62 83
62 84
62 87
62 180
62 154
62 86
62 62
63 100
63 108
63 140
63 141
63 143
63 112
63 114
63 151
63 111
63 158
63 63
64 64
64 163
64 69
64 135
64 136
64 170
64 171
64 72
64 87
64 127
65 160
65 65
65 85
65 154
65 156
65 138
65 149
66 137
66 66
66 110
66 77
66 94
66 88
66 89
66 90
66 91
66 92
66 158
66 159
67 98
67 67
67 68
67 97
67 73
67 107
67 173
67 178
67 123
67 84
67 103
68 97
68 98
68 68
68 70
68 73
68 178
68 84
68 149
68 154
69 160
69 98
69 164
69 69
69 70
69 71
69 72
69 86
69 87
69 85
70 160
70 98
70 70
70 71
70 138
70 83
70 84
70 86
70 87
71 160
71 98
71 71
71 138
71 83
71 84
71 150
71 87
71 86
72 163
72 170
72 87
72 72
72 171
72 127
73 97
73 73
73 178
73 84
73 121
73 154
73 124
74 99
74 164
74 133
74 113
74 74
74 78
74 174
74 81
74 85
74 79
74 156
74 95
75 130
75 171
75 150
75 140
75 169
75 75
75 76
75 141
75 145
75 146
75 180
75 117
75 108
75 111
75 143
76 130
76 171
76 164
76 169
76 170
76 76
76 141
76 140
76 180
76 149
76 150
76 111
76 143
76 117
77 137
77 172
77 110
77 77
77 147
77 89
77 90
77 94
77 159
78 80
78 99
78 78
78 79
78 157
78 85
78 156
78 138
79 80
79 99
79 79
79 157
79 156
79 138
79 85
80 80
80 82
80 115
80 157
81 99
81 133
81 102
81 113
81 81
81 163
81 150
81 127
81 156
81 85
81 95
82 144
82 167
82 168
82 82
82 115
82 157
83 160
83 86
83 138
83 175
83 83
83 180
83 85
83 154
83 124
83 125
84 97
84 98
84 84
84 149
84 154
84 125
85 160
85 99
85 113
85 180
85 87
85 163
85 156
85 138
85 85
86 160
86 98
86 86
86 150
86 87
87 160
87 164
87 170
87 87
88 131
88 164
88 165
88 166
88 140
88 143
88 177
88 151
88 120
88 88
88 90
88 91
88 92
88 93
89 137
89 110
89 179
89 89
89 90
89 94
90 161
90 131
90 166
90 94
90 151
90 90
90 91
90 92
90 126
91 131
91 165
91 166
91 140
91 143
91 151
91 91
91 92
91 93
91 94
92 131
92 100
92 165
92 166
92 177
92 140
92 143
92 151
92 92
92 93
92 94
93 155
93 164
93 165
93 166
93 177
93 141
93 93
93 113
93 150
94 137
94 162
94 110
94 158
94 94
94 159
95 102
95 113
95 104
95 145
95 174
95 175
95 146
95 121
95 95
96 96
96 135
96 108
96 109
96 111
96 114
96 121
96 117
96 119
96 120
97 128
97 98
97 97
97 107
97 173
97 176
97 178
97 123
97 103
98 98
98 153
99 99
99 157
99 155
99 156
99 138
100 161
100 100
100 114
100 135
100 136
100 108
100 172
100 146
100 120
100 122
100 126
101 132
101 101
101 134
101 105
101 172
101 148
101 118
101 152
101 116
102 102
102 113
102 145
102 171
102 146
102 104
103 128
103 107
103 173
103 142
103 176
103 178
103 123
103 121
103 132
103 103
104 129
104 130
104 104
104 174
104 175
104 145
104 146
104 121
104 124
105 134
105 105
105 172
105 147
105 148
105 152
105 116
106 144
106 167
106 168
106 106
106 119
106 109
106 110
106 112
106 115
106 148
107 123
107 128
107 107
107 173
107 142
107 176
107 178
107 132
108 140
108 109
108 111
108 112
108 141
108 114
108 117
108 108
108 119
108 143
108 151
109 119
109 139
109 109
109 112
109 114
109 158
109 159
109 151
109 117
110 115
110 168
110 137
110 110
110 158
110 159
111 171
111 114
111 143
111 141
111 111
111 121
111 117
111 169
111 140
112 119
112 137
112 112
112 114
112 153
112 151
112 159
112 158
113 163
113 133
113 113
113 145
113 127
114 151
114 140
114 114
114 117
114 119
114 143
115 144
115 167
115 168
115 119
115 115
116 147
116 134
116 172
116 116
116 118
116 137
116 148
117 171
117 136
117 169
117 117
117 120
117 121
117 122
118 132
118 134
118 135
118 172
118 142
118 147
118 118
118 120
118 155
118 126
119 162
119 168
119 119
120 131
120 133
120 135
120 136
120 172
120 170
120 140
120 120
120 122
120 126
120 127
121 123
121 128
121 175
121 176
121 169
121 121
121 154
122 145
122 136
122 135
122 146
122 122
122 126
122 127
123 123
123 132
123 128
123 173
123 176
123 178
123 142
124 129
124 130
124 174
124 175
124 178
124 124
124 125
125 129
125 130
125 174
125 175
125 178
125 150
125 125
126 133
126 134
126 135
126 136
126 172
126 143
126 126
127 163
127 133
127 177
127 170
127 135
127 136
127 127
128 128
128 132
128 173
128 142
128 176
128 178
129 129
129 130
129 146
129 145
129 171
129 174
129 175
130 130
130 174
130 175
131 131
131 166
131 177
131 139
131 155
131 132
132 173
132 142
132 176
132 132
133 165
133 163
133 133
133 136
133 135
133 170
134 134
134 172
134 147
134 137
134 148
134 155
135 135
135 136
135 170
135 141
136 163
136 136
136 170
137 137
137 158
137 159
138 149
138 138
138 160
138 154
138 155
138 156
139 161
139 162
139 139
140 171
140 166
140 140
140 141
140 151
140 143
141 171
141 165
141 166
141 141
141 169
141 143
141 151
142 176
142 173
142 142
143 171
143 166
143 158
143 151
143 143
144 144
144 167
144 157
144 168
145 145
145 146
146 146
147 161
147 172
147 147
147 148
148 172
148 152
148 148
149 180
149 164
149 169
149 171
149 149
149 150
149 156
150 160
150 171
150 164
150 165
150 169
150 174
150 180
150 150
151 166
151 159
151 151
151 153
151 158
152 152
153 177
153 179
153 153
154 154
155 164
155 165
155 177
155 155
156 157
156 156
157 157
158 159
158 158
159 159
160 160
161 161
162 162
163 163
163 169
163 170
164 165
164 164
164 166
164 171
164 177
165 165
165 166
165 170
165 177
166 166
166 177
167 167
167 174
167 168
168 168
169 171
169 180
169 169
170 170
170 177
171 171
171 180
172 172
173 173
173 176
173 178
174 175
174 174
175 175
176 176
176 178
177 177
178 178
179 179
180 180
