1 128
1 1
1 131
1 4
1 103
1 10
1 107
1 173
1 176
1 132
1 123
1 42
2 2
2 37
2 105
2 23
2 109
2 110
2 15
2 112
2 20
2 158
2 137
2 94
2 159
3 128
3 123
3 130
3 3
3 103
3 24
3 176
3 10
3 107
3 173
3 142
4 128
4 162
4 131
4 4
4 97
4 103
4 12
4 173
4 176
4 17
4 178
4 107
4 89
4 132
4 123
5 32
5 67
5 68
5 5
5 6
5 7
5 73
5 11
5 12
5 178
5 84
5 154
5 31
6 32
6 80
6 6
6 7
6 11
6 16
6 83
6 22
6 56
6 154
6 124
6 157
7 68
7 7
7 73
7 11
7 12
7 16
7 84
7 22
7 56
7 154
8 96
8 167
8 8
8 10
8 119
8 46
8 168
8 51
8 54
8 55
8 26
8 106
9 32
9 167
9 41
9 11
9 13
9 46
9 16
9 51
9 52
9 53
9 9
9 56
9 57
9 60
9 149
10 96
10 106
10 55
10 173
10 144
10 168
10 179
10 54
10 119
10 88
10 26
10 10
11 137
11 11
11 80
11 20
11 56
11 154
11 155
11 157
12 97
12 98
12 67
12 73
12 103
12 12
12 178
12 84
12 24
12 68
12 52
13 176
13 162
13 35
13 179
13 39
13 45
13 46
13 13
13 16
13 51
13 53
13 152
13 58
13 59
13 29
14 96
14 65
14 34
14 32
14 133
14 97
14 41
14 44
14 14
14 81
14 52
14 22
14 57
14 24
14 121
14 169
14 60
14 125
14 153
14 95
15 35
15 36
15 37
15 38
15 39
15 139
15 162
15 15
15 17
15 43
15 27
15 29
15 30
16 16
16 164
16 167
16 46
16 45
16 80
16 178
16 179
16 52
16 149
16 150
16 152
16 57
16 58
16 60
16 53
16 51
17 161
17 101
17 17
17 105
17 42
17 139
17 45
17 49
17 147
17 116
17 148
17 27
17 29
17 30
18 160
18 65
18 163
18 69
18 71
18 72
18 64
18 138
18 86
18 61
18 177
18 18
18 83
18 85
18 150
18 87
18 22
18 156
18 93
18 21
19 161
19 100
19 102
19 135
19 40
19 145
19 42
19 146
19 143
19 49
19 50
19 19
19 25
19 122
19 111
19 28
20 144
20 167
20 168
20 137
20 47
20 80
20 82
20 115
20 20
20 56
20 59
20 157
21 160
21 65
21 163
21 165
21 72
21 64
21 138
21 61
21 78
21 79
21 99
21 85
21 22
21 127
21 156
21 170
21 21
22 160
22 65
22 69
22 138
22 71
22 80
22 83
22 22
22 154
22 86
22 62
22 85
23 36
23 137
23 151
23 108
23 109
23 110
23 77
23 112
23 158
23 23
23 94
23 159
24 128
24 97
24 98
24 132
24 103
24 107
24 173
24 142
24 176
24 178
24 67
24 24
24 121
24 123
25 129
25 75
25 102
25 145
25 40
25 43
25 50
25 104
25 146
25 25
25 90
25 28
25 26
26 104
26 43
26 132
26 54
26 40
26 55
26 28
26 26
27 161
27 38
27 49
27 105
27 42
27 139
27 147
27 148
27 116
27 27
27 29
27 30
27 159
28 161
28 139
28 40
28 42
28 43
28 44
28 49
28 117
28 151
28 28
28 30
29 128
29 101
29 39
29 105
29 45
29 51
29 148
29 152
29 116
29 29
29 30
30 161
30 43
30 36
30 37
30 49
30 40
30 105
30 42
30 139
30 77
30 89
30 30
31 33
31 68
31 134
31 172
31 177
31 147
31 84
31 118
31 120
31 155
31 126
31 31
32 32
32 34
32 57
32 176
32 179
32 52
32 53
32 41
32 153
32 58
32 59
32 60
33 33
33 67
33 100
33 134
33 172
33 111
33 177
33 178
33 147
33 118
33 120
33 155
33 126
34 34
34 99
34 169
34 74
34 107
34 57
34 52
34 53
34 73
34 41
34 153
34 121
34 154
34 123
34 60
35 162
35 35
35 36
35 37
35 38
35 39
35 51
35 119
35 58
35 59
36 162
36 36
36 37
36 38
36 39
36 40
36 43
36 112
36 139
36 159
37 37
37 38
37 39
37 40
37 43
37 162
37 139
38 162
38 38
38 39
38 40
38 137
38 43
38 110
38 139
39 162
39 39
39 45
39 152
39 132
40 43
40 40
40 139
40 111
41 51
41 41
41 80
41 179
41 52
41 53
41 153
41 57
41 58
41 59
41 60
42 100
42 161
42 42
42 139
42 49
42 50
42 116
42 147
43 43
43 139
43 108
44 96
44 135
44 44
44 75
44 108
44 109
44 111
44 114
44 117
44 121
44 122
45 101
45 105
45 45
45 46
45 51
45 148
45 119
45 152
45 123
46 51
46 164
46 101
46 103
46 168
46 54
46 46
46 115
46 149
46 150
46 152
46 58
46 59
47 144
47 48
47 167
47 168
47 106
47 47
47 80
47 82
47 115
47 53
47 58
47 157
48 95
48 144
48 99
48 165
48 113
48 104
48 74
48 167
48 78
48 48
48 81
48 115
48 174
48 79
48 157
48 149
49 161
49 100
49 49
49 96
49 50
49 114
49 147
49 63
50 161
50 100
50 102
50 145
50 135
50 140
50 50
50 146
50 122
51 128
51 51
51 162
51 179
51 53
51 152
51 58
51 59
52 58
52 57
52 179
52 52
52 149
52 150
52 180
52 154
52 60
52 157
52 53
53 82
53 53
53 57
53 123
53 60
54 96
54 167
54 168
54 106
54 55
54 144
54 115
54 54
54 119
55 96
55 101
55 167
55 168
55 106
55 119
55 109
55 55
55 121
56 137
56 110
56 79
56 80
56 56
56 58
56 157
57 176
57 179
57 153
57 57
57 58
57 59
57 60
58 132
58 179
58 58
58 59
58 60
59 162
59 132
59 179
59 59
59 60
60 80
60 179
60 153
60 60
60 149
61 64
61 163
61 136
61 169
61 170
61 72
61 180
61 87
61 127
61 61
61 85
62 160
62 65
62 69
62 70
62 71
62 138
62 83
62 87
62 121
62 154
62 86
62 62
63 66
63 140
63 77
63 143
63 141
63 158
63 151
63 89
63 159
63 94
63 63
64 64
64 163
64 69
64 136
64 169
64 170
64 72
64 87
64 127
65 160
65 65
65 87
65 156
65 138
65 85
66 161
66 66
66 77
66 110
66 151
66 88
66 89
66 90
66 91
66 92
66 94
67 98
67 67
67 68
67 97
67 73
67 107
67 173
67 178
67 123
67 84
67 103
68 97
68 98
68 68
68 70
68 73
68 178
68 84
68 154
68 125
69 160
69 69
69 70
69 71
69 72
69 138
69 83
69 87
69 86
69 93
70 160
70 98
70 164
70 70
70 71
70 130
70 83
70 84
70 86
70 87
70 153
70 154
70 125
71 160
71 130
71 150
71 71
71 98
71 83
71 84
71 87
71 86
72 163
72 180
72 87
72 72
72 170
72 127
73 97
73 73
73 178
73 84
73 154
73 124
73 125
74 99
74 133
74 102
74 113
74 74
74 78
74 79
74 81
74 174
74 156
74 95
75 130
75 171
75 136
75 108
75 75
75 76
75 141
75 140
75 114
75 180
75 117
75 169
75 120
75 111
75 143
76 130
76 171
76 169
76 140
76 141
76 143
76 76
76 145
76 180
76 117
76 151
76 111
77 158
77 77
77 110
77 118
77 151
77 89
77 90
77 94
77 159
78 80
78 99
78 138
78 78
78 93
78 81
78 85
78 157
78 79
78 156
79 80
79 99
79 81
79 79
79 177
79 157
79 156
79 138
79 85
80 80
80 99
80 82
80 157
81 163
81 133
81 102
81 113
81 81
81 99
81 95
81 156
81 170
81 127
82 144
82 167
82 168
82 137
82 106
82 82
82 115
82 119
82 157
83 160
83 129
83 130
83 138
83 86
83 175
83 83
83 149
83 85
83 154
83 124
83 125
84 97
84 98
84 130
84 84
84 154
84 125
85 160
85 163
85 150
85 138
85 175
85 99
85 157
85 156
85 85
86 160
86 130
86 86
86 87
86 93
87 138
87 160
87 177
87 170
87 87
88 131
88 165
88 166
88 141
88 177
88 88
88 90
88 91
88 92
88 93
89 137
89 172
89 110
89 151
89 89
89 90
89 94
90 131
90 165
90 166
90 141
90 90
90 91
90 92
90 94
91 165
91 166
91 140
91 141
91 145
91 146
91 151
91 91
91 92
91 93
91 94
92 165
92 166
92 140
92 141
92 145
92 151
92 92
92 93
92 94
93 99
93 164
93 166
93 156
93 177
93 155
93 149
93 93
93 150
93 165
94 151
94 159
94 110
94 158
94 118
94 94
95 146
95 174
95 102
95 113
95 104
95 145
95 95
96 96
96 139
96 109
96 114
96 117
96 121
96 119
97 128
97 97
97 98
97 103
97 107
97 173
97 178
97 123
98 98
98 169
98 103
98 153
99 149
99 99
99 133
99 157
99 156
100 100
100 134
100 145
100 136
100 161
100 135
100 172
100 146
100 118
100 151
100 120
100 122
100 126
101 164
101 101
101 134
101 105
101 106
101 147
101 148
101 152
101 116
102 102
102 113
102 145
102 171
102 146
102 174
102 104
103 123
103 128
103 107
103 173
103 176
103 178
103 142
103 132
103 103
104 129
104 145
104 104
104 174
104 175
104 113
104 146
104 180
105 123
105 134
105 105
105 172
105 110
105 147
105 116
105 148
106 144
106 167
106 168
106 106
106 119
106 109
106 112
106 115
106 155
107 123
107 128
107 107
107 173
107 142
107 176
107 152
107 178
107 148
107 118
107 132
108 161
108 108
108 109
108 143
108 112
108 114
108 117
108 118
108 111
108 151
108 158
108 159
109 134
109 109
109 142
109 111
109 112
109 114
109 117
109 119
109 158
109 159
110 110
110 112
110 158
110 137
110 159
111 171
111 169
111 143
111 141
111 114
111 117
111 111
111 121
111 122
111 140
112 137
112 112
112 114
112 147
112 117
112 158
112 159
113 163
113 133
113 113
113 145
113 146
113 131
113 127
114 161
114 114
114 117
114 121
114 158
114 159
115 144
115 167
115 168
115 137
115 115
115 119
115 153
116 128
116 134
116 172
116 147
116 148
116 116
117 169
117 117
117 121
118 134
118 135
118 172
118 173
118 147
118 126
118 118
118 120
118 122
118 155
119 162
119 119
119 144
119 168
120 133
120 135
120 136
120 170
120 172
120 120
120 122
120 126
120 127
121 128
121 163
121 169
121 160
121 176
121 153
121 121
121 127
122 135
122 136
122 172
122 146
122 145
122 122
122 126
122 127
123 128
123 142
123 173
123 176
123 178
123 132
123 123
124 129
124 130
124 149
124 154
124 124
124 125
124 174
124 175
125 129
125 130
125 125
125 175
126 128
126 133
126 135
126 136
126 172
126 126
127 163
127 133
127 170
127 135
127 136
127 131
127 127
128 132
128 128
128 131
128 173
128 142
128 176
128 178
128 147
129 129
129 130
129 169
129 174
129 175
129 177
129 146
130 130
130 175
130 155
131 131
131 166
131 177
131 176
131 132
131 155
132 173
132 142
132 176
132 132
133 163
133 133
133 156
134 134
134 161
134 172
134 173
134 147
134 148
134 155
135 135
135 136
135 172
135 170
135 141
135 140
136 163
136 136
136 170
137 137
137 158
137 159
138 149
138 138
138 160
138 156
139 161
139 139
140 171
140 166
140 140
140 169
140 141
140 180
140 151
140 143
141 151
141 171
141 166
141 141
141 180
141 169
141 143
142 176
142 142
142 173
143 171
143 169
143 151
143 143
144 144
144 179
144 167
144 168
144 174
145 145
145 146
146 146
147 172
147 161
147 147
147 148
147 158
148 148
148 152
149 164
149 179
149 149
149 150
149 152
149 180
150 164
150 165
150 166
150 171
150 175
150 150
150 180
151 171
151 159
151 151
151 158
152 152
153 166
153 153
154 154
155 164
155 172
155 177
155 155
156 157
156 156
157 164
157 157
158 158
158 159
159 159
160 160
160 175
161 161
162 162
163 163
163 170
164 165
164 164
164 177
164 166
165 165
165 166
165 174
165 177
166 166
166 177
167 167
167 174
167 168
168 168
169 171
169 170
169 180
169 169
170 170
170 171
171 171
171 180
172 172
173 173
173 176
173 178
174 174
174 175
175 175
176 176
177 177
178 178
179 179
180 180
