1 128
1 1
1 131
1 132
1 100
1 103
1 107
1 173
1 176
1 177
1 88
1 4
1 123
1 28
2 2
2 137
2 151
2 159
2 110
2 47
2 112
2 20
2 23
2 56
2 153
2 143
2 158
2 63
3 128
3 129
3 130
3 3
3 171
3 142
3 176
3 35
3 150
3 119
3 24
3 153
3 123
3 125
4 67
4 4
4 97
4 103
4 12
4 173
4 178
4 107
4 132
4 90
4 123
4 126
5 17
5 22
5 84
5 5
5 6
5 73
5 68
5 154
5 7
5 12
5 89
6 36
6 6
6 7
6 11
6 79
6 80
6 22
6 56
6 89
6 154
6 157
7 68
7 22
7 84
7 7
7 73
7 154
7 139
7 12
7 89
8 96
8 98
8 8
8 105
8 10
8 44
8 174
8 54
8 55
8 121
8 26
8 106
9 104
9 41
9 45
9 46
9 13
9 16
9 51
9 52
9 53
9 9
9 152
9 57
9 60
10 96
10 104
10 10
10 55
10 25
10 54
10 119
10 152
10 121
10 26
10 155
10 153
11 80
11 20
11 137
11 56
11 89
11 11
11 172
11 157
11 110
11 79
12 97
12 98
12 67
12 73
12 103
12 12
12 173
12 178
12 84
12 24
12 68
12 36
13 162
13 133
13 39
13 29
13 13
13 46
13 45
13 16
13 51
13 53
13 152
13 179
13 59
13 58
13 101
14 96
14 32
14 34
14 60
14 57
14 43
14 44
14 14
14 111
14 117
14 153
14 121
14 28
15 162
15 35
15 36
15 37
15 38
15 39
15 105
15 42
15 139
15 29
15 98
15 15
15 49
15 82
15 84
15 17
15 148
15 27
15 157
15 30
16 179
16 170
16 46
16 45
16 16
16 51
16 52
16 149
16 150
16 152
16 59
17 161
17 17
17 105
17 42
17 172
17 80
17 49
17 147
17 20
17 116
17 27
17 29
17 30
18 160
18 65
18 163
18 69
18 39
18 72
18 64
18 138
18 61
18 81
18 18
18 85
18 87
18 127
18 156
18 170
18 21
19 161
19 100
19 166
19 102
19 145
19 40
19 50
19 49
19 146
19 19
19 25
19 28
20 33
20 137
20 110
20 79
20 80
20 82
20 115
20 20
20 78
20 151
20 56
20 47
20 157
21 160
21 65
21 83
21 99
21 170
21 162
21 61
21 81
21 163
21 85
21 22
21 87
21 156
21 138
21 21
22 160
22 22
22 38
22 138
22 71
22 83
22 116
22 86
22 154
22 70
22 62
23 161
23 137
23 23
23 108
23 141
23 110
23 143
23 112
23 140
23 151
23 159
23 109
23 158
23 63
24 128
24 97
24 67
24 132
24 37
24 103
24 107
24 173
24 142
24 176
24 178
24 24
24 123
25 32
25 129
25 130
25 165
25 104
25 43
25 146
25 145
25 50
25 180
25 40
25 25
25 26
25 28
25 93
26 128
26 97
26 67
26 166
26 28
26 43
26 104
26 40
26 54
26 55
26 153
26 26
26 91
26 92
27 161
27 148
27 35
27 37
27 38
27 49
27 105
27 42
27 139
27 147
27 116
27 84
27 27
27 29
27 30
28 66
28 75
28 36
28 161
28 40
28 43
28 143
28 49
28 139
28 28
28 30
29 144
29 162
29 147
29 101
29 39
29 105
29 42
29 45
29 48
29 51
29 116
29 119
29 152
29 148
29 124
29 29
30 96
30 161
30 35
30 37
30 38
30 49
30 42
30 103
30 139
30 43
30 30
31 33
31 130
31 99
31 164
31 134
31 65
31 168
31 172
31 177
31 147
31 118
31 155
31 156
31 126
31 31
32 32
32 34
32 41
32 170
32 98
32 179
32 52
32 153
32 57
32 58
32 59
32 60
33 33
33 86
33 134
33 106
33 172
33 177
33 147
33 118
33 116
33 155
33 126
34 96
34 34
34 41
34 44
34 130
34 52
34 121
34 153
34 57
34 60
34 169
35 162
35 35
35 36
35 37
35 38
35 39
35 42
35 103
35 173
35 115
35 178
35 119
35 55
35 167
36 162
36 36
36 37
36 39
36 40
36 73
36 139
36 43
36 67
36 38
37 162
37 37
37 38
37 39
37 40
37 138
37 139
37 43
37 79
38 162
38 38
38 39
38 40
38 79
38 139
38 78
38 43
38 115
38 84
38 68
39 160
39 162
39 39
39 45
39 51
39 85
39 86
39 69
40 98
40 139
40 40
40 140
40 43
40 76
40 141
40 88
40 90
41 102
41 72
41 41
41 98
41 179
41 52
41 53
41 57
41 58
41 59
41 60
42 161
42 49
42 42
42 147
42 116
42 56
43 161
43 43
43 139
43 77
43 111
43 94
43 63
44 96
44 161
44 44
44 106
44 108
44 109
44 111
44 114
44 117
44 54
44 55
44 121
45 101
45 105
45 174
45 45
45 46
45 51
45 148
45 53
45 152
45 95
45 133
46 101
46 170
46 46
46 51
46 52
46 53
46 150
46 152
46 179
47 144
47 134
47 167
47 168
47 106
47 119
47 110
47 47
47 48
47 82
47 115
47 151
48 48
48 99
48 167
48 168
48 74
48 175
48 174
48 79
48 144
48 82
48 115
48 78
48 119
48 124
48 95
49 161
49 100
49 49
49 139
49 109
49 112
49 158
49 176
49 159
50 129
50 130
50 100
50 102
50 135
50 104
50 145
50 50
50 113
50 146
50 149
50 136
50 122
51 101
51 74
51 175
51 81
51 51
51 53
51 87
51 152
51 58
51 59
52 145
52 179
52 52
52 149
52 57
52 58
52 59
52 60
52 53
53 101
53 70
53 53
53 152
53 62
54 96
54 162
54 118
54 167
54 168
54 106
54 174
54 54
54 55
54 121
55 96
55 167
55 106
55 119
55 174
55 168
55 147
55 55
55 121
56 139
56 137
56 172
56 77
56 110
56 80
56 56
56 89
56 157
57 129
57 170
57 179
57 57
57 58
57 59
57 60
58 179
58 72
58 58
58 59
58 60
58 127
59 162
59 163
59 179
59 104
59 59
59 60
59 127
60 64
60 170
60 145
60 179
60 60
61 64
61 65
61 163
61 170
61 72
61 179
61 61
61 85
61 127
62 160
62 70
62 71
62 138
62 83
62 86
62 87
62 154
62 62
62 69
63 158
63 137
63 75
63 140
63 141
63 110
63 143
63 171
63 151
63 63
63 94
63 159
64 64
64 65
64 163
64 85
64 87
64 72
64 170
64 127
65 65
65 162
65 163
65 69
65 72
65 138
65 160
65 170
65 87
65 156
65 85
66 92
66 66
66 166
66 88
66 89
66 90
66 91
66 77
66 94
66 143
67 68
67 97
67 98
67 67
67 103
67 73
67 128
67 107
67 173
67 178
67 84
67 123
68 97
68 98
68 68
68 73
68 103
68 178
68 84
69 160
69 69
69 70
69 138
69 71
69 83
69 86
69 87
70 160
70 98
70 70
70 71
70 162
70 83
70 84
70 87
70 154
70 86
71 160
71 162
71 83
71 71
71 154
71 87
71 86
72 163
72 72
72 170
72 179
72 85
72 87
72 152
72 127
73 97
73 73
73 178
73 84
73 154
73 125
74 99
74 133
74 81
74 113
74 74
74 78
74 79
74 145
74 85
74 95
74 156
74 102
74 101
75 171
75 114
75 169
75 75
75 76
75 109
75 142
75 143
75 141
75 108
75 140
75 180
75 117
75 111
75 158
76 171
76 169
76 76
76 141
76 143
76 114
76 180
76 117
76 150
76 111
76 140
76 149
77 166
77 77
77 110
77 88
77 89
77 90
77 91
77 92
77 94
78 80
78 99
78 78
78 79
78 81
78 82
78 157
78 156
78 138
79 80
79 99
79 79
79 81
79 82
79 157
79 156
79 138
80 80
80 89
80 137
80 157
81 99
81 133
81 102
81 113
81 81
81 127
81 156
81 85
81 95
82 144
82 99
82 168
82 82
82 115
82 119
82 157
83 160
83 162
83 138
83 86
83 83
83 154
83 124
83 125
84 97
84 98
84 172
84 84
84 154
85 163
85 113
85 99
85 138
85 170
85 160
85 127
85 156
85 85
86 160
86 105
86 138
86 87
86 86
87 160
87 148
87 87
88 165
88 166
88 88
88 90
88 91
88 92
88 93
88 94
89 161
89 89
89 90
89 94
90 165
90 166
90 94
90 90
90 91
90 92
90 126
91 164
91 165
91 166
91 141
91 93
91 91
91 92
91 94
92 164
92 165
92 166
92 141
92 93
92 92
92 94
93 131
93 164
93 165
93 166
93 177
93 155
93 150
93 93
94 166
94 110
94 143
94 94
95 144
95 102
95 113
95 145
95 174
95 175
95 115
95 119
95 153
95 104
95 124
95 95
96 96
96 153
96 121
96 106
97 128
97 97
97 98
97 139
97 103
97 107
97 173
97 176
97 178
97 123
98 98
98 103
98 107
98 173
98 153
99 99
99 113
99 105
99 157
99 156
99 138
100 100
100 161
100 136
100 135
100 172
100 146
100 118
100 120
100 132
100 122
100 126
101 164
101 101
101 134
101 142
101 105
101 148
101 152
101 116
102 164
102 102
102 113
102 145
102 146
102 177
102 104
102 122
103 107
103 128
103 103
103 173
103 176
103 178
103 132
103 123
104 129
104 130
104 104
104 146
104 174
104 175
104 144
104 145
105 134
105 105
105 172
105 147
105 116
105 148
106 144
106 167
106 106
106 119
106 108
106 109
106 112
106 168
106 114
106 115
106 117
106 121
107 128
107 161
107 107
107 173
107 176
107 178
107 123
107 132
108 161
108 108
108 109
108 111
108 112
108 114
108 117
108 158
108 159
109 168
109 109
109 111
109 112
109 114
109 117
109 159
110 137
110 110
110 112
110 158
110 153
110 159
110 151
111 171
111 114
111 169
111 112
111 117
111 111
112 167
112 168
112 151
112 112
112 114
112 117
112 158
112 159
113 133
113 113
113 145
113 146
113 163
113 152
113 127
114 161
114 114
114 117
114 169
115 144
115 167
115 168
115 115
115 119
116 134
116 172
116 118
116 147
116 116
116 148
117 169
117 142
117 117
118 118
118 134
118 172
118 147
118 120
118 155
118 126
119 144
119 168
119 119
120 120
120 133
120 135
120 136
120 132
120 122
120 170
120 126
120 127
121 161
121 121
121 153
122 131
122 135
122 136
122 170
122 146
122 149
122 122
122 126
122 127
123 123
123 161
123 128
123 173
123 142
123 176
123 178
123 132
124 129
124 130
124 134
124 167
124 144
124 125
124 174
124 175
124 124
125 129
125 130
125 167
125 174
125 175
125 178
125 148
125 142
125 125
126 134
126 135
126 136
126 169
126 172
126 126
127 163
127 133
127 170
127 135
127 136
127 127
128 128
128 132
128 173
128 142
128 176
128 131
129 129
129 130
129 174
129 175
129 145
129 142
130 146
130 130
130 142
130 175
131 131
131 132
131 165
131 166
131 176
131 177
131 164
131 155
132 132
132 177
132 173
132 142
132 176
133 162
133 163
133 133
133 136
133 135
133 170
134 134
134 172
134 147
134 148
134 155
135 149
135 136
135 135
135 170
136 163
136 136
136 170
136 149
137 137
137 153
137 151
137 158
137 159
138 160
138 156
138 138
138 157
138 154
139 139
139 161
139 151
140 171
140 169
140 140
140 141
140 143
140 180
140 149
140 150
140 159
140 158
141 171
141 141
141 143
141 180
141 149
141 150
141 169
141 159
141 158
142 142
142 176
143 171
143 169
143 143
143 180
143 158
143 159
144 144
144 167
144 174
144 168
144 148
144 175
145 145
145 146
146 165
146 146
146 149
147 172
147 147
147 148
147 154
148 152
148 148
149 171
149 180
149 149
149 150
149 169
150 164
150 165
150 171
150 180
150 150
151 167
151 159
151 151
151 158
152 152
153 153
154 154
155 164
155 177
155 155
155 165
156 157
156 156
157 157
158 159
158 158
159 161
159 159
160 160
161 161
161 173
162 162
163 163
163 170
164 165
164 164
164 166
164 177
165 165
165 166
165 177
166 166
166 177
167 167
167 168
167 175
167 174
168 168
168 174
169 171
169 180
169 169
170 170
171 171
171 180
172 172
173 173
173 176
173 178
174 174
174 175
175 175
176 176
177 177
178 178
179 179
180 180
