1 1
1 66
1 131
1 4
1 135
1 132
1 77
1 88
1 89
1 90
1 26
1 94
2 161
2 2
2 137
2 106
2 151
2 109
2 110
2 112
2 158
2 23
2 153
2 159
2 94
2 63
3 176
3 123
3 130
3 3
3 150
3 24
3 128
3 107
3 125
3 142
3 173
4 66
4 131
4 4
4 103
4 107
4 173
4 77
4 7
4 89
4 123
4 126
5 80
5 68
5 5
5 6
5 7
5 56
5 148
5 154
5 11
5 12
5 73
6 80
6 22
6 20
6 6
6 7
6 56
6 154
6 11
6 157
6 13
7 68
7 7
7 73
7 11
7 12
7 80
7 56
7 154
7 29
8 96
8 8
8 26
8 106
8 54
8 167
8 168
8 58
8 55
8 10
8 174
9 32
9 144
9 41
9 13
9 46
9 16
9 51
9 52
9 53
9 9
9 57
9 60
10 96
10 104
10 41
10 10
10 119
10 174
10 144
10 54
10 55
10 57
10 26
11 162
11 137
11 11
11 110
11 80
11 20
11 105
11 56
11 154
12 97
12 98
12 67
12 68
12 73
12 103
12 12
12 173
12 178
12 179
12 84
12 24
13 16
13 115
13 101
13 39
13 29
13 45
13 46
13 13
13 80
13 51
13 152
13 179
13 59
13 58
14 96
14 32
14 34
14 133
14 70
14 71
14 169
14 76
14 142
14 111
14 52
14 14
14 57
14 153
14 121
14 44
15 161
15 162
15 35
15 36
15 37
15 38
15 39
15 105
15 106
15 139
15 15
15 17
15 27
15 29
15 30
16 51
16 68
16 101
16 41
16 57
16 46
16 45
16 16
16 179
16 84
16 149
16 150
16 152
16 164
16 58
16 60
16 53
16 52
17 161
17 134
17 105
17 42
17 139
17 172
17 176
17 17
17 147
17 116
17 148
17 27
17 29
17 30
18 160
18 65
18 34
18 99
18 164
18 69
18 70
18 71
18 138
18 86
18 78
18 79
18 81
18 18
18 83
18 85
18 22
18 87
18 156
18 62
18 21
19 161
19 100
19 146
19 145
19 40
19 42
19 108
19 50
19 49
19 114
19 19
19 151
19 25
19 122
19 28
19 94
20 167
20 168
20 137
20 47
20 80
20 82
20 115
20 148
20 56
20 20
20 157
21 160
21 65
21 163
21 69
21 133
21 72
21 64
21 138
21 21
21 93
21 61
21 81
21 99
21 170
21 149
21 87
21 127
21 156
21 74
21 85
22 32
22 65
22 138
22 160
22 78
22 79
22 83
22 22
22 154
22 156
22 157
22 62
23 137
23 42
23 151
23 108
23 109
23 110
23 77
23 112
23 158
23 23
23 89
23 159
23 94
23 63
24 128
24 97
24 67
24 132
24 103
24 107
24 173
24 142
24 176
24 178
24 118
24 24
24 123
24 60
25 129
25 130
25 102
25 145
25 40
25 43
25 50
25 111
25 49
25 146
25 25
25 26
25 28
25 104
26 34
26 75
26 40
26 43
26 174
26 143
26 54
26 26
26 28
26 104
27 161
27 162
27 35
27 38
27 39
27 105
27 42
27 139
27 176
27 147
27 148
27 116
27 27
27 29
27 30
28 161
28 139
28 40
28 42
28 43
28 49
28 30
28 89
28 28
28 158
29 162
29 147
29 101
29 134
29 105
29 39
29 51
29 116
29 55
29 45
29 148
29 152
29 29
30 161
30 35
30 36
30 37
30 38
30 49
30 40
30 105
30 42
30 139
30 43
30 132
30 30
31 96
31 33
31 134
31 172
31 177
31 147
31 84
31 118
31 56
31 120
31 155
31 126
31 31
32 32
32 34
32 41
32 57
32 78
32 79
32 48
32 179
32 52
32 153
32 58
32 59
32 60
32 53
33 96
33 33
33 134
33 135
33 137
33 172
33 147
33 116
33 118
33 120
33 155
33 126
34 65
34 34
34 57
34 169
34 74
34 160
34 83
34 52
34 53
34 41
34 153
34 121
34 60
34 62
34 95
35 35
35 162
35 36
35 37
35 38
35 39
35 56
35 59
36 162
36 36
36 37
36 38
36 39
36 40
36 43
36 139
36 132
37 162
37 37
37 38
37 39
37 40
37 43
37 139
37 132
38 162
38 38
38 39
38 106
38 43
38 139
38 132
39 128
39 162
39 39
39 176
39 119
40 161
40 43
40 40
40 108
40 139
40 44
40 89
40 121
41 97
41 41
41 179
41 52
41 53
41 73
41 153
41 57
41 58
41 59
41 60
41 157
42 161
42 100
42 49
42 42
42 50
42 112
42 146
42 89
42 122
42 159
43 161
43 43
43 139
43 109
43 112
44 96
44 108
44 114
44 117
44 121
44 75
44 44
44 109
44 111
45 97
45 101
45 105
45 45
45 46
45 51
45 116
45 152
45 148
46 164
46 179
46 46
46 157
46 51
46 52
46 149
46 150
46 152
46 58
46 59
46 53
46 101
47 80
47 101
47 167
47 168
47 106
47 47
47 144
47 82
47 115
47 119
47 56
48 48
48 99
48 164
48 155
48 167
48 74
48 174
48 175
48 144
48 81
48 82
48 115
48 52
48 78
48 79
48 124
48 95
49 161
49 100
49 146
49 135
49 145
49 77
49 49
49 50
49 122
50 100
50 102
50 135
50 50
50 145
50 146
50 121
50 122
51 58
51 115
51 101
51 178
51 51
51 53
51 152
51 179
51 59
52 99
52 60
52 179
52 52
52 150
52 57
52 124
52 53
52 149
53 144
53 142
53 57
53 60
53 53
54 167
54 168
54 106
54 119
54 174
54 144
54 115
54 54
54 55
54 59
55 96
55 118
55 134
55 167
55 168
55 106
55 119
55 109
55 115
55 116
55 55
55 148
56 137
56 110
56 80
56 105
56 56
56 154
57 179
57 57
57 58
57 59
57 60
58 179
58 103
58 58
58 59
58 60
59 162
59 179
59 167
59 173
59 152
59 59
59 60
60 97
60 67
60 179
60 60
61 64
61 163
61 133
61 136
61 170
61 171
61 113
61 87
61 72
61 127
61 61
61 69
62 160
62 69
62 70
62 71
62 138
62 98
62 83
62 87
62 86
62 62
63 100
63 94
63 151
63 89
63 158
63 159
63 66
63 77
63 63
64 64
64 163
64 133
64 136
64 170
64 171
64 72
64 87
64 69
64 127
65 160
65 65
65 133
65 138
65 87
65 156
65 85
65 69
66 66
66 159
66 77
66 143
66 88
66 158
66 151
66 120
66 89
66 90
66 91
66 92
66 94
67 97
67 98
67 67
67 68
67 103
67 73
67 107
67 173
67 178
67 84
68 97
68 98
68 68
68 70
68 73
68 178
68 84
68 154
69 69
69 70
69 71
69 72
69 160
69 150
69 87
69 153
69 86
69 85
70 160
70 98
70 70
70 71
70 138
70 83
70 84
70 86
70 87
71 160
71 98
71 71
71 138
71 83
71 84
71 86
71 87
72 163
72 85
72 87
72 72
72 169
72 170
72 127
73 97
73 73
73 178
73 84
73 154
73 124
73 125
73 101
74 99
74 133
74 102
74 113
74 74
74 81
74 163
74 95
74 156
74 85
74 165
75 171
75 140
75 169
75 75
75 76
75 141
75 145
75 114
75 180
75 117
75 108
75 111
75 143
76 130
76 102
76 169
76 170
76 171
76 76
76 141
76 143
76 108
76 114
76 180
76 111
76 140
77 151
77 77
77 110
77 158
77 89
77 100
77 90
77 94
77 159
78 144
78 99
78 138
78 82
78 78
78 79
78 85
78 156
78 157
79 144
79 99
79 138
79 82
79 79
79 85
79 156
79 157
80 80
80 82
80 115
80 154
80 157
81 163
81 133
81 102
81 113
81 127
81 81
81 99
81 95
81 156
81 85
81 165
82 167
82 168
82 144
82 82
82 115
82 119
82 152
82 157
83 160
83 86
83 138
83 175
83 83
83 84
83 85
83 124
83 125
84 97
84 98
84 84
84 154
84 125
85 160
85 99
85 86
85 87
85 163
85 156
85 138
85 85
85 149
86 160
86 98
86 86
86 87
86 153
86 155
86 149
87 170
87 160
87 93
87 87
87 153
88 131
88 165
88 166
88 140
88 141
88 143
88 177
88 102
88 88
88 153
88 90
88 91
88 92
88 93
89 137
89 110
89 158
89 89
89 159
89 94
90 165
90 166
90 136
90 140
90 143
90 145
90 90
90 91
90 92
90 94
91 131
91 165
91 166
91 140
91 141
91 143
91 177
91 102
91 91
91 92
91 93
92 131
92 165
92 166
92 171
92 140
92 141
92 143
92 177
92 102
92 92
92 93
93 155
93 164
93 165
93 166
93 177
93 149
93 150
93 93
94 151
94 159
94 110
94 158
94 143
94 94
95 129
95 102
95 113
95 145
95 174
95 175
95 146
95 104
95 95
96 96
96 98
96 100
96 135
96 119
96 109
96 114
96 117
96 121
96 106
97 128
97 97
97 98
97 103
97 107
97 173
97 176
97 178
97 123
98 98
98 153
99 99
99 157
99 156
99 138
100 161
100 100
100 146
100 145
100 136
100 135
100 172
100 120
100 122
100 126
101 172
101 164
101 101
101 134
101 116
101 147
101 105
101 152
101 148
101 154
102 102
102 113
102 145
102 146
102 104
103 128
103 103
103 105
103 107
103 173
103 176
103 178
103 172
103 116
103 132
103 123
104 129
104 130
104 113
104 104
104 174
104 175
104 145
104 146
104 180
104 124
105 134
105 105
105 172
105 147
105 116
105 148
106 147
106 167
106 106
106 119
106 109
106 110
106 112
106 168
106 115
107 128
107 107
107 173
107 142
107 176
107 178
107 147
107 132
107 123
108 108
108 109
108 112
108 114
108 117
108 121
108 111
108 151
108 158
108 159
109 109
109 112
109 114
109 117
109 121
109 151
109 158
109 159
110 161
110 137
110 110
110 112
110 158
110 151
110 159
111 114
111 169
111 171
111 141
111 143
111 146
111 117
111 121
111 111
111 140
112 137
112 112
112 114
112 117
112 151
112 158
112 159
113 163
113 113
113 145
113 146
113 180
113 127
114 135
114 158
114 114
114 117
114 151
114 120
114 121
114 122
114 126
115 144
115 115
115 167
115 168
115 119
116 134
116 172
116 147
116 116
116 118
116 148
117 117
117 151
117 121
117 122
117 158
118 134
118 135
118 172
118 120
118 147
118 118
118 155
118 126
119 168
119 119
119 142
119 144
120 135
120 136
120 170
120 172
120 120
120 132
120 122
120 126
120 127
121 163
121 146
121 142
121 153
121 121
121 127
121 130
122 135
122 136
122 146
122 122
122 126
123 128
123 173
123 142
123 176
123 178
123 147
123 132
123 123
124 129
124 130
124 167
124 174
124 175
124 124
124 125
125 129
125 130
125 174
125 175
125 178
125 149
125 125
126 134
126 135
126 136
126 172
126 126
127 163
127 133
127 170
127 135
127 171
127 136
127 127
128 128
128 132
128 173
128 142
128 176
128 178
129 129
129 130
129 169
129 171
129 174
129 175
129 145
130 130
130 174
130 175
130 145
130 142
131 131
131 132
131 166
131 177
131 176
131 145
131 155
132 173
132 142
132 176
132 178
132 139
132 132
133 163
133 170
133 133
134 134
134 172
134 147
134 148
134 155
135 136
135 170
135 135
136 163
136 136
136 170
137 137
137 151
137 158
137 159
138 160
138 138
138 155
138 156
138 157
139 161
139 139
140 171
140 166
140 169
140 140
140 141
140 145
140 180
140 143
141 171
141 166
141 169
141 141
141 145
141 180
141 143
142 142
142 173
142 176
143 171
143 166
143 143
143 180
143 169
143 151
144 144
144 167
144 168
144 174
145 145
145 146
146 146
147 172
147 173
147 147
147 148
148 148
148 172
148 178
148 152
149 149
149 164
149 165
149 169
149 171
149 180
149 150
150 164
150 165
150 169
150 171
150 174
150 175
150 150
150 180
151 158
151 151
151 159
152 167
152 152
153 168
153 177
153 153
154 154
155 164
155 177
155 155
155 165
156 164
156 157
156 156
157 157
158 158
158 159
159 159
160 160
161 161
162 162
163 163
163 170
164 164
164 166
164 175
164 177
164 165
165 165
165 166
165 177
166 166
166 170
166 177
167 167
167 174
167 168
168 168
169 171
169 180
169 169
170 170
170 180
171 171
171 180
172 172
173 173
173 176
173 178
174 174
174 175
175 175
176 178
176 176
177 177
178 179
178 178
179 179
180 180
