1 128
1 1
1 131
1 4
1 103
1 42
1 107
1 173
1 176
1 178
1 132
1 123
2 2
2 134
2 168
2 137
2 106
2 151
2 77
2 110
2 47
2 112
2 23
2 159
2 158
2 63
3 128
3 130
3 3
3 169
3 107
3 98
3 142
3 173
3 176
3 117
3 150
3 24
3 153
3 123
4 128
4 107
4 4
4 97
4 103
4 12
4 173
4 15
4 27
4 178
4 118
4 132
4 123
5 68
5 5
5 6
5 7
5 73
5 12
5 178
5 83
5 84
5 154
5 124
5 29
6 11
6 6
6 39
6 7
6 78
6 79
6 80
6 148
6 22
6 56
6 154
6 124
6 157
7 39
7 73
7 11
7 12
7 83
7 84
7 22
7 7
7 154
7 124
7 29
8 96
8 167
8 8
8 44
8 10
8 172
8 17
8 54
8 55
8 26
8 168
8 106
9 32
9 34
9 41
9 74
9 83
9 13
9 46
9 45
9 16
9 51
9 52
9 53
9 9
9 152
9 57
9 60
9 138
9 95
10 96
10 98
10 10
10 55
10 44
10 142
10 148
10 54
10 119
10 121
10 26
10 106
11 80
11 20
11 56
11 89
11 79
11 11
11 157
11 78
11 31
12 97
12 98
12 67
12 73
12 103
12 12
12 173
12 178
12 84
12 24
12 68
12 33
13 51
13 162
13 101
13 39
13 45
13 46
13 13
13 16
13 179
13 53
13 22
13 41
13 152
13 58
13 59
13 156
13 29
14 32
14 96
14 34
14 40
14 169
14 170
14 44
14 14
14 50
14 52
14 121
14 57
14 60
15 162
15 35
15 36
15 37
15 38
15 39
15 105
15 42
15 139
15 15
15 49
15 17
15 119
15 27
15 29
15 30
16 164
16 69
16 46
16 45
16 16
16 179
16 52
16 149
16 150
16 87
16 152
16 26
16 60
16 53
17 161
17 132
17 134
17 17
17 105
17 42
17 139
17 49
17 147
17 116
17 55
17 148
17 27
17 29
17 30
18 160
18 65
18 163
18 69
18 72
18 64
18 138
18 61
18 22
18 18
18 83
18 85
18 86
18 87
18 179
18 127
18 156
18 170
18 21
19 161
19 100
19 102
19 135
19 40
19 43
19 50
19 145
19 146
19 19
19 180
19 25
19 122
19 28
20 80
20 35
20 167
20 168
20 137
20 110
20 47
20 144
20 82
20 115
20 20
20 105
20 56
20 157
21 160
21 65
21 163
21 69
21 64
21 138
21 81
21 179
21 85
21 22
21 87
21 127
21 156
21 61
21 21
22 160
22 65
22 101
22 138
22 45
22 83
22 22
22 154
22 157
22 62
22 85
23 137
23 106
23 151
23 108
23 110
23 143
23 112
23 158
23 23
23 159
23 30
23 63
24 128
24 97
24 67
24 68
24 51
24 103
24 107
24 173
24 142
24 176
24 59
24 178
24 24
24 132
24 123
25 129
25 130
25 102
25 40
25 43
25 146
25 145
25 50
25 149
25 25
25 26
25 28
25 104
26 104
26 43
26 174
26 179
26 40
26 54
26 55
26 26
26 155
27 161
27 148
27 35
27 132
27 37
27 38
27 49
27 105
27 42
27 139
27 147
27 116
27 27
27 29
27 30
28 161
28 130
28 131
28 40
28 43
28 76
28 49
28 50
28 139
28 28
28 30
29 45
29 148
29 152
29 39
29 29
29 162
29 35
29 101
29 103
29 105
29 42
29 107
29 173
29 178
29 51
29 116
30 161
30 43
30 36
30 37
30 38
30 49
30 42
30 139
30 158
30 147
30 30
30 94
30 159
31 33
31 134
31 172
31 177
31 147
31 116
31 118
31 56
31 155
31 125
31 126
31 31
32 32
32 34
32 121
32 102
32 71
32 41
32 179
32 52
32 57
32 86
32 153
32 58
32 59
32 60
33 33
33 121
33 134
33 172
33 114
33 147
33 116
33 118
33 151
33 120
33 89
33 155
33 126
34 34
34 121
34 72
34 41
34 146
34 179
34 52
34 57
34 60
34 61
35 162
35 35
35 36
35 37
35 38
35 39
35 42
35 153
36 162
36 36
36 37
36 38
36 39
36 40
36 106
36 43
36 110
36 139
36 89
37 162
37 37
37 38
37 39
37 168
37 139
37 55
38 162
38 38
38 39
38 168
38 139
39 162
39 39
39 176
39 157
39 51
39 45
40 129
40 130
40 139
40 40
40 43
41 68
41 104
41 41
41 179
41 52
41 53
41 153
41 57
41 58
41 59
41 60
41 125
42 105
42 42
42 139
42 161
42 49
42 147
42 116
42 137
43 161
43 130
43 43
43 139
43 76
44 96
44 169
44 75
44 76
44 109
44 142
44 111
44 108
44 114
44 54
44 55
44 121
44 44
44 117
45 68
45 101
45 45
45 174
45 51
45 148
45 46
45 152
45 53
46 164
46 179
46 104
46 46
46 51
46 52
46 149
46 152
46 58
46 53
46 101
47 167
47 168
47 137
47 110
47 47
47 144
47 82
47 115
47 119
47 153
48 48
48 99
48 101
48 167
48 104
48 74
48 78
48 79
48 144
48 82
48 115
48 174
48 157
48 95
49 161
49 100
49 49
49 139
49 109
49 147
49 63
50 100
50 165
50 102
50 135
50 136
50 50
50 145
50 146
50 120
50 122
51 97
51 162
51 67
51 101
51 51
51 152
51 99
51 148
51 53
51 73
51 58
51 59
51 124
52 163
52 102
52 127
52 179
52 52
52 150
52 57
52 58
52 59
52 60
52 149
53 99
53 101
53 175
53 53
53 152
53 153
53 154
54 96
54 134
54 167
54 106
54 119
54 109
54 168
54 54
54 55
55 96
55 134
55 167
55 106
55 119
55 109
55 147
55 55
55 168
56 80
56 137
56 56
56 89
56 79
56 157
56 110
57 70
57 71
57 179
57 149
57 153
57 57
57 58
57 59
57 60
58 179
58 175
58 153
58 58
58 59
58 60
59 65
59 162
59 179
59 133
59 83
59 152
59 81
59 59
59 60
60 160
60 70
60 179
60 153
60 60
60 62
61 64
61 163
61 164
61 69
61 136
61 170
61 72
61 87
61 61
61 127
62 160
62 65
62 69
62 70
62 71
62 138
62 86
62 83
62 84
62 87
62 154
62 62
63 66
63 151
63 140
63 141
63 77
63 143
63 112
63 158
63 90
63 63
63 94
63 159
64 64
64 163
64 164
64 69
64 136
64 170
64 72
64 87
64 127
65 160
65 65
65 83
65 138
65 156
65 85
66 66
66 166
66 139
66 77
66 110
66 151
66 88
66 89
66 90
66 91
66 92
66 94
67 97
67 98
67 67
67 68
67 103
67 73
67 107
67 173
67 178
67 148
67 84
68 97
68 98
68 68
68 70
68 73
68 178
68 179
68 84
68 125
69 160
69 69
69 70
69 71
69 72
69 83
69 86
69 87
70 160
70 98
70 70
70 71
70 130
70 83
70 84
70 86
70 87
70 154
70 155
71 160
71 98
71 71
71 138
71 83
71 84
71 86
71 87
72 160
72 163
72 87
72 72
72 170
72 127
73 97
73 73
73 175
73 178
73 84
73 154
73 124
73 125
74 99
74 133
74 102
74 113
74 74
74 78
74 79
74 81
74 156
74 157
74 95
75 171
75 143
75 169
75 75
75 108
75 109
75 142
75 111
75 76
75 141
75 114
75 180
75 117
75 140
76 100
76 114
76 169
76 171
76 76
76 141
76 142
76 140
76 180
76 117
76 150
76 111
76 143
76 149
77 137
77 172
77 110
77 77
77 151
77 88
77 89
77 90
77 91
77 92
77 94
78 80
78 99
78 101
78 78
78 79
78 81
78 156
78 157
78 95
79 80
79 99
79 101
79 79
79 81
79 82
79 156
79 157
80 99
80 105
80 80
80 82
80 89
80 157
81 99
81 133
81 102
81 113
81 81
81 95
81 85
81 156
82 144
82 167
82 168
82 82
82 115
82 119
82 155
82 157
83 160
83 138
83 86
83 175
83 83
83 85
83 154
83 124
83 125
84 97
84 98
84 179
84 84
84 154
84 125
85 160
85 163
85 138
85 99
85 113
85 179
85 127
85 156
85 85
86 160
86 98
86 138
86 130
86 86
86 87
87 160
87 170
87 87
88 131
88 100
88 165
88 166
88 177
88 88
88 90
88 91
88 92
88 93
88 94
89 137
89 110
89 89
89 90
89 94
90 161
90 166
90 90
90 91
90 92
90 94
91 165
91 166
91 140
91 141
91 153
91 91
91 92
91 93
91 94
92 131
92 165
92 166
92 140
92 141
92 177
92 153
92 92
92 93
92 94
93 177
93 146
93 131
93 164
93 165
93 166
93 93
93 150
94 166
94 158
94 139
94 159
94 110
94 94
94 118
94 151
95 144
95 99
95 113
95 102
95 145
95 104
95 175
95 174
95 156
95 95
96 96
96 98
96 109
96 111
96 114
96 117
96 121
97 128
97 97
97 98
97 103
97 107
97 173
97 178
97 123
98 98
98 103
98 153
99 99
99 157
99 156
99 138
100 161
100 100
100 134
100 135
100 136
100 172
100 141
100 118
100 120
100 122
100 140
100 126
101 164
101 101
101 105
101 148
101 152
101 116
101 155
102 102
102 113
102 145
102 146
102 127
102 104
103 128
103 134
103 107
103 173
103 176
103 178
103 123
103 132
103 103
104 129
104 145
104 104
104 174
104 175
104 113
105 148
105 134
105 105
105 178
105 147
105 116
106 134
106 167
106 106
106 108
106 109
106 112
106 168
106 114
106 115
106 119
106 159
107 123
107 128
107 107
107 173
107 142
107 176
107 178
107 132
108 108
108 109
108 111
108 112
108 114
108 117
108 118
108 158
108 159
109 118
109 109
109 111
109 112
109 114
109 117
109 158
109 159
110 153
110 167
110 137
110 151
110 110
110 112
110 158
110 159
111 171
111 169
111 142
111 111
111 141
111 114
111 180
111 117
111 121
111 140
112 168
112 137
112 151
112 172
112 143
112 112
112 114
112 117
112 159
112 158
113 163
113 133
113 113
113 145
113 146
113 179
113 127
113 156
114 171
114 140
114 169
114 114
114 117
114 121
114 143
115 144
115 167
115 168
115 137
115 174
115 115
115 119
115 153
116 123
116 134
116 168
116 172
116 147
116 116
116 118
116 148
117 161
117 171
117 117
117 169
117 121
118 134
118 135
118 172
118 147
118 126
118 118
118 120
118 155
119 167
119 168
119 119
119 144
120 133
120 135
120 136
120 170
120 172
120 142
120 120
120 122
120 126
120 127
121 169
121 121
121 122
122 135
122 136
122 170
122 146
122 122
122 126
122 127
123 128
123 173
123 142
123 176
123 178
123 123
123 132
124 129
124 125
124 174
124 175
124 124
124 154
125 129
125 130
125 174
125 175
125 178
125 152
125 125
126 133
126 166
126 135
126 136
126 172
126 126
127 163
127 164
127 133
127 145
127 170
127 135
127 136
127 127
128 128
128 172
128 173
128 142
128 176
128 178
128 132
129 129
129 130
129 174
129 175
129 145
129 146
129 155
130 130
130 142
130 175
130 180
130 155
131 131
131 132
131 165
131 166
131 135
131 176
131 177
131 164
132 162
132 173
132 142
132 176
132 132
133 136
133 163
133 133
133 135
134 134
134 172
134 147
134 148
134 155
135 135
135 136
135 170
135 146
136 136
136 170
136 146
136 150
137 137
137 151
137 158
137 153
137 159
138 160
138 138
138 154
138 156
139 161
139 139
140 171
140 140
140 169
140 141
140 180
140 143
140 158
141 171
141 166
141 169
141 141
141 180
141 143
141 158
142 173
142 142
142 176
142 171
142 150
143 161
143 151
143 143
143 171
143 159
143 158
144 144
144 167
144 168
144 174
144 153
145 145
145 177
145 146
146 146
146 149
147 155
147 172
147 147
147 148
148 148
149 169
149 171
149 180
149 149
149 150
150 164
150 165
150 169
150 171
150 180
150 150
151 151
151 158
151 159
152 175
152 152
153 166
153 167
153 177
153 153
154 175
154 154
155 164
155 172
155 177
155 155
156 157
156 156
157 157
158 158
158 159
159 159
160 160
161 161
161 172
162 162
163 163
163 170
164 165
164 164
164 166
164 177
165 177
165 165
165 166
166 166
166 177
167 167
167 168
167 174
168 168
169 171
169 180
169 169
170 177
170 170
171 171
171 180
172 172
173 173
173 176
173 178
174 174
174 175
175 175
176 176
176 178
177 177
178 178
179 179
180 180
