1 128
1 1
1 131
1 4
1 103
1 107
1 173
1 176
1 49
1 178
1 88
1 132
1 90
1 123
2 2
2 137
2 106
2 23
2 108
2 110
2 143
2 112
2 158
2 151
2 56
2 47
2 30
2 159
3 96
3 129
3 130
3 3
3 68
3 97
3 98
3 142
3 67
3 118
3 24
3 153
3 125
4 67
4 4
4 97
4 103
4 12
4 173
4 178
4 107
4 132
4 123
4 30
5 162
5 68
5 5
5 6
5 7
5 73
5 11
5 172
5 12
5 83
5 84
5 22
5 154
5 125
6 6
6 7
6 11
6 80
6 118
6 83
6 22
6 56
6 89
6 154
6 124
6 157
7 68
7 7
7 73
7 11
7 12
7 15
7 84
7 56
7 89
7 154
8 96
8 167
8 8
8 168
8 10
8 44
8 17
8 54
8 55
8 121
8 26
8 27
8 106
9 160
9 32
9 34
9 104
9 41
9 74
9 13
9 46
9 45
9 16
9 51
9 52
9 53
9 9
9 152
9 57
9 26
9 60
10 96
10 168
10 98
10 54
10 55
10 121
10 10
10 119
10 44
10 26
11 80
11 20
11 56
11 89
11 11
11 172
11 110
11 137
12 97
12 98
12 67
12 73
12 103
12 12
12 162
12 173
12 178
12 84
12 24
12 68
13 51
13 98
13 101
13 39
13 71
13 45
13 46
13 13
13 16
13 179
13 53
13 41
13 152
13 58
13 59
13 29
14 96
14 32
14 34
14 121
14 169
14 170
14 44
14 98
14 14
14 50
14 52
14 153
14 57
14 60
15 162
15 35
15 36
15 37
15 38
15 105
15 42
15 139
15 15
15 49
15 20
15 17
15 54
15 39
15 27
15 29
15 30
16 133
16 45
16 46
16 16
16 113
16 51
16 52
16 149
16 150
16 152
16 53
17 161
17 17
17 105
17 42
17 49
17 178
17 147
17 116
17 148
17 27
17 29
17 30
18 160
18 65
18 163
18 69
18 72
18 64
18 138
18 81
18 18
18 179
18 85
18 86
18 87
18 31
18 156
18 61
18 21
19 161
19 171
19 100
19 102
19 135
19 40
19 145
19 43
19 50
19 49
19 146
19 19
19 120
19 25
19 136
19 28
19 122
20 80
20 147
20 167
20 168
20 137
20 110
20 47
20 144
20 82
20 115
20 20
20 56
20 157
21 160
21 65
21 99
21 101
21 138
21 81
21 21
21 22
21 87
21 58
21 156
21 61
21 85
22 160
22 33
22 71
22 138
22 78
22 79
22 83
22 22
22 154
22 157
22 62
23 139
23 137
23 23
23 108
23 110
23 143
23 112
23 151
23 159
23 158
23 63
24 123
24 97
24 98
24 68
24 39
24 128
24 107
24 173
24 142
24 176
24 178
24 67
24 24
24 132
24 103
25 129
25 130
25 102
25 104
25 43
25 146
25 145
25 50
25 149
25 150
25 40
25 25
25 26
25 28
26 104
26 41
26 43
26 40
26 54
26 26
26 28
26 55
27 97
27 35
27 147
27 37
27 38
27 49
27 161
27 42
27 139
27 67
27 116
27 30
27 105
27 56
27 148
27 27
27 29
27 55
28 161
28 139
28 166
28 40
28 28
28 43
28 146
28 49
28 50
28 91
28 92
28 30
29 162
29 147
29 101
29 39
29 105
29 42
29 29
29 45
29 51
29 116
29 152
29 148
29 157
30 128
30 161
30 35
30 37
30 38
30 49
30 42
30 139
30 43
30 151
30 36
30 30
30 100
31 33
31 130
31 99
31 164
31 134
31 129
31 172
31 174
31 115
31 177
31 131
31 118
31 155
31 126
31 31
32 32
32 34
32 121
32 102
32 41
32 179
32 52
32 57
32 153
32 58
32 59
32 60
33 33
33 155
33 118
33 134
33 168
33 172
33 175
33 177
33 147
33 116
33 47
33 126
34 34
34 121
34 72
34 41
34 44
34 98
34 52
34 153
34 57
34 60
35 162
35 35
35 36
35 37
35 38
35 39
35 168
35 42
35 119
36 162
36 36
36 37
36 38
36 39
36 40
36 43
36 110
36 139
36 89
37 128
37 162
37 37
37 38
37 39
37 43
37 176
37 139
38 162
38 38
38 39
38 43
38 176
38 139
38 56
39 162
39 39
39 144
39 51
39 68
39 154
39 59
39 157
40 129
40 130
40 139
40 165
40 40
40 43
40 155
41 65
41 71
41 41
41 179
41 52
41 153
41 57
41 59
41 60
41 58
42 107
42 161
42 123
42 49
42 42
42 139
42 173
42 147
42 106
42 89
43 130
43 131
43 43
43 76
43 139
43 166
44 96
44 100
44 169
44 75
44 108
44 109
44 44
44 114
44 117
44 54
44 55
44 121
44 111
44 106
44 126
45 160
45 101
45 105
45 45
45 46
45 51
45 148
45 53
45 152
46 101
46 104
46 46
46 51
46 52
46 149
46 152
46 53
47 144
47 115
47 167
47 168
47 137
47 106
47 47
47 48
47 82
47 147
47 119
47 153
48 48
48 99
48 167
48 104
48 74
48 175
48 174
48 79
48 144
48 82
48 115
48 148
48 78
48 119
48 124
48 157
48 95
49 66
49 100
49 161
49 139
49 109
49 158
49 49
49 94
50 100
50 102
50 113
50 136
50 135
50 50
50 145
50 146
50 122
51 179
51 175
51 51
51 53
51 152
51 58
51 59
51 156
51 101
52 102
52 57
52 179
52 52
52 180
52 58
52 127
52 60
52 53
52 149
53 101
53 138
53 53
53 152
53 156
53 62
54 96
54 167
54 106
54 119
54 109
54 168
54 54
54 55
54 121
55 96
55 167
55 106
55 119
55 109
55 168
55 55
55 121
56 137
56 110
56 80
56 56
56 89
57 87
57 179
57 153
57 57
57 58
57 59
57 60
58 162
58 179
58 70
58 58
58 59
58 60
58 133
59 162
59 133
59 81
59 179
59 59
59 60
59 125
59 62
59 95
60 179
60 86
60 87
60 153
60 60
61 64
61 65
61 163
61 133
61 72
61 170
61 155
61 61
61 85
61 127
62 160
62 69
62 70
62 71
62 138
62 83
62 87
62 154
62 86
62 62
63 75
63 171
63 140
63 141
63 143
63 112
63 158
63 159
63 94
63 126
63 63
64 64
64 65
64 163
64 85
64 87
64 72
64 170
64 155
64 127
65 65
65 163
65 72
65 138
65 160
65 170
65 87
65 127
65 156
65 85
66 66
66 166
66 88
66 89
66 90
66 91
66 92
66 77
66 94
66 143
67 123
67 97
67 98
67 103
67 73
67 107
67 173
67 178
67 67
67 84
67 68
68 97
68 98
68 68
68 73
68 178
68 84
69 160
69 83
69 69
69 86
69 87
69 138
69 71
69 70
69 101
70 160
70 98
70 70
70 71
70 83
70 84
70 86
70 87
70 154
71 160
71 98
71 71
71 83
71 179
71 87
71 154
71 86
72 163
72 85
72 87
72 72
72 170
72 127
73 97
73 73
73 172
73 178
73 84
73 154
73 124
73 125
74 99
74 133
74 102
74 113
74 74
74 78
74 79
74 145
74 85
74 152
74 95
74 156
74 81
75 171
75 100
75 108
75 75
75 76
75 109
75 143
75 141
75 114
75 180
75 117
75 169
75 111
75 140
76 169
76 171
76 76
76 141
76 143
76 114
76 180
76 117
76 150
76 111
76 140
76 149
77 161
77 166
77 77
77 110
77 94
77 151
77 88
77 89
77 90
77 91
77 92
77 158
78 80
78 99
78 157
78 78
78 79
78 81
78 82
78 148
78 156
78 138
79 80
79 99
79 79
79 157
79 82
79 115
79 148
79 156
79 138
80 80
80 147
80 137
80 89
80 157
81 99
81 133
81 102
81 113
81 127
81 81
81 152
81 156
81 85
81 95
82 144
82 99
82 168
82 105
82 82
82 115
82 119
82 157
83 160
83 124
83 138
83 86
83 175
83 83
83 148
83 154
83 125
84 172
84 97
84 98
84 147
84 84
84 154
84 125
85 99
85 170
85 160
85 113
85 163
85 138
85 87
85 152
85 127
85 156
85 85
86 160
86 138
86 87
86 86
87 160
87 87
87 152
88 131
88 165
88 166
88 88
88 120
88 90
88 91
88 92
88 93
88 94
89 89
89 90
89 94
90 100
90 166
90 90
90 91
90 92
90 94
91 164
91 165
91 166
91 141
91 91
91 92
91 93
91 94
92 164
92 165
92 166
92 92
92 141
92 177
92 93
92 94
93 131
93 164
93 165
93 166
93 177
93 146
93 155
93 150
93 93
94 166
94 158
94 159
94 110
94 143
94 126
94 151
94 94
95 129
95 99
95 102
95 113
95 145
95 174
95 175
95 144
95 104
95 95
96 96
96 161
96 139
96 109
96 142
96 114
96 121
96 117
97 123
97 97
97 98
97 103
97 128
97 107
97 173
97 178
98 98
98 103
98 153
99 99
99 157
99 156
99 138
100 161
100 100
100 135
100 136
100 172
100 143
100 126
100 120
100 132
100 111
100 122
101 134
101 142
101 105
101 148
101 152
101 116
101 101
102 164
102 102
102 113
102 145
102 146
102 127
102 104
103 128
103 107
103 162
103 142
103 173
103 176
103 178
103 123
103 132
103 103
104 129
104 130
104 104
104 144
104 174
104 175
104 145
105 147
105 134
105 105
105 172
105 115
105 116
105 118
105 148
106 167
106 151
106 108
106 109
106 112
106 168
106 114
106 115
106 119
106 106
107 128
107 107
107 173
107 142
107 176
107 178
107 123
107 132
108 161
108 108
108 109
108 111
108 112
108 114
108 117
108 158
108 159
109 168
109 109
109 111
109 112
109 114
109 117
109 158
109 159
110 167
110 137
110 110
110 112
110 158
110 153
110 151
110 159
111 171
111 169
111 111
111 112
111 114
111 180
111 117
111 141
111 121
111 140
112 139
112 168
112 137
112 151
112 112
112 114
112 117
112 159
112 158
113 163
113 133
113 113
113 145
113 146
113 155
113 127
113 156
113 170
114 161
114 171
114 169
114 114
114 117
114 158
115 144
115 167
115 168
115 174
115 115
115 119
116 134
116 172
116 147
116 148
116 118
116 116
116 154
117 161
117 169
117 117
117 121
118 134
118 172
118 147
118 118
118 120
118 155
118 124
118 126
119 144
119 168
119 119
119 148
120 133
120 135
120 136
120 172
120 140
120 141
120 176
120 120
120 122
120 126
121 136
121 153
121 121
121 126
122 135
122 136
122 169
122 170
122 146
122 180
122 122
122 126
122 127
123 128
123 173
123 142
123 176
123 178
123 123
123 132
124 129
124 130
124 167
124 174
124 175
124 154
124 124
124 125
125 129
125 130
125 134
125 174
125 175
125 154
125 125
126 134
126 135
126 136
126 172
126 178
126 126
127 163
127 133
127 170
127 135
127 136
127 127
128 128
128 131
128 132
128 173
128 142
128 176
128 178
129 129
129 130
129 145
129 174
129 175
130 130
130 142
130 175
131 131
131 132
131 165
131 166
131 176
131 177
131 164
131 155
132 132
132 173
132 176
132 177
132 155
133 163
133 133
133 136
133 135
133 170
134 134
134 172
134 147
134 148
135 166
135 135
135 136
135 169
135 170
135 171
136 136
136 170
136 146
136 180
137 137
137 153
137 151
137 158
137 159
138 160
138 156
138 138
138 157
138 154
139 161
139 139
139 159
140 169
140 171
140 140
140 141
140 143
140 150
140 158
141 171
141 169
141 141
141 180
141 149
141 150
141 143
141 158
142 173
142 142
142 176
142 149
143 171
143 169
143 158
143 143
143 159
143 151
144 144
144 167
144 174
144 168
144 148
145 164
145 145
145 146
146 146
146 150
147 148
147 172
147 147
148 172
148 152
148 148
149 169
149 171
149 180
149 150
149 149
150 164
150 165
150 169
150 171
150 180
150 150
151 158
151 167
151 151
151 159
152 152
153 153
154 154
155 165
155 177
155 163
155 164
155 155
156 157
156 156
157 157
158 159
158 158
159 159
160 160
161 161
161 176
162 162
163 163
163 170
164 164
164 165
164 177
164 170
164 166
165 165
165 166
165 177
166 166
166 177
167 167
167 172
167 168
167 174
167 175
168 168
169 171
169 180
169 169
170 177
170 170
171 171
171 180
172 172
173 173
173 176
173 178
174 174
174 175
175 175
176 176
176 178
177 177
178 178
179 179
180 180
