1 128
1 2
1 131
1 4
1 5
1 6
1 7
1 137
1 11
1 12
1 141
1 143
1 23
1 24
1 132
1 154
1 158
1 159
1 165
1 166
1 173
1 176
1 177
1 178
1 56
1 151
1 63
1 66
1 67
1 68
1 73
1 77
1 84
1 88
1 89
1 90
1 91
1 92
1 93
1 94
1 97
1 103
1 107
1 110
1 140
1 123
2 4
2 5
2 6
2 7
2 137
2 11
2 12
2 141
2 143
2 144
2 20
2 23
2 154
2 157
2 158
2 159
2 166
2 167
2 168
2 169
2 171
2 44
2 114
2 47
2 48
2 178
2 56
2 151
2 63
2 66
2 73
2 75
2 76
2 77
2 78
2 79
2 80
2 82
2 88
2 89
2 90
2 91
2 92
2 94
2 99
2 106
2 108
2 109
2 110
2 111
2 112
2 140
2 115
2 117
2 124
3 24
3 130
3 125
3 142
4 128
4 131
4 132
4 5
4 6
4 7
4 137
4 11
4 12
4 141
4 143
4 20
4 22
4 23
4 24
4 154
4 158
4 159
4 166
4 173
4 176
4 178
4 56
4 151
4 63
4 66
4 67
4 68
4 70
4 73
4 77
4 80
4 83
4 84
4 88
4 89
4 90
4 91
4 92
4 94
4 97
4 103
4 107
4 110
4 140
4 123
5 128
5 6
5 7
5 137
5 138
5 11
5 12
5 18
5 20
5 21
5 22
5 151
5 24
5 23
5 154
5 175
5 156
5 157
5 158
5 159
5 160
5 176
5 173
5 47
5 48
5 178
5 56
5 62
5 63
5 65
5 66
5 67
5 68
5 69
5 70
5 71
5 73
5 77
5 78
5 79
5 80
5 81
5 82
5 83
5 84
5 85
5 86
5 87
5 89
5 90
5 94
5 97
5 98
5 99
5 103
5 107
5 110
5 123
5 124
5 125
5 132
6 128
6 7
6 137
6 138
6 11
6 12
6 144
6 18
6 20
6 21
6 22
6 151
6 24
6 23
6 154
6 175
6 156
6 157
6 158
6 159
6 160
6 176
6 163
6 167
6 168
6 173
6 174
6 47
6 48
6 178
6 56
6 61
6 62
6 63
6 64
6 65
6 66
6 67
6 68
6 69
6 70
6 71
6 72
6 73
6 74
6 77
6 78
6 79
6 80
6 81
6 82
6 83
6 84
6 85
6 86
6 87
6 89
6 94
6 95
6 97
6 99
6 103
6 107
6 110
6 112
6 113
6 115
6 123
6 124
6 125
7 128
7 137
7 138
7 11
7 12
7 18
7 20
7 21
7 22
7 151
7 24
7 23
7 154
7 175
7 156
7 157
7 158
7 159
7 160
7 176
7 173
7 47
7 48
7 178
7 56
7 62
7 63
7 65
7 66
7 67
7 68
7 69
7 70
7 71
7 73
7 77
7 78
7 79
7 80
7 81
7 82
7 83
7 84
7 85
7 86
7 87
7 89
7 90
7 94
7 97
7 98
7 99
7 103
7 107
7 110
7 115
7 123
7 124
7 125
7 132
8 96
8 167
8 168
8 10
8 119
8 44
8 109
8 54
8 55
8 121
8 26
8 106
9 51
9 134
9 34
9 13
9 16
9 17
9 147
9 148
9 149
9 150
9 57
9 152
9 15
9 29
9 32
9 162
9 35
9 164
9 101
9 39
9 41
9 42
9 172
9 45
9 46
9 93
9 27
9 179
9 116
9 53
9 118
9 105
9 52
9 58
9 59
9 60
10 96
10 54
10 55
10 121
10 26
10 119
11 128
11 137
11 138
11 23
11 12
11 143
11 144
11 18
11 20
11 21
11 22
11 151
11 24
11 154
11 175
11 156
11 157
11 158
11 159
11 160
11 176
11 167
11 168
11 173
11 174
11 47
11 48
11 178
11 56
11 62
11 63
11 65
11 66
11 67
11 68
11 69
11 70
11 71
11 73
11 74
11 77
11 78
11 79
11 80
11 81
11 82
11 83
11 84
11 85
11 86
11 87
11 89
11 90
11 94
11 97
11 99
11 103
11 106
11 107
11 108
11 109
11 110
11 112
11 115
11 123
11 124
11 125
12 128
12 137
12 138
12 18
12 20
12 21
12 22
12 24
12 132
12 154
12 156
12 157
12 160
12 173
12 175
12 176
12 178
12 56
12 62
12 65
12 66
12 67
12 68
12 69
12 70
12 71
12 73
12 77
12 78
12 79
12 80
12 83
12 84
12 85
12 86
12 87
12 89
12 90
12 94
12 97
12 98
12 99
12 103
12 107
12 110
12 123
12 124
12 125
13 51
13 134
13 139
13 15
13 16
13 17
13 147
13 148
13 149
13 150
13 57
13 152
13 164
13 27
13 29
13 30
13 37
13 32
13 161
13 162
13 35
13 36
13 101
13 38
13 39
13 41
13 42
13 172
13 45
13 46
13 93
13 49
13 179
13 116
13 53
13 118
13 105
13 52
13 58
13 59
13 60
14 32
14 96
14 34
14 171
14 121
14 41
14 75
14 76
14 109
14 44
14 108
14 114
14 52
14 53
14 169
14 57
14 111
14 60
14 117
15 51
15 147
15 134
15 135
15 139
15 16
15 17
15 146
15 19
15 148
15 152
15 25
15 27
15 28
15 29
15 30
15 37
15 58
15 161
15 162
15 35
15 100
15 101
15 38
15 39
15 105
15 42
15 43
15 172
15 45
15 46
15 49
15 50
15 179
15 116
15 53
15 118
15 122
15 59
15 36
16 51
16 134
16 57
16 17
16 37
16 147
16 148
16 149
16 150
16 105
16 152
16 27
16 52
16 29
16 101
16 32
16 162
16 35
16 164
16 165
16 38
16 39
16 169
16 171
16 172
16 45
16 46
16 93
16 179
16 180
16 53
16 41
16 116
16 58
16 59
16 60
17 51
17 134
17 135
17 136
17 139
17 145
17 146
17 147
17 148
17 152
17 27
17 28
17 29
17 30
17 31
17 33
17 162
17 35
17 36
17 37
17 38
17 39
17 42
17 43
17 172
17 45
17 46
17 49
17 50
17 179
17 53
17 58
17 59
17 161
17 100
17 101
17 105
17 19
17 116
17 118
17 120
17 122
17 126
18 129
18 130
18 136
18 138
18 145
18 146
18 20
18 21
18 22
18 154
18 175
18 156
18 157
18 133
18 160
18 163
18 170
18 135
18 47
18 48
18 178
18 56
18 61
18 62
18 64
18 65
18 67
18 68
18 69
18 70
18 71
18 72
18 73
18 74
18 78
18 79
18 80
18 81
18 82
18 83
18 84
18 85
18 86
18 87
18 95
18 97
18 98
18 99
18 102
18 113
18 115
18 122
18 124
18 125
18 127
19 129
19 130
19 134
19 135
19 136
19 139
19 145
19 146
19 147
19 148
19 25
19 27
19 28
19 29
19 30
19 33
19 162
19 35
19 36
19 37
19 38
19 39
19 40
19 42
19 43
19 172
19 49
19 50
19 61
19 64
19 161
19 74
19 81
19 163
19 95
19 100
19 102
19 104
19 105
19 113
19 116
19 118
19 120
19 122
19 170
19 126
19 127
20 137
20 138
20 143
20 144
20 21
20 22
20 151
20 24
20 23
20 154
20 175
20 156
20 157
20 158
20 159
20 160
20 167
20 168
20 174
20 47
20 48
20 178
20 56
20 62
20 63
20 65
20 66
20 67
20 68
20 69
20 70
20 71
20 73
20 74
20 77
20 78
20 79
20 80
20 81
20 82
20 83
20 84
20 85
20 86
20 87
20 89
20 94
20 95
20 97
20 99
20 106
20 108
20 109
20 110
20 112
20 113
20 114
20 115
20 117
20 119
20 124
20 125
21 129
21 130
21 136
21 138
21 145
21 22
21 154
21 175
21 156
21 157
21 133
21 160
21 163
21 170
21 135
21 47
21 48
21 50
21 56
21 61
21 62
21 64
21 65
21 67
21 68
21 69
21 70
21 71
21 72
21 73
21 74
21 78
21 79
21 80
21 81
21 82
21 83
21 84
21 85
21 86
21 87
21 95
21 97
21 98
21 99
21 102
21 146
21 113
21 120
21 122
21 124
21 125
21 127
22 129
22 130
22 137
22 138
22 24
22 154
22 175
22 156
22 157
22 133
22 160
22 163
22 170
22 173
22 47
22 48
22 178
22 56
22 61
22 62
22 64
22 65
22 67
22 68
22 69
22 70
22 71
22 72
22 73
22 74
22 78
22 79
22 80
22 81
22 82
22 83
22 84
22 85
22 86
22 87
22 89
22 95
22 97
22 98
22 99
22 103
22 107
22 110
22 113
22 115
22 123
22 124
22 125
22 127
23 137
23 140
23 141
23 143
23 144
23 151
23 154
23 157
23 158
23 159
23 166
23 167
23 168
23 169
23 171
23 44
23 47
23 178
23 56
23 63
23 66
23 73
23 75
23 76
23 77
23 78
23 79
23 80
23 82
23 88
23 89
23 90
23 91
23 92
23 94
23 106
23 108
23 109
23 110
23 111
23 112
23 114
23 115
23 117
23 124
24 128
24 137
24 138
24 131
24 132
24 154
24 157
24 160
24 173
24 175
24 176
24 178
24 56
24 62
24 66
24 67
24 68
24 69
24 70
24 71
24 73
24 77
24 80
24 83
24 84
24 86
24 89
24 90
24 94
24 97
24 98
24 103
24 107
24 110
24 123
24 124
24 125
25 129
25 130
25 49
25 74
25 139
25 144
25 145
25 146
25 36
25 26
25 27
25 28
25 30
25 95
25 161
25 100
25 37
25 102
25 81
25 40
25 42
25 43
25 174
25 175
25 48
25 113
25 50
25 104
25 122
25 38
26 40
26 54
26 55
27 51
27 134
27 135
27 136
27 139
27 145
27 146
27 147
27 148
27 152
27 28
27 29
27 30
27 31
27 33
27 162
27 35
27 36
27 37
27 38
27 39
27 42
27 43
27 172
27 45
27 46
27 49
27 50
27 179
27 53
27 58
27 59
27 161
27 100
27 101
27 105
27 116
27 118
27 120
27 122
27 126
28 129
28 130
28 43
28 49
28 135
28 139
28 145
28 146
28 148
28 29
28 30
28 95
28 161
28 162
28 35
28 100
28 37
28 102
28 40
28 105
28 42
28 39
28 113
28 50
28 147
28 116
28 104
28 122
28 38
28 36
29 51
29 134
29 139
29 148
29 149
29 152
29 30
29 31
29 33
29 162
29 35
29 164
29 37
29 38
29 39
29 41
29 42
29 43
29 172
29 45
29 46
29 49
29 50
29 179
29 52
29 53
29 57
29 58
29 59
29 60
29 161
29 36
29 100
29 101
29 105
29 147
29 116
29 118
29 122
30 134
30 135
30 136
30 139
30 146
30 147
30 148
30 152
30 161
30 162
30 35
30 36
30 37
30 38
30 39
30 40
30 42
30 43
30 172
30 45
30 46
30 49
30 50
30 51
30 58
30 59
30 33
30 100
30 101
30 102
30 145
30 105
30 116
30 118
30 120
30 122
30 126
31 33
31 155
31 164
31 101
31 134
31 177
31 105
31 172
31 147
31 148
31 118
31 116
31 126
32 179
32 75
32 76
32 149
32 150
32 57
32 152
32 34
32 101
32 41
32 171
32 45
32 46
32 111
32 51
32 180
32 53
32 169
32 52
32 58
32 59
32 60
33 134
33 135
33 139
33 147
33 148
33 155
33 161
33 100
33 101
33 105
33 42
33 172
33 45
33 49
33 116
33 118
33 120
33 122
33 126
34 96
34 171
34 121
34 169
34 57
34 75
34 76
34 44
34 114
34 179
34 117
34 41
34 52
34 58
34 111
34 60
34 53
35 51
35 147
35 134
35 139
35 148
35 152
35 36
35 37
35 161
35 162
35 100
35 101
35 38
35 39
35 105
35 42
35 43
35 172
35 45
35 46
35 49
35 50
35 179
35 116
35 53
35 41
35 58
35 59
35 60
36 43
36 139
36 145
36 146
36 148
36 152
36 161
36 162
36 100
36 37
36 38
36 40
36 105
36 42
36 39
36 45
36 49
36 50
36 147
36 116
37 51
37 147
37 139
37 146
37 148
37 152
37 161
37 162
37 100
37 101
37 38
37 39
37 40
37 105
37 42
37 43
37 45
37 46
37 49
37 50
37 179
37 116
37 58
37 59
38 51
38 147
38 139
38 146
38 148
38 152
38 101
38 161
38 162
38 100
38 39
38 40
38 105
38 42
38 43
38 45
38 46
38 49
38 50
38 179
38 116
38 58
38 59
39 51
39 179
39 134
39 139
39 148
39 149
39 152
39 100
39 101
39 161
39 162
39 41
39 42
39 43
39 172
39 45
39 46
39 49
39 147
39 116
39 53
39 105
39 58
39 59
39 60
40 129
40 49
40 161
40 104
40 43
40 50
40 174
40 145
40 146
40 139
40 102
41 51
41 76
41 162
41 148
41 149
41 150
41 57
41 152
41 164
41 101
41 169
41 171
41 45
41 46
41 179
41 180
41 53
41 52
41 58
41 59
41 60
42 51
42 134
42 135
42 136
42 139
42 145
42 146
42 147
42 148
42 152
42 162
42 43
42 172
42 45
42 46
42 49
42 50
42 179
42 53
42 58
42 59
42 161
42 100
42 101
42 102
42 105
42 116
42 118
42 120
42 122
42 126
43 129
43 49
43 100
43 145
43 139
43 146
43 148
43 161
43 162
43 105
43 104
43 50
43 147
43 102
44 76
44 75
44 140
44 141
44 143
44 121
44 158
44 159
44 96
44 167
44 168
44 169
44 106
44 171
44 108
44 109
44 110
44 111
44 112
44 114
44 117
44 54
44 119
44 55
44 151
44 63
45 51
45 134
45 139
45 147
45 148
45 149
45 150
45 152
45 161
45 162
45 164
45 172
45 46
45 49
45 179
45 52
45 53
45 57
45 58
45 59
45 60
45 93
45 100
45 101
45 105
45 116
45 118
46 51
46 52
46 134
46 139
46 147
46 148
46 149
46 150
46 57
46 152
46 101
46 93
46 165
46 162
46 164
46 172
46 179
46 116
46 53
46 105
46 180
46 58
46 59
46 60
47 129
47 137
47 138
47 144
47 151
47 154
47 156
47 157
47 158
47 159
47 160
47 167
47 168
47 174
47 175
47 48
47 54
47 55
47 56
47 63
47 65
47 66
47 73
47 74
47 77
47 78
47 79
47 80
47 81
47 82
47 83
47 85
47 89
47 94
47 95
47 99
47 104
47 106
47 108
47 109
47 110
47 112
47 113
47 114
47 115
47 117
47 119
47 124
47 125
48 129
48 137
48 138
48 130
48 144
48 145
48 154
48 175
48 156
48 157
48 133
48 160
48 163
48 167
48 168
48 174
48 50
48 56
48 61
48 62
48 64
48 65
48 69
48 70
48 71
48 72
48 73
48 74
48 78
48 79
48 80
48 81
48 82
48 83
48 85
48 86
48 87
48 95
48 99
48 102
48 104
48 106
48 146
48 110
48 113
48 115
48 119
48 124
48 125
48 127
49 134
49 135
49 136
49 139
49 145
49 146
49 147
49 148
49 152
49 162
49 172
49 50
49 51
49 161
49 100
49 101
49 102
49 105
49 113
49 116
49 118
49 120
49 122
49 170
49 126
49 127
50 129
50 130
50 133
50 134
50 135
50 136
50 139
50 146
50 148
50 161
50 162
50 172
50 174
50 61
50 64
50 72
50 74
50 81
50 163
50 85
50 95
50 100
50 102
50 145
50 104
50 105
50 113
50 147
50 116
50 120
50 122
50 170
50 126
50 127
51 134
51 139
51 147
51 148
51 149
51 150
51 57
51 152
51 101
51 161
51 162
51 164
51 172
51 93
51 179
51 116
51 53
51 118
51 105
51 52
51 58
51 59
51 60
52 179
52 76
52 75
52 140
52 141
52 148
52 149
52 150
52 152
52 169
52 111
52 93
52 101
52 164
52 165
52 171
52 180
52 53
52 57
52 58
52 59
52 60
53 179
53 134
53 147
53 148
53 149
53 150
53 57
53 152
53 164
53 101
53 172
53 118
53 105
53 116
53 58
53 59
53 60
54 96
54 144
54 167
54 104
54 106
54 55
54 109
54 174
54 112
54 114
54 115
54 119
54 121
54 168
55 96
55 144
55 167
55 106
55 108
55 109
55 174
55 112
55 168
55 114
55 115
55 117
55 119
55 121
56 128
56 137
56 138
56 143
56 144
56 154
56 156
56 157
56 158
56 159
56 160
56 167
56 168
56 173
56 174
56 175
56 178
56 151
56 62
56 63
56 65
56 66
56 67
56 68
56 69
56 70
56 71
56 73
56 74
56 77
56 78
56 79
56 80
56 81
56 82
56 83
56 84
56 85
56 86
56 87
56 89
56 90
56 94
56 97
56 99
56 103
56 106
56 107
56 108
56 109
56 110
56 112
56 114
56 115
56 123
56 124
56 125
57 179
57 76
57 149
57 150
57 152
57 164
57 101
57 171
57 169
57 180
57 58
57 59
57 60
58 179
58 134
58 162
58 147
58 148
58 149
58 150
58 152
58 101
58 116
58 164
58 180
58 105
58 59
58 60
59 179
59 134
59 147
59 148
59 149
59 150
59 152
59 101
59 116
59 162
59 164
59 180
59 105
59 60
60 179
60 76
60 162
60 148
60 149
60 150
60 152
60 116
60 164
60 101
60 171
60 180
60 169
61 133
61 135
61 136
61 138
61 145
61 154
61 156
61 157
61 160
61 163
61 170
61 62
61 64
61 65
61 69
61 70
61 71
61 72
61 74
61 78
61 79
61 81
61 83
61 84
61 85
61 86
61 87
61 95
61 99
61 100
61 102
61 146
61 113
61 120
61 122
61 126
61 127
62 129
62 130
62 138
62 154
62 156
62 157
62 133
62 160
62 163
62 170
62 173
62 175
62 178
62 64
62 65
62 67
62 68
62 69
62 70
62 71
62 72
62 73
62 74
62 78
62 79
62 80
62 81
62 82
62 83
62 84
62 85
62 86
62 87
62 95
62 97
62 98
62 99
62 103
62 107
62 113
62 123
62 124
62 125
62 127
63 131
63 137
63 140
63 141
63 143
63 150
63 158
63 159
63 165
63 166
63 167
63 168
63 169
63 171
63 178
63 180
63 151
63 66
63 75
63 76
63 77
63 80
63 82
63 88
63 89
63 90
63 91
63 92
63 94
63 106
63 108
63 109
63 110
63 111
63 112
63 114
63 115
63 117
64 133
64 135
64 136
64 138
64 145
64 154
64 156
64 157
64 160
64 163
64 170
64 65
64 69
64 70
64 71
64 72
64 74
64 78
64 79
64 81
64 83
64 84
64 85
64 86
64 87
64 95
64 99
64 100
64 102
64 146
64 113
64 120
64 122
64 126
64 127
65 136
65 138
65 154
65 175
65 156
65 157
65 133
65 160
65 163
65 170
65 178
65 67
65 68
65 69
65 70
65 71
65 72
65 73
65 74
65 78
65 79
65 80
65 81
65 82
65 83
65 84
65 85
65 86
65 87
65 95
65 97
65 98
65 99
65 113
65 124
65 125
65 127
66 128
66 131
66 137
66 141
66 143
66 132
66 154
66 158
66 159
66 165
66 166
66 169
66 171
66 173
66 176
66 178
66 180
66 151
66 67
66 68
66 73
66 75
66 76
66 77
66 80
66 82
66 88
66 89
66 90
66 91
66 92
66 94
66 97
66 114
66 103
66 107
66 108
66 109
66 110
66 111
66 112
66 140
66 117
66 123
67 128
67 137
67 138
67 132
67 154
67 156
67 157
67 160
67 173
67 176
67 178
67 68
67 69
67 70
67 71
67 73
67 77
67 78
67 79
67 80
67 83
67 84
67 85
67 86
67 87
67 89
67 94
67 97
67 98
67 99
67 103
67 107
67 110
67 123
67 124
67 125
68 128
68 138
68 132
68 154
68 156
68 157
68 160
68 163
68 173
68 175
68 176
68 178
68 69
68 70
68 71
68 72
68 73
68 77
68 78
68 79
68 80
68 81
68 83
68 84
68 85
68 86
68 87
68 89
68 97
68 98
68 99
68 103
68 107
68 110
68 123
68 124
68 125
69 129
69 130
69 136
69 138
69 154
69 156
69 157
69 133
69 160
69 163
69 170
69 175
69 178
69 70
69 71
69 72
69 73
69 74
69 78
69 79
69 80
69 81
69 83
69 84
69 85
69 86
69 87
69 95
69 97
69 98
69 99
69 103
69 113
69 122
69 124
69 125
69 127
70 130
70 138
70 154
70 156
70 157
70 133
70 160
70 163
70 170
70 173
70 175
70 178
70 71
70 72
70 73
70 74
70 78
70 79
70 80
70 81
70 82
70 83
70 84
70 85
70 86
70 87
70 97
70 98
70 99
70 103
70 107
70 113
70 123
70 124
70 125
70 127
71 129
71 130
71 138
71 154
71 156
71 157
71 133
71 160
71 163
71 170
71 173
71 175
71 178
71 72
71 73
71 74
71 78
71 79
71 80
71 81
71 82
71 83
71 84
71 85
71 86
71 87
71 95
71 97
71 98
71 99
71 103
71 107
71 113
71 123
71 124
71 125
71 127
72 133
72 135
72 136
72 138
72 145
72 154
72 156
72 157
72 160
72 163
72 170
72 73
72 74
72 78
72 79
72 80
72 81
72 83
72 84
72 85
72 86
72 87
72 95
72 98
72 99
72 100
72 102
72 146
72 113
72 120
72 122
72 126
72 127
73 128
73 137
73 138
73 130
73 132
73 154
73 175
73 156
73 157
73 158
73 159
73 160
73 163
73 173
73 176
73 178
73 74
73 77
73 78
73 79
73 80
73 81
73 82
73 83
73 84
73 85
73 86
73 87
73 89
73 94
73 97
73 98
73 99
73 103
73 107
73 110
73 123
73 124
73 125
74 129
74 130
74 133
74 135
74 136
74 138
74 144
74 145
74 154
74 175
74 156
74 157
74 160
74 163
74 167
74 168
74 170
74 174
74 78
74 79
74 80
74 81
74 82
74 83
74 85
74 86
74 87
74 95
74 99
74 100
74 102
74 104
74 146
74 113
74 115
74 120
74 122
74 124
74 125
74 127
75 137
75 76
75 77
75 141
75 149
75 150
75 151
75 88
75 89
75 90
75 143
75 92
75 93
75 94
75 159
75 91
75 165
75 166
75 169
75 106
75 171
75 109
75 110
75 111
75 112
75 108
75 140
75 158
75 180
75 114
75 117
76 117
76 158
76 108
76 140
76 77
76 141
76 149
76 150
76 88
76 89
76 90
76 143
76 92
76 93
76 94
76 159
76 91
76 164
76 165
76 166
76 171
76 109
76 110
76 111
76 112
76 114
76 180
76 137
76 151
76 169
77 128
77 131
77 137
77 141
77 143
77 132
77 154
77 157
77 158
77 159
77 165
77 166
77 169
77 171
77 173
77 176
77 178
77 180
77 151
77 80
77 82
77 84
77 88
77 89
77 90
77 91
77 92
77 94
77 97
77 114
77 103
77 106
77 107
77 108
77 109
77 110
77 111
77 112
77 140
77 117
77 123
78 129
78 137
78 138
78 130
78 144
78 145
78 154
78 175
78 156
78 157
78 133
78 160
78 163
78 167
78 168
78 170
78 174
78 178
78 159
78 79
78 80
78 81
78 82
78 83
78 84
78 85
78 86
78 87
78 95
78 97
78 99
78 102
78 104
78 146
78 110
78 113
78 115
78 124
78 125
78 127
79 129
79 137
79 138
79 130
79 144
79 145
79 154
79 175
79 156
79 157
79 133
79 160
79 163
79 167
79 168
79 170
79 174
79 178
79 159
79 80
79 81
79 82
79 83
79 84
79 85
79 86
79 87
79 89
79 95
79 97
79 99
79 102
79 104
79 146
79 110
79 113
79 115
79 124
79 125
79 127
80 137
80 138
80 144
80 154
80 175
80 156
80 157
80 158
80 159
80 160
80 163
80 167
80 168
80 173
80 174
80 178
80 151
80 81
80 82
80 83
80 84
80 85
80 86
80 87
80 89
80 94
80 95
80 97
80 99
80 103
80 106
80 107
80 110
80 112
80 113
80 115
80 123
80 124
80 125
81 129
81 130
81 136
81 138
81 144
81 145
81 154
81 175
81 156
81 157
81 133
81 160
81 163
81 167
81 170
81 135
81 174
81 82
81 83
81 84
81 85
81 86
81 87
81 95
81 99
81 100
81 102
81 104
81 146
81 113
81 115
81 120
81 122
81 124
81 125
81 127
82 137
82 138
82 144
82 154
82 156
82 157
82 158
82 159
82 160
82 167
82 168
82 174
82 175
82 151
82 83
82 85
82 89
82 94
82 95
82 99
82 104
82 106
82 108
82 109
82 110
82 112
82 113
82 114
82 115
82 117
82 119
82 124
82 125
83 129
83 130
83 137
83 138
83 144
83 154
83 175
83 156
83 157
83 133
83 160
83 163
83 167
83 170
83 173
83 174
83 178
83 84
83 85
83 86
83 87
83 89
83 95
83 97
83 98
83 99
83 102
83 103
83 107
83 110
83 113
83 115
83 123
83 124
83 125
83 127
84 128
84 130
84 138
84 132
84 154
84 156
84 157
84 160
84 163
84 173
84 175
84 176
84 178
84 85
84 86
84 87
84 89
84 97
84 98
84 99
84 103
84 107
84 123
84 124
84 125
85 129
85 130
85 136
85 138
85 144
85 145
85 154
85 175
85 156
85 157
85 133
85 160
85 163
85 170
85 135
85 178
85 174
85 86
85 87
85 95
85 97
85 99
85 102
85 104
85 146
85 113
85 115
85 122
85 124
85 125
85 127
86 129
86 130
86 136
86 138
86 154
86 156
86 157
86 133
86 160
86 163
86 170
86 175
86 178
86 87
86 95
86 97
86 98
86 99
86 103
86 113
86 124
86 125
86 127
87 129
87 130
87 136
87 138
87 154
87 156
87 157
87 133
87 160
87 163
87 170
87 135
87 175
87 178
87 95
87 97
87 98
87 99
87 102
87 113
87 122
87 124
87 125
87 127
88 128
88 131
88 137
88 140
88 141
88 149
88 150
88 151
88 132
88 90
88 91
88 92
88 93
88 94
88 159
88 176
88 164
88 165
88 166
88 169
88 171
88 107
88 173
88 110
88 111
88 177
88 180
88 158
88 89
88 123
88 143
89 128
89 131
89 137
89 141
89 143
89 132
89 154
89 157
89 158
89 159
89 166
89 171
89 173
89 176
89 178
89 151
89 90
89 91
89 92
89 94
89 97
89 114
89 103
89 107
89 108
89 109
89 110
89 111
89 112
89 140
89 117
89 123
90 128
90 131
90 137
90 141
90 143
90 149
90 150
90 132
90 158
90 159
90 164
90 165
90 166
90 169
90 171
90 173
90 176
90 177
90 178
90 180
90 151
90 140
90 91
90 92
90 93
90 94
90 97
90 103
90 107
90 108
90 110
90 111
90 112
90 114
90 117
90 123
91 128
91 131
91 137
91 151
91 140
91 141
91 143
91 149
91 150
91 132
91 158
91 159
91 164
91 165
91 166
91 169
91 171
91 173
91 176
91 177
91 180
91 92
91 93
91 94
91 107
91 108
91 110
91 111
91 112
91 114
91 117
91 123
92 128
92 131
92 137
92 151
92 140
92 141
92 143
92 149
92 150
92 132
92 158
92 159
92 164
92 165
92 166
92 169
92 171
92 173
92 176
92 177
92 180
92 93
92 94
92 107
92 108
92 110
92 111
92 112
92 114
92 117
92 123
93 131
93 141
93 152
93 148
93 149
93 150
93 101
93 155
93 164
93 165
93 166
93 169
93 171
93 177
93 140
93 180
93 143
94 128
94 131
94 137
94 141
94 143
94 132
94 154
94 158
94 159
94 165
94 166
94 169
94 171
94 173
94 176
94 178
94 180
94 151
94 97
94 114
94 103
94 106
94 107
94 108
94 109
94 110
94 111
94 112
94 140
94 117
94 123
95 129
95 130
95 133
95 135
95 136
95 138
95 144
95 145
95 175
95 157
95 160
95 163
95 167
95 168
95 156
95 170
95 174
95 99
95 100
95 102
95 104
95 146
95 113
95 115
95 119
95 122
95 124
95 125
95 127
96 119
96 108
96 109
96 111
96 168
96 114
96 117
96 121
96 106
97 128
97 137
97 138
97 132
97 154
97 156
97 157
97 160
97 173
97 176
97 178
97 98
97 103
97 107
97 110
97 123
97 124
97 125
98 128
98 138
98 153
98 154
98 160
98 107
98 103
98 173
98 178
98 123
99 129
99 136
99 137
99 138
99 130
99 144
99 145
99 154
99 175
99 156
99 157
99 133
99 160
99 163
99 167
99 168
99 170
99 174
99 178
99 102
99 104
99 146
99 110
99 113
99 115
99 124
99 125
99 127
100 133
100 134
100 135
100 136
100 139
100 145
100 146
100 148
100 162
100 172
100 161
100 163
100 101
100 102
100 105
100 113
100 147
100 116
100 118
100 120
100 122
100 170
100 126
100 127
101 179
101 134
101 139
101 147
101 148
101 149
101 150
101 152
101 155
101 161
101 162
101 164
101 172
101 177
101 165
101 105
101 116
101 118
102 129
102 130
102 133
102 135
102 136
102 138
102 139
102 144
102 145
102 157
102 160
102 161
102 163
102 156
102 174
102 175
102 104
102 146
102 113
102 115
102 120
102 122
102 124
102 170
102 126
102 127
103 128
103 138
103 154
103 107
103 131
103 173
103 110
103 176
103 178
103 132
103 160
103 123
103 124
103 125
104 129
104 130
104 113
104 167
104 144
104 175
104 157
104 145
104 156
104 146
104 174
104 168
104 115
104 119
104 124
104 125
105 134
105 135
105 139
105 147
105 148
105 152
105 162
105 164
105 172
105 179
105 161
105 116
105 118
105 120
105 122
105 126
106 137
106 140
106 143
106 110
106 175
106 111
106 157
106 159
106 112
106 117
106 167
106 168
106 124
106 144
106 109
106 174
106 108
106 114
106 115
106 158
106 121
106 119
106 151
107 128
107 154
107 131
107 173
107 110
107 176
107 178
107 132
107 123
107 124
107 125
108 137
108 140
108 141
108 143
108 144
108 158
108 159
108 166
108 167
108 168
108 169
108 171
108 180
108 151
108 109
108 110
108 111
108 112
108 114
108 115
108 117
108 119
109 141
109 144
109 137
109 143
109 159
109 117
109 167
109 168
109 169
109 171
109 114
109 110
109 112
109 140
109 115
109 158
109 121
109 119
109 151
109 111
110 137
110 141
110 143
110 144
110 154
110 175
110 157
110 158
110 159
110 166
110 167
110 168
110 169
110 171
110 173
110 178
110 151
110 114
110 111
110 112
110 140
110 115
110 117
110 123
110 124
110 125
111 117
111 141
111 121
111 149
111 150
111 159
111 114
111 166
111 168
111 169
111 171
111 112
111 140
111 158
111 137
111 180
111 151
111 143
112 137
112 140
112 141
112 143
112 144
112 158
112 159
112 166
112 167
112 168
112 169
112 171
112 151
112 114
112 115
112 117
112 119
112 124
113 129
113 130
113 133
113 135
113 136
113 138
113 144
113 145
113 175
113 157
113 160
113 161
113 163
113 156
113 170
113 174
113 146
113 115
113 120
113 122
113 124
113 125
113 126
113 127
114 137
114 151
114 140
114 141
114 143
114 144
114 158
114 159
114 167
114 168
114 169
114 171
114 115
114 117
114 119
114 121
115 129
115 137
115 138
115 144
115 154
115 175
115 156
115 157
115 158
115 159
115 167
115 168
115 174
115 151
115 117
115 119
115 124
115 125
116 134
116 135
116 136
116 139
116 147
116 148
116 152
116 161
116 162
116 164
116 172
116 179
116 118
116 120
116 122
116 126
117 141
117 137
117 159
117 166
117 167
117 168
117 169
117 171
117 180
117 158
117 121
117 140
117 151
117 143
118 147
118 134
118 161
118 136
118 148
118 152
118 155
118 135
118 172
118 120
118 122
118 126
119 144
119 167
119 174
119 168
120 133
120 134
120 161
120 145
120 146
120 122
120 163
120 135
120 172
120 147
120 170
120 136
120 126
120 127
122 133
122 134
122 135
122 136
122 139
122 147
122 161
122 163
122 156
122 172
122 145
122 146
122 170
122 126
122 127
123 128
123 154
123 131
123 173
123 176
123 178
123 132
123 125
124 129
124 137
124 138
124 130
124 144
124 154
124 175
124 156
124 157
124 159
124 160
124 167
124 168
124 173
124 174
124 178
124 125
125 128
125 129
125 130
125 137
125 138
125 144
125 154
125 175
125 156
125 157
125 160
125 167
125 168
125 173
125 174
125 178
126 133
126 134
126 161
126 145
126 146
126 148
126 163
126 135
126 172
126 136
126 147
126 170
126 127
127 160
127 136
127 145
127 154
127 157
127 133
127 163
127 156
127 170
127 135
127 146
127 138
128 131
128 154
128 166
128 173
128 176
128 178
128 132
129 130
129 145
129 144
129 175
129 157
129 160
129 156
129 163
129 146
129 174
129 167
129 138
130 160
130 163
130 145
130 156
130 146
130 174
130 175
130 138
131 132
131 140
131 141
131 150
131 151
131 143
131 164
131 165
131 166
131 173
131 176
131 177
131 178
131 155
132 154
132 166
132 173
132 176
132 177
132 178
133 136
133 157
133 160
133 163
133 145
133 156
133 170
133 135
133 146
133 138
134 147
134 155
134 161
134 136
134 139
134 148
134 152
134 164
134 162
134 135
134 172
135 156
135 161
135 163
135 172
135 146
135 136
135 147
135 145
135 170
136 160
136 138
136 156
136 161
136 163
136 145
136 172
136 146
136 147
136 170
137 138
137 141
137 143
137 144
137 154
137 156
137 157
137 158
137 159
137 166
137 167
137 168
137 169
137 171
137 178
137 140
137 151
138 154
138 175
138 156
138 157
138 160
138 163
138 170
138 178
139 147
139 161
139 145
139 146
139 148
139 152
139 162
139 172
140 158
140 141
140 149
140 150
140 159
140 164
140 165
140 166
140 169
140 171
140 180
140 151
140 143
141 158
141 149
141 150
141 159
141 164
141 165
141 166
141 169
141 171
141 180
141 151
141 143
143 158
143 149
143 150
143 159
143 165
143 166
143 169
143 171
143 180
143 151
144 145
144 156
144 157
144 158
144 159
144 167
144 168
144 174
144 175
145 161
145 163
145 156
145 174
145 175
145 146
145 170
146 161
146 163
146 156
146 172
146 174
146 175
146 147
146 170
147 179
147 148
147 152
147 161
147 162
147 172
148 179
148 149
148 150
148 152
148 162
148 172
148 161
148 164
149 179
149 152
149 150
149 165
149 180
149 164
149 166
149 171
149 177
149 169
150 179
150 152
150 151
150 165
150 180
150 164
150 166
150 171
150 177
150 169
151 158
151 159
151 165
151 166
151 167
151 168
151 169
151 171
151 178
151 180
152 179
152 161
152 164
152 162
152 172
152 165
154 175
154 156
154 157
154 158
154 159
154 160
154 176
154 163
154 170
154 173
154 178
155 164
155 177
155 172
155 165
156 175
156 157
156 160
156 163
156 167
156 170
156 174
156 178
157 175
157 158
157 160
157 163
157 167
157 168
157 170
157 174
157 178
157 159
158 159
158 166
158 167
158 168
158 169
158 171
158 178
159 166
159 167
159 168
159 169
159 171
159 178
160 175
160 163
160 170
160 178
161 162
161 172
162 179
162 172
163 170
163 175
164 179
164 169
164 165
164 171
164 180
164 177
164 166
165 166
165 169
165 171
165 177
165 180
166 176
166 169
166 171
166 177
166 180
167 168
167 174
167 175
168 175
168 174
169 171
169 180
171 180
173 176
173 178
174 175
175 178
176 178
179 180
