1 68
1 65
1 66
1 67
1 4
1 5
1 6
1 7
1 73
1 128
1 11
1 12
1 77
1 80
1 131
1 84
1 89
1 24
1 132
1 154
1 94
1 97
1 103
1 107
1 173
1 176
1 178
1 56
1 123
2 66
2 137
2 11
2 140
2 141
2 77
2 80
2 56
2 82
2 20
2 151
2 89
2 90
2 143
2 92
2 94
2 159
2 144
2 91
2 167
2 168
2 106
2 108
2 109
2 110
2 47
2 112
2 114
2 115
2 158
2 23
2 63
3 128
3 97
3 130
3 67
3 132
3 103
3 107
3 12
3 173
3 142
3 176
3 178
3 84
3 24
3 68
3 123
3 125
4 128
4 66
4 67
4 68
4 5
4 6
4 65
4 73
4 138
4 11
4 12
4 77
4 78
4 79
4 80
4 71
4 83
4 84
4 85
4 22
4 56
4 24
4 89
4 154
4 156
4 157
4 94
4 107
4 97
4 99
4 70
4 103
4 7
4 173
4 176
4 178
4 86
4 132
4 123
4 124
4 125
4 62
5 128
5 6
5 7
5 138
5 11
5 12
5 18
5 20
5 21
5 22
5 24
5 132
5 154
5 156
5 157
5 160
5 176
5 163
5 170
5 173
5 174
5 175
5 48
5 178
5 56
5 61
5 62
5 64
5 65
5 67
5 68
5 69
5 70
5 71
5 72
5 73
5 74
5 77
5 78
5 79
5 80
5 81
5 83
5 84
5 85
5 86
5 87
5 89
5 95
5 97
5 99
5 103
5 107
5 113
5 123
5 124
5 125
5 127
6 128
6 7
6 138
6 11
6 12
6 144
6 18
6 20
6 21
6 22
6 24
6 132
6 154
6 175
6 156
6 157
6 160
6 176
6 163
6 167
6 170
6 173
6 174
6 47
6 48
6 178
6 56
6 61
6 62
6 64
6 65
6 66
6 67
6 68
6 69
6 70
6 71
6 72
6 73
6 74
6 77
6 78
6 79
6 80
6 81
6 82
6 83
6 84
6 85
6 86
6 87
6 89
6 94
6 95
6 97
6 99
6 103
6 107
6 110
6 113
6 115
6 123
6 124
6 125
6 127
7 128
7 138
7 11
7 12
7 18
7 20
7 21
7 22
7 24
7 132
7 154
7 156
7 157
7 160
7 176
7 163
7 170
7 173
7 174
7 175
7 48
7 178
7 56
7 61
7 62
7 64
7 65
7 67
7 68
7 69
7 70
7 71
7 72
7 73
7 74
7 77
7 78
7 79
7 80
7 81
7 83
7 84
7 85
7 86
7 87
7 89
7 95
7 97
7 99
7 103
7 107
7 113
7 123
7 124
7 125
7 127
8 10
8 26
8 54
8 55
9 179
9 34
9 13
9 16
9 17
9 147
9 148
9 57
9 152
9 27
9 29
9 32
9 162
9 35
9 101
9 39
9 41
9 45
9 46
9 51
9 116
9 53
9 105
9 52
9 58
9 59
9 60
10 26
10 54
10 55
11 137
11 138
11 12
11 144
11 18
11 20
11 21
11 22
11 23
11 24
11 154
11 175
11 156
11 157
11 159
11 160
11 167
11 168
11 173
11 174
11 47
11 48
11 178
11 56
11 62
11 65
11 66
11 67
11 68
11 69
11 70
11 71
11 73
11 74
11 77
11 78
11 79
11 80
11 81
11 82
11 83
11 84
11 85
11 86
11 87
11 89
11 94
11 95
11 97
11 99
11 103
11 107
11 110
11 113
11 115
11 123
11 124
12 128
12 130
12 138
12 18
12 21
12 22
12 24
12 132
12 154
12 156
12 157
12 160
12 176
12 163
12 129
12 170
12 173
12 174
12 175
12 48
12 178
12 56
12 61
12 62
12 64
12 65
12 67
12 68
12 69
12 70
12 71
12 72
12 73
12 74
12 78
12 79
12 80
12 81
12 83
12 84
12 85
12 86
12 87
12 95
12 97
12 98
12 99
12 103
12 107
12 113
12 123
12 124
12 125
12 127
13 51
13 139
13 15
13 16
13 17
13 147
13 148
13 57
13 152
13 27
13 29
13 30
13 37
13 32
13 162
13 35
13 36
13 101
13 38
13 39
13 41
13 42
13 45
13 46
13 49
13 179
13 116
13 53
13 105
13 52
13 58
13 59
13 60
14 32
14 34
14 52
14 53
14 121
14 44
15 51
15 130
15 147
15 139
15 17
15 19
15 148
15 25
15 152
15 36
15 27
15 28
15 29
15 30
15 101
15 58
15 161
15 162
15 35
15 100
15 37
15 38
15 39
15 40
15 105
15 42
15 43
15 45
15 46
15 49
15 50
15 179
15 116
15 122
15 59
15 60
16 179
16 17
16 148
16 149
16 57
16 152
16 29
16 52
16 32
16 162
16 101
16 39
16 41
16 45
16 46
16 51
16 116
16 53
16 105
16 180
16 58
16 59
16 60
17 51
17 147
17 134
17 139
17 19
17 148
17 152
17 36
17 27
17 28
17 29
17 30
17 37
17 58
17 161
17 162
17 35
17 100
17 101
17 38
17 39
17 40
17 105
17 42
17 43
17 172
17 45
17 46
17 49
17 50
17 179
17 116
17 41
17 57
17 122
17 59
17 60
18 128
18 129
18 130
18 107
18 136
18 138
18 145
18 146
18 19
18 21
18 22
18 24
18 154
18 156
18 157
18 133
18 160
18 163
18 170
18 135
18 173
18 174
18 175
18 48
18 50
18 56
18 61
18 62
18 64
18 65
18 67
18 68
18 69
18 70
18 71
18 72
18 73
18 74
18 78
18 79
18 80
18 81
18 83
18 84
18 85
18 86
18 87
18 95
18 97
18 98
18 99
18 102
18 178
18 104
18 103
18 113
18 120
18 122
18 123
18 124
18 125
18 127
19 129
19 130
19 135
19 136
19 139
19 145
19 146
19 147
19 25
19 27
19 28
19 30
19 160
19 161
19 163
19 36
19 37
19 38
19 40
19 42
19 43
19 172
19 174
19 175
19 49
19 50
19 61
19 64
19 69
19 72
19 81
19 86
19 87
19 95
19 100
19 102
19 104
19 125
19 113
19 116
19 120
19 122
19 124
19 170
19 127
20 65
20 73
20 74
20 66
20 78
20 77
20 80
20 81
20 82
20 144
20 85
20 22
20 23
20 89
20 154
20 79
20 156
20 157
20 94
20 95
20 48
20 99
20 167
20 168
20 106
20 110
20 174
20 47
20 112
20 115
20 158
20 137
20 56
20 159
20 138
21 129
21 130
21 107
21 136
21 138
21 145
21 146
21 22
21 24
21 154
21 156
21 157
21 133
21 160
21 163
21 170
21 135
21 173
21 174
21 175
21 48
21 50
21 56
21 61
21 62
21 64
21 65
21 67
21 68
21 69
21 70
21 71
21 72
21 73
21 74
21 78
21 79
21 80
21 81
21 83
21 84
21 85
21 86
21 87
21 95
21 97
21 98
21 99
21 102
21 178
21 104
21 103
21 113
21 120
21 122
21 123
21 124
21 125
21 127
22 128
22 129
22 136
22 138
22 145
22 146
22 24
22 132
22 154
22 156
22 157
22 133
22 160
22 176
22 163
22 170
22 173
22 174
22 175
22 48
22 178
22 56
22 61
22 62
22 64
22 65
22 67
22 68
22 69
22 70
22 71
22 72
22 73
22 74
22 78
22 79
22 80
22 81
22 83
22 84
22 85
22 86
22 87
22 95
22 97
22 98
22 99
22 102
22 103
22 104
22 107
22 113
22 122
22 123
22 124
22 125
22 127
23 137
23 140
23 66
23 77
23 144
23 141
23 82
23 151
23 89
23 90
23 143
23 92
23 94
23 159
23 91
23 166
23 167
23 168
23 106
23 108
23 109
23 110
23 47
23 112
23 114
23 115
23 158
23 56
23 63
24 128
24 130
24 138
24 132
24 154
24 156
24 160
24 163
24 129
24 173
24 174
24 175
24 176
24 178
24 61
24 62
24 64
24 65
24 67
24 68
24 69
24 70
24 71
24 72
24 73
24 78
24 79
24 80
24 81
24 83
24 84
24 85
24 86
24 87
24 97
24 98
24 99
24 103
24 107
24 123
24 124
24 125
25 129
25 130
25 135
25 136
25 139
25 145
25 146
25 36
25 27
25 28
25 30
25 95
25 161
25 163
25 100
25 102
25 81
25 40
25 42
25 43
25 174
25 175
25 49
25 50
25 113
25 104
25 122
25 124
25 125
25 127
27 51
27 147
27 134
27 139
27 148
27 152
27 36
27 28
27 29
27 30
27 37
27 58
27 161
27 162
27 35
27 100
27 101
27 38
27 39
27 40
27 105
27 42
27 43
27 172
27 45
27 46
27 49
27 50
27 179
27 116
27 122
27 59
28 129
28 130
28 43
28 49
28 135
28 136
28 139
28 145
28 146
28 29
28 30
28 161
28 162
28 35
28 100
28 37
28 102
28 40
28 105
28 42
28 39
28 175
28 104
28 50
28 147
28 116
28 122
28 38
28 36
29 51
29 134
29 139
29 147
29 148
29 152
29 36
29 30
29 37
29 161
29 162
29 35
29 100
29 101
29 38
29 39
29 41
29 42
29 43
29 172
29 45
29 46
29 49
29 179
29 116
29 105
29 57
29 58
29 59
29 60
30 129
30 130
30 43
30 51
30 135
30 136
30 139
30 145
30 146
30 148
30 152
30 37
30 58
30 161
30 162
30 35
30 100
30 101
30 38
30 40
30 105
30 42
30 39
30 172
30 45
30 49
30 50
30 147
30 116
30 122
30 59
30 36
31 33
31 155
32 51
32 34
32 101
32 39
32 45
32 179
32 52
32 46
32 41
32 152
32 57
32 58
32 59
32 60
32 53
33 155
33 118
34 121
34 52
34 53
34 41
34 57
34 60
35 51
35 130
35 139
35 147
35 148
35 152
35 161
35 162
35 36
35 37
35 38
35 39
35 40
35 41
35 42
35 43
35 45
35 46
35 49
35 179
35 116
35 105
35 57
35 58
35 59
35 60
36 129
36 130
36 147
36 51
36 139
36 148
36 152
36 161
36 162
36 100
36 37
36 38
36 39
36 40
36 105
36 42
36 43
36 45
36 49
36 50
36 179
36 116
36 58
36 59
37 51
37 147
37 139
37 148
37 152
37 100
37 161
37 162
37 101
37 38
37 39
37 40
37 105
37 42
37 43
37 45
37 46
37 49
37 50
37 179
37 116
37 58
37 59
37 60
38 51
38 147
38 139
38 148
38 152
38 100
38 101
38 161
38 162
38 39
38 40
38 105
38 42
38 43
38 45
38 46
38 49
38 50
38 179
38 116
38 41
38 57
38 58
38 59
38 60
39 51
39 139
39 147
39 148
39 152
39 101
39 161
39 162
39 40
39 41
39 42
39 43
39 45
39 46
39 49
39 179
39 116
39 105
39 57
39 58
39 59
39 60
40 129
40 130
40 100
40 139
40 145
40 146
40 161
40 162
40 104
40 42
40 43
40 175
40 49
40 50
40 102
41 179
41 162
41 148
41 57
41 152
41 101
41 105
41 45
41 46
41 51
41 116
41 53
41 52
41 58
41 59
41 60
42 129
42 130
42 147
42 134
42 135
42 136
42 139
42 146
42 148
42 152
42 100
42 58
42 161
42 162
42 145
42 43
42 172
42 45
42 49
42 50
42 179
42 116
42 105
42 101
42 122
42 59
42 51
43 129
43 130
43 100
43 145
43 139
43 146
43 161
43 162
43 105
43 49
43 50
43 147
43 116
43 122
44 96
44 75
44 169
44 171
44 108
44 109
44 111
44 76
44 114
44 117
44 121
45 51
45 134
45 139
45 147
45 148
45 57
45 152
45 101
45 161
45 162
45 46
45 49
45 179
45 116
45 53
45 105
45 52
45 58
45 59
45 60
46 51
46 147
46 148
46 149
46 57
46 152
46 101
46 162
46 179
46 116
46 53
46 105
46 52
46 58
46 59
46 60
47 66
47 137
47 74
47 77
47 78
47 79
47 80
47 82
47 144
47 110
47 89
47 156
47 157
47 94
47 95
47 112
47 99
47 167
47 168
47 106
47 174
47 48
47 115
47 158
47 56
47 159
48 138
48 144
48 145
48 154
48 175
48 156
48 157
48 160
48 163
48 167
48 168
48 174
48 178
48 56
48 62
48 65
48 69
48 70
48 71
48 73
48 74
48 78
48 79
48 80
48 81
48 82
48 83
48 84
48 85
48 86
48 87
48 95
48 99
48 102
48 104
48 146
48 110
48 113
48 115
48 124
48 125
48 127
49 129
49 130
49 134
49 135
49 136
49 139
49 146
49 148
49 152
49 100
49 58
49 161
49 162
49 145
49 172
49 120
49 50
49 147
49 116
49 105
49 101
49 122
49 59
49 102
49 51
50 129
50 130
50 135
50 136
50 139
50 160
50 161
50 163
50 172
50 174
50 175
50 61
50 62
50 64
50 69
50 70
50 71
50 72
50 81
50 83
50 85
50 86
50 87
50 95
50 100
50 102
50 145
50 104
50 146
50 125
50 113
50 147
50 116
50 120
50 122
50 124
50 170
50 127
51 134
51 139
51 147
51 148
51 57
51 152
51 101
51 161
51 162
51 179
51 116
51 53
51 105
51 52
51 58
51 59
51 60
52 57
52 101
52 180
52 149
52 152
52 148
52 179
52 59
52 60
52 58
52 53
53 101
53 57
53 148
53 152
53 116
53 179
53 59
53 60
53 58
54 144
54 168
54 115
54 55
54 167
54 106
55 112
55 168
55 119
55 96
55 106
55 109
56 137
56 138
56 144
56 154
56 156
56 157
56 158
56 159
56 160
56 167
56 168
56 174
56 178
56 62
56 65
56 66
56 67
56 68
56 70
56 71
56 73
56 74
56 77
56 78
56 79
56 80
56 81
56 82
56 83
56 84
56 85
56 89
56 94
56 95
56 97
56 99
56 110
56 113
56 115
56 124
57 179
57 162
57 148
57 152
57 101
57 58
57 59
57 60
58 179
58 139
58 147
58 148
58 152
58 101
58 116
58 162
58 105
58 59
58 60
59 179
59 139
59 147
59 148
59 152
59 101
59 116
59 162
59 105
59 60
60 179
60 162
60 148
60 152
60 101
60 105
61 129
61 130
61 136
61 138
61 145
61 154
61 156
61 157
61 133
61 160
61 163
61 170
61 135
61 175
61 178
61 62
61 64
61 65
61 67
61 68
61 69
61 70
61 71
61 72
61 73
61 74
61 78
61 79
61 81
61 83
61 84
61 85
61 86
61 87
61 95
61 97
61 98
61 99
61 100
61 102
61 146
61 113
61 120
61 122
61 124
61 125
61 127
62 128
62 129
62 130
62 136
62 138
62 145
62 132
62 154
62 156
62 157
62 160
62 163
62 113
62 170
62 135
62 173
62 174
62 175
62 176
62 178
62 64
62 65
62 67
62 68
62 69
62 70
62 71
62 72
62 73
62 74
62 78
62 79
62 80
62 81
62 83
62 84
62 85
62 86
62 87
62 95
62 97
62 98
62 102
62 103
62 104
62 107
62 146
62 99
62 122
62 123
62 124
62 125
62 127
63 137
63 75
63 76
63 141
63 143
63 151
63 88
63 90
63 91
63 92
63 94
63 159
63 114
63 166
63 169
63 106
63 171
63 108
63 109
63 111
63 112
63 140
63 158
63 117
64 129
64 130
64 136
64 138
64 145
64 154
64 156
64 157
64 133
64 160
64 163
64 170
64 135
64 175
64 178
64 65
64 67
64 68
64 69
64 70
64 71
64 72
64 73
64 74
64 78
64 79
64 81
64 83
64 84
64 85
64 86
64 87
64 95
64 97
64 98
64 99
64 100
64 102
64 146
64 113
64 120
64 122
64 124
64 125
64 127
65 128
65 138
65 154
65 156
65 157
65 160
65 163
65 170
65 173
65 175
65 176
65 178
65 67
65 68
65 69
65 70
65 71
65 72
65 73
65 74
65 78
65 79
65 80
65 81
65 83
65 84
65 85
65 86
65 87
65 89
65 95
65 97
65 99
65 103
65 107
65 113
65 123
65 124
65 125
65 127
66 137
66 77
66 143
66 80
66 82
66 88
66 89
66 90
66 91
66 92
66 157
66 94
66 159
66 166
66 110
66 112
66 115
66 158
66 151
67 128
67 130
67 138
67 132
67 154
67 156
67 157
67 160
67 163
67 129
67 170
67 173
67 175
67 176
67 178
67 68
67 69
67 70
67 71
67 72
67 73
67 78
67 79
67 80
67 81
67 83
67 84
67 85
67 86
67 87
67 97
67 98
67 99
67 103
67 107
67 123
67 124
67 125
67 127
68 128
68 130
68 138
68 132
68 154
68 156
68 157
68 160
68 163
68 129
68 170
68 173
68 175
68 176
68 178
68 69
68 70
68 71
68 72
68 73
68 74
68 78
68 79
68 80
68 81
68 83
68 84
68 85
68 86
68 87
68 95
68 97
68 98
68 99
68 103
68 107
68 113
68 123
68 124
68 125
68 127
69 128
69 129
69 130
69 136
69 138
69 145
69 154
69 156
69 157
69 160
69 163
69 113
69 170
69 135
69 173
69 175
69 176
69 178
69 70
69 71
69 72
69 73
69 74
69 78
69 79
69 80
69 81
69 83
69 84
69 85
69 86
69 87
69 95
69 97
69 98
69 102
69 103
69 104
69 107
69 146
69 99
69 120
69 122
69 123
69 124
69 125
69 127
70 128
70 129
70 130
70 136
70 138
70 145
70 132
70 154
70 156
70 157
70 160
70 163
70 113
70 170
70 135
70 173
70 174
70 175
70 176
70 178
70 71
70 72
70 73
70 74
70 78
70 79
70 80
70 81
70 83
70 84
70 85
70 86
70 87
70 95
70 97
70 98
70 102
70 103
70 104
70 107
70 146
70 99
70 122
70 123
70 124
70 125
70 127
71 128
71 129
71 130
71 136
71 138
71 145
71 132
71 154
71 156
71 157
71 160
71 163
71 113
71 170
71 135
71 173
71 174
71 175
71 176
71 178
71 72
71 73
71 74
71 78
71 79
71 80
71 81
71 83
71 84
71 85
71 86
71 87
71 95
71 97
71 98
71 102
71 103
71 104
71 107
71 146
71 99
71 122
71 123
71 124
71 125
71 127
72 129
72 130
72 136
72 138
72 145
72 154
72 156
72 157
72 133
72 160
72 163
72 170
72 135
72 173
72 175
72 99
72 178
72 73
72 74
72 78
72 79
72 81
72 83
72 84
72 85
72 86
72 87
72 95
72 97
72 98
72 100
72 102
72 103
72 104
72 107
72 146
72 113
72 120
72 122
72 124
72 125
72 127
73 128
73 130
73 138
73 132
73 154
73 156
73 157
73 160
73 163
73 129
73 170
73 173
73 174
73 175
73 176
73 178
73 74
73 78
73 79
73 80
73 81
73 83
73 84
73 85
73 86
73 87
73 95
73 97
73 98
73 99
73 103
73 104
73 107
73 113
73 123
73 124
73 125
73 127
74 129
74 136
74 138
74 144
74 145
74 154
74 175
74 156
74 157
74 133
74 160
74 163
74 167
74 170
74 135
74 174
74 178
74 78
74 79
74 80
74 81
74 82
74 83
74 84
74 85
74 86
74 87
74 95
74 99
74 102
74 104
74 146
74 113
74 115
74 122
74 124
74 125
74 127
75 169
75 171
75 108
75 141
75 143
75 76
75 114
75 180
75 117
75 150
75 151
75 111
75 140
75 109
76 149
76 171
76 143
76 140
76 108
76 141
76 111
76 114
76 180
76 117
76 150
76 169
76 109
76 151
77 137
77 143
77 80
77 82
77 89
77 90
77 91
77 92
77 157
77 94
77 159
77 166
77 167
77 168
77 110
77 112
77 115
77 158
77 151
78 138
78 144
78 145
78 154
78 175
78 156
78 157
78 133
78 160
78 163
78 167
78 170
78 173
78 174
78 178
78 79
78 80
78 81
78 82
78 83
78 84
78 85
78 86
78 87
78 95
78 97
78 99
78 102
78 103
78 104
78 107
78 146
78 110
78 113
78 115
78 123
78 124
78 125
78 127
79 138
79 144
79 145
79 154
79 175
79 156
79 157
79 133
79 160
79 163
79 167
79 170
79 173
79 174
79 178
79 80
79 81
79 82
79 83
79 84
79 85
79 86
79 87
79 95
79 97
79 99
79 102
79 103
79 104
79 107
79 146
79 110
79 113
79 115
79 123
79 124
79 125
79 127
80 137
80 138
80 144
80 154
80 175
80 156
80 157
80 160
80 163
80 167
80 168
80 174
80 178
80 81
80 82
80 83
80 84
80 85
80 86
80 87
80 89
80 94
80 95
80 97
80 99
80 103
80 110
80 113
80 115
80 124
80 125
80 127
81 129
81 136
81 138
81 145
81 154
81 156
81 157
81 133
81 160
81 163
81 170
81 135
81 174
81 175
81 178
81 83
81 84
81 85
81 86
81 87
81 95
81 97
81 99
81 102
81 103
81 104
81 146
81 113
81 120
81 122
81 124
81 125
81 127
82 137
82 144
82 89
82 157
82 94
82 159
82 112
82 99
82 167
82 168
82 106
82 109
82 110
82 115
82 158
83 128
83 129
83 130
83 136
83 138
83 173
83 145
83 132
83 154
83 156
83 157
83 160
83 163
83 170
83 135
83 178
83 174
83 175
83 176
83 84
83 85
83 86
83 87
83 95
83 97
83 98
83 99
83 102
83 103
83 104
83 107
83 146
83 113
83 122
83 123
83 124
83 125
83 127
84 128
84 130
84 138
84 145
84 132
84 154
84 156
84 157
84 160
84 163
84 129
84 170
84 173
84 174
84 175
84 176
84 178
84 85
84 86
84 87
84 95
84 97
84 98
84 99
84 103
84 107
84 113
84 123
84 124
84 125
84 127
85 128
85 129
85 130
85 136
85 138
85 173
85 145
85 154
85 156
85 157
85 133
85 160
85 163
85 170
85 135
85 178
85 174
85 175
85 86
85 87
85 95
85 97
85 99
85 102
85 103
85 104
85 107
85 146
85 113
85 120
85 122
85 123
85 124
85 125
85 127
86 128
86 129
86 130
86 136
86 138
86 173
86 145
86 154
86 156
86 157
86 160
86 163
86 170
86 135
86 178
86 174
86 175
86 176
86 87
86 95
86 97
86 98
86 99
86 102
86 103
86 104
86 107
86 146
86 113
86 122
86 123
86 124
86 125
86 127
87 128
87 129
87 130
87 136
87 138
87 173
87 145
87 154
87 156
87 157
87 133
87 160
87 163
87 170
87 135
87 178
87 175
87 176
87 95
87 97
87 98
87 99
87 100
87 102
87 103
87 104
87 107
87 146
87 113
87 120
87 122
87 123
87 124
87 125
87 127
88 131
88 165
88 166
88 140
88 141
88 143
88 151
88 90
88 91
88 92
88 93
88 94
89 137
89 90
89 91
89 92
89 157
89 94
89 159
89 166
89 110
89 115
89 158
90 131
90 166
90 137
90 151
90 140
90 141
90 110
90 112
90 91
90 94
90 143
90 92
90 159
90 158
91 112
91 131
91 166
91 137
91 151
91 140
91 110
91 141
91 94
91 143
91 92
91 159
91 158
92 112
92 131
92 166
92 137
92 151
92 140
92 110
92 141
92 159
92 94
92 143
92 158
93 177
93 164
93 165
93 150
93 171
93 141
93 166
94 137
94 140
94 158
94 159
94 166
94 168
94 106
94 110
94 112
94 115
94 151
94 143
95 129
95 130
95 136
95 138
95 144
95 145
95 154
95 175
95 156
95 157
95 133
95 160
95 163
95 167
95 170
95 135
95 178
95 174
95 99
95 102
95 104
95 146
95 113
95 122
95 124
95 125
95 127
96 114
96 117
96 121
96 111
97 128
97 130
97 138
97 132
97 154
97 156
97 157
97 160
97 163
97 129
97 170
97 173
97 175
97 176
97 178
97 98
97 99
97 103
97 107
97 123
97 124
97 125
97 127
98 128
98 130
98 138
98 153
98 154
98 160
98 163
98 103
98 170
98 107
98 173
98 176
98 178
98 123
99 129
99 138
99 144
99 145
99 154
99 175
99 156
99 157
99 133
99 160
99 163
99 167
99 170
99 173
99 174
99 178
99 102
99 103
99 104
99 107
99 146
99 113
99 115
99 124
99 125
99 127
100 129
100 130
100 134
100 135
100 139
100 146
100 122
100 160
100 161
100 162
100 163
100 145
100 105
100 172
100 147
100 116
100 113
100 170
100 120
100 136
100 102
100 126
100 127
101 179
101 134
101 139
101 147
101 148
101 152
101 116
101 162
101 172
101 105
102 129
102 130
102 133
102 135
102 136
102 138
102 145
102 154
102 157
102 160
102 161
102 163
102 156
102 170
102 174
102 175
102 104
102 146
102 113
102 120
102 122
102 124
102 125
102 127
103 128
103 130
103 138
103 132
103 154
103 156
103 160
103 129
103 173
103 175
103 176
103 178
103 107
103 123
103 124
103 125
104 129
104 130
104 138
104 145
104 154
104 157
104 160
104 163
104 167
104 156
104 174
104 175
104 146
104 113
104 122
104 124
104 125
104 127
105 179
105 134
105 139
105 147
105 148
105 152
105 161
105 162
105 172
105 116
106 137
106 143
106 144
106 158
106 159
106 167
106 168
106 108
106 109
106 110
106 112
106 114
106 115
106 119
106 151
107 128
107 130
107 138
107 132
107 154
107 156
107 160
107 129
107 173
107 175
107 176
107 178
107 123
107 124
107 125
108 171
108 140
108 109
108 112
108 141
108 114
108 117
108 111
108 169
108 151
108 143
108 158
108 159
109 140
109 141
109 143
109 137
109 111
109 158
109 159
109 168
109 110
109 112
109 114
109 115
109 117
109 119
109 151
110 137
110 143
110 144
110 157
110 159
110 112
110 167
110 168
110 115
110 158
110 151
111 112
111 171
111 114
111 140
111 141
111 143
111 117
111 169
111 151
112 137
112 151
112 140
112 141
112 159
112 144
112 168
112 114
112 115
112 158
112 117
112 143
113 129
113 130
113 136
113 138
113 145
113 154
113 156
113 157
113 133
113 160
113 163
113 170
113 135
113 178
113 174
113 175
113 146
113 120
113 122
113 124
113 125
113 127
114 171
114 143
114 141
114 140
114 117
114 169
114 159
114 151
114 158
115 137
115 144
115 157
115 159
115 167
115 168
115 158
116 147
116 179
116 134
116 139
116 148
116 122
116 152
116 161
116 162
116 172
116 118
117 171
117 143
117 169
117 141
117 151
117 140
118 147
118 134
118 135
118 120
118 136
118 172
118 126
120 134
120 135
120 122
120 133
120 160
120 161
120 163
120 145
120 170
120 172
120 146
120 136
120 127
120 126
122 129
122 130
122 133
122 135
122 136
122 138
122 139
122 160
122 161
122 163
122 156
122 172
122 175
122 145
122 146
122 125
122 147
122 170
122 126
122 127
123 128
123 130
123 138
123 132
123 154
123 156
123 160
123 129
123 173
123 175
123 176
123 178
123 124
123 125
124 128
124 129
124 130
124 138
124 173
124 145
124 154
124 156
124 157
124 160
124 176
124 163
124 167
124 170
124 178
124 174
124 175
124 146
124 125
124 132
124 127
125 128
125 129
125 130
125 138
125 132
125 173
125 145
125 154
125 156
125 157
125 160
125 176
125 163
125 170
125 178
125 174
125 175
125 146
125 127
126 136
126 133
126 135
126 172
126 134
126 127
127 129
127 130
127 136
127 138
127 145
127 154
127 156
127 157
127 133
127 160
127 163
127 170
127 135
127 174
127 175
127 146
128 130
128 138
128 132
128 142
128 154
128 173
128 175
128 176
128 178
128 160
129 130
129 178
129 136
129 138
129 145
129 154
129 160
129 161
129 163
129 156
129 173
129 174
129 175
129 146
129 170
130 178
130 138
130 139
130 145
130 154
130 160
130 161
130 163
130 173
130 174
130 175
130 176
130 146
130 170
131 166
131 177
132 142
132 154
132 173
132 176
132 178
133 135
133 163
133 156
133 157
133 160
133 145
133 170
133 146
133 136
133 138
134 161
134 135
134 172
134 147
134 148
135 136
135 138
135 145
135 147
135 156
135 160
135 161
135 163
135 172
135 146
135 170
136 138
136 145
136 147
136 156
136 160
136 161
136 163
136 172
136 146
136 170
137 140
137 141
137 157
137 159
137 144
137 167
137 168
137 158
137 151
137 143
138 145
138 154
138 156
138 157
138 160
138 176
138 163
138 170
138 173
138 174
138 175
138 178
138 146
139 147
139 179
139 146
139 148
139 152
139 161
139 162
139 172
140 141
140 143
140 151
140 158
140 159
140 166
140 169
140 171
141 143
141 158
141 159
141 166
141 169
141 171
141 151
142 176
143 158
143 159
143 166
143 171
143 151
144 174
144 157
144 158
144 167
144 168
144 159
145 154
145 160
145 161
145 163
145 156
145 174
145 175
145 146
145 170
146 154
146 160
146 161
146 163
146 156
146 174
146 175
146 170
147 179
147 148
147 152
147 161
147 162
147 172
148 179
148 161
148 152
148 162
148 172
149 164
149 180
149 150
149 169
149 171
150 171
150 164
150 169
150 180
150 165
151 158
151 159
151 166
151 171
152 179
152 162
154 156
154 157
154 160
154 176
154 163
154 170
154 173
154 174
154 175
154 178
156 175
156 157
156 160
156 163
156 167
156 170
156 173
156 174
156 178
157 175
157 160
157 163
157 167
157 168
157 170
157 174
157 178
158 159
158 166
158 168
159 166
159 167
159 168
160 173
160 176
160 163
160 170
160 178
160 174
160 175
161 162
161 172
162 179
163 170
163 178
163 174
163 175
164 177
164 165
165 177
165 166
167 174
167 175
167 168
169 171
169 180
170 175
171 180
173 175
173 176
173 178
174 175
174 178
175 178
175 176
176 178
