1 128
1 66
1 67
1 4
1 5
1 12
1 77
1 131
1 89
1 24
1 132
1 90
1 91
1 92
1 94
1 97
1 103
1 107
1 173
1 176
1 178
1 123
2 66
2 6
2 137
2 11
2 77
2 143
2 80
2 82
2 20
2 23
2 89
2 158
2 159
2 168
2 106
2 108
2 109
2 110
2 47
2 112
2 114
2 115
2 94
2 56
2 151
2 63
3 176
3 128
3 178
3 123
3 132
3 103
3 24
3 107
3 173
3 142
4 128
4 66
4 67
4 68
4 5
4 6
4 7
4 73
4 11
4 12
4 77
4 131
4 84
4 89
4 24
4 132
4 154
4 94
4 97
4 103
4 107
4 173
4 176
4 178
4 56
4 123
5 128
5 6
5 7
5 138
5 11
5 12
5 18
5 20
5 21
5 22
5 24
5 132
5 154
5 156
5 157
5 160
5 173
5 176
5 178
5 56
5 62
5 65
5 67
5 68
5 69
5 70
5 71
5 73
5 77
5 78
5 79
5 80
5 83
5 84
5 85
5 86
5 87
5 89
5 97
5 98
5 99
5 103
5 107
5 110
5 123
5 124
5 125
6 7
6 137
6 138
6 11
6 12
6 144
6 18
6 20
6 21
6 22
6 24
6 154
6 175
6 156
6 157
6 160
6 163
6 167
6 168
6 47
6 48
6 178
6 56
6 62
6 65
6 67
6 68
6 69
6 70
6 71
6 72
6 73
6 74
6 78
6 79
6 80
6 81
6 82
6 83
6 84
6 85
6 86
6 87
6 97
6 99
6 103
6 110
6 115
6 124
6 125
7 128
7 138
7 11
7 12
7 18
7 20
7 21
7 22
7 24
7 154
7 156
7 157
7 160
7 173
7 47
7 178
7 56
7 62
7 65
7 67
7 68
7 69
7 70
7 71
7 73
7 77
7 78
7 79
7 80
7 83
7 84
7 85
7 86
7 87
7 89
7 97
7 98
7 99
7 103
7 107
7 110
7 123
7 124
7 125
8 54
8 55
8 168
8 26
8 167
8 10
9 51
9 134
9 139
9 34
9 13
9 16
9 17
9 147
9 148
9 149
9 150
9 57
9 152
9 15
9 29
9 30
9 37
9 32
9 162
9 35
9 101
9 38
9 39
9 41
9 45
9 46
9 27
9 179
9 116
9 53
9 105
9 52
9 58
9 59
9 60
10 26
10 54
11 137
11 138
11 12
11 144
11 18
11 20
11 21
11 22
11 23
11 154
11 156
11 157
11 158
11 159
11 160
11 167
11 168
11 47
11 48
11 178
11 56
11 62
11 65
11 66
11 67
11 68
11 69
11 70
11 71
11 73
11 74
11 77
11 78
11 79
11 80
11 82
11 83
11 84
11 85
11 86
11 89
11 94
11 97
11 99
11 110
11 115
12 128
12 132
12 67
12 73
12 138
12 80
12 56
12 18
12 83
12 84
12 85
12 22
12 87
12 24
12 68
12 154
12 86
12 69
12 107
12 97
12 98
12 70
12 65
12 103
12 71
12 173
12 175
12 176
12 178
12 160
12 123
12 124
12 125
12 62
13 51
13 134
13 139
13 15
13 16
13 17
13 147
13 148
13 149
13 57
13 152
13 36
13 27
13 28
13 29
13 30
13 37
13 32
13 161
13 162
13 35
13 100
13 101
13 38
13 39
13 41
13 42
13 43
13 172
13 45
13 46
13 49
13 179
13 116
13 53
13 105
13 52
13 58
13 59
13 60
14 32
14 121
14 34
14 44
14 169
15 51
15 43
15 147
15 139
15 16
15 17
15 146
15 19
15 148
15 152
15 25
15 27
15 28
15 29
15 30
15 37
15 58
15 161
15 162
15 35
15 100
15 101
15 38
15 145
15 40
15 105
15 42
15 39
15 172
15 45
15 46
15 49
15 50
15 179
15 116
15 41
15 57
15 122
15 59
15 60
15 36
16 51
16 139
16 17
16 147
16 148
16 149
16 150
16 57
16 152
16 164
16 27
16 29
16 30
16 37
16 32
16 162
16 35
16 36
16 101
16 38
16 39
16 41
16 45
16 46
16 179
16 116
16 53
16 105
16 52
16 58
16 59
16 60
17 51
17 134
17 135
17 136
17 139
17 145
17 146
17 19
17 148
17 152
17 25
17 27
17 28
17 29
17 30
17 161
17 162
17 35
17 36
17 37
17 38
17 39
17 40
17 41
17 42
17 43
17 172
17 45
17 46
17 49
17 50
17 179
17 53
17 57
17 58
17 59
17 60
17 100
17 101
17 105
17 147
17 116
17 122
18 129
18 136
18 138
18 145
18 146
18 20
18 21
18 22
18 154
18 175
18 156
18 157
18 133
18 160
18 163
18 170
18 174
18 47
18 48
18 56
18 61
18 62
18 64
18 65
18 68
18 69
18 70
18 71
18 72
18 73
18 74
18 78
18 79
18 80
18 81
18 83
18 84
18 85
18 86
18 87
18 95
18 99
18 102
18 104
18 113
18 122
18 124
18 125
18 127
19 129
19 134
19 135
19 136
19 139
19 146
19 147
19 148
19 25
19 27
19 28
19 29
19 30
19 161
19 162
19 35
19 36
19 37
19 38
19 39
19 40
19 42
19 43
19 172
19 45
19 174
19 49
19 50
19 61
19 64
19 72
19 74
19 81
19 163
19 95
19 100
19 101
19 102
19 145
19 104
19 105
19 113
19 116
19 120
19 122
19 170
19 127
20 65
20 48
20 73
20 74
20 78
20 79
20 80
20 81
20 82
20 83
20 21
20 22
20 23
20 154
20 156
20 157
20 158
20 159
20 160
20 144
20 99
20 167
20 168
20 106
20 110
20 47
20 112
20 115
20 137
20 56
20 138
20 85
21 135
21 136
21 138
21 145
21 146
21 22
21 154
21 156
21 157
21 133
21 160
21 163
21 170
21 174
21 175
21 48
21 56
21 61
21 62
21 64
21 65
21 68
21 69
21 70
21 71
21 72
21 73
21 74
21 78
21 79
21 80
21 81
21 83
21 84
21 85
21 86
21 87
21 95
21 99
21 102
21 104
21 113
21 122
21 124
21 125
21 127
22 138
22 154
22 47
22 156
22 157
22 160
22 163
22 167
22 170
22 174
22 175
22 48
22 178
22 56
22 61
22 62
22 64
22 65
22 67
22 68
22 69
22 70
22 71
22 72
22 73
22 74
22 78
22 79
22 80
22 81
22 83
22 84
22 85
22 86
22 87
22 95
22 97
22 98
22 99
22 113
22 124
22 125
22 127
23 137
23 140
23 66
23 77
23 80
23 141
23 82
23 151
23 89
23 143
23 94
23 159
23 106
23 108
23 109
23 110
23 47
23 112
23 114
23 115
23 56
23 158
23 111
23 63
23 117
24 68
24 130
24 73
24 128
24 160
24 83
24 84
24 86
24 67
24 132
24 154
24 107
24 97
24 98
24 70
24 103
24 71
24 173
24 175
24 176
24 178
24 123
24 124
24 125
24 62
25 129
25 130
25 43
25 49
25 135
25 136
25 74
25 139
25 81
25 146
25 36
25 26
25 27
25 28
25 29
25 30
25 95
25 161
25 162
25 35
25 100
25 37
25 102
25 40
25 145
25 42
25 39
25 174
25 175
25 48
25 113
25 50
25 147
25 116
25 105
25 104
25 122
25 38
26 54
26 40
27 51
27 134
27 135
27 136
27 139
27 146
27 147
27 148
27 152
27 28
27 29
27 30
27 161
27 162
27 35
27 36
27 37
27 38
27 39
27 40
27 42
27 43
27 172
27 45
27 46
27 49
27 50
27 179
27 58
27 59
27 60
27 100
27 101
27 102
27 145
27 105
27 116
27 122
28 129
28 43
28 49
28 51
28 135
28 136
28 139
28 146
28 148
28 152
28 29
28 30
28 95
28 161
28 162
28 35
28 100
28 101
28 102
28 145
28 40
28 37
28 42
28 39
28 172
28 45
28 174
28 113
28 50
28 147
28 116
28 105
28 104
28 122
28 38
28 36
29 51
29 134
29 139
29 147
29 148
29 152
29 30
29 161
29 162
29 35
29 36
29 37
29 38
29 39
29 40
29 41
29 42
29 43
29 172
29 45
29 46
29 49
29 50
29 179
29 52
29 53
29 57
29 58
29 59
29 60
29 100
29 101
29 105
29 116
29 122
30 179
30 134
30 135
30 136
30 139
30 146
30 147
30 148
30 152
30 161
30 162
30 35
30 36
30 37
30 38
30 39
30 40
30 42
30 43
30 172
30 45
30 46
30 49
30 50
30 51
30 58
30 59
30 100
30 101
30 102
30 145
30 104
30 105
30 116
30 122
31 33
31 155
31 118
32 51
32 34
32 149
32 152
32 52
32 162
32 35
32 39
32 41
32 45
32 46
32 179
32 180
32 53
32 57
32 58
32 59
32 60
33 118
33 134
33 120
33 172
33 126
34 169
34 121
34 52
34 53
34 41
34 57
34 60
35 51
35 147
35 139
35 148
35 57
35 152
35 37
35 161
35 162
35 36
35 101
35 38
35 39
35 40
35 105
35 42
35 43
35 45
35 46
35 49
35 50
35 179
35 116
35 41
35 52
35 58
35 59
35 60
36 129
36 43
36 147
36 51
36 139
36 145
36 146
36 148
36 152
36 37
36 161
36 162
36 100
36 101
36 38
36 40
36 105
36 42
36 39
36 45
36 46
36 49
36 50
36 179
36 116
36 58
36 59
37 51
37 147
37 139
37 146
37 148
37 152
37 161
37 162
37 100
37 101
37 38
37 39
37 40
37 105
37 42
37 43
37 45
37 46
37 49
37 50
37 179
37 116
37 41
37 57
37 58
37 59
37 60
38 51
38 147
38 139
38 148
38 152
38 101
38 161
38 162
38 100
38 39
38 40
38 105
38 42
38 43
38 45
38 46
38 49
38 50
38 179
38 116
38 41
38 57
38 58
38 59
38 60
39 51
39 147
39 139
39 148
39 152
39 101
39 161
39 162
39 100
39 40
39 105
39 42
39 43
39 45
39 46
39 49
39 50
39 179
39 116
39 57
39 41
39 52
39 58
39 59
39 60
40 129
40 130
40 100
40 145
40 139
40 146
40 148
40 161
40 162
40 104
40 105
40 42
40 43
40 174
40 49
40 50
40 147
40 116
40 102
41 179
41 162
41 149
41 152
41 101
41 45
41 46
41 51
41 52
41 53
41 57
41 58
41 59
41 60
42 129
42 134
42 135
42 136
42 139
42 146
42 148
42 152
42 161
42 162
42 170
42 43
42 172
42 45
42 46
42 49
42 50
42 51
42 58
42 59
42 64
42 95
42 100
42 101
42 102
42 145
42 104
42 105
42 113
42 147
42 116
42 120
42 122
42 127
43 129
43 130
43 147
43 49
43 100
43 145
43 139
43 146
43 148
43 152
43 101
43 58
43 161
43 162
43 105
43 45
43 46
43 104
43 50
43 179
43 116
43 51
43 122
43 59
43 102
44 96
44 169
44 75
44 108
44 109
44 111
44 112
44 76
44 114
44 117
44 121
45 51
45 147
45 134
45 139
45 148
45 149
45 57
45 152
45 100
45 101
45 161
45 162
45 172
45 46
45 49
45 179
45 116
45 53
45 105
45 52
45 58
45 59
45 60
46 51
46 134
46 139
46 147
46 148
46 149
46 150
46 57
46 152
46 101
46 161
46 162
46 49
46 179
46 116
46 53
46 105
46 52
46 58
46 59
46 60
47 65
47 48
47 137
47 74
47 78
47 79
47 80
47 81
47 82
47 83
47 85
47 154
47 156
47 157
47 158
47 159
47 144
47 110
47 99
47 167
47 168
47 106
47 174
47 112
47 115
47 54
47 56
47 95
47 138
48 129
48 133
48 136
48 138
48 144
48 145
48 146
48 154
48 175
48 156
48 157
48 160
48 163
48 167
48 168
48 170
48 174
48 50
48 56
48 61
48 62
48 64
48 65
48 69
48 70
48 71
48 72
48 74
48 78
48 79
48 80
48 81
48 82
48 83
48 85
48 86
48 87
48 95
48 99
48 102
48 104
48 113
48 115
48 124
48 125
48 127
49 129
49 134
49 135
49 136
49 139
49 146
49 148
49 152
49 161
49 162
49 172
49 50
49 51
49 59
49 61
49 64
49 163
49 95
49 100
49 101
49 102
49 145
49 104
49 105
49 113
49 147
49 116
49 120
49 122
49 170
49 127
50 129
50 134
50 135
50 136
50 139
50 146
50 148
50 161
50 162
50 172
50 174
50 175
50 61
50 64
50 72
50 74
50 81
50 163
50 95
50 100
50 102
50 145
50 104
50 105
50 113
50 147
50 116
50 120
50 122
50 170
50 127
51 134
51 139
51 147
51 148
51 149
51 57
51 152
51 100
51 101
51 161
51 162
51 172
51 179
51 116
51 53
51 105
51 52
51 58
51 59
51 60
52 179
52 162
52 148
52 149
52 150
52 152
52 101
52 180
52 53
52 169
52 57
52 58
52 59
52 60
53 179
53 134
53 147
53 148
53 149
53 57
53 152
53 101
53 105
53 116
53 58
53 59
53 60
54 144
54 168
54 115
54 106
54 167
54 55
54 174
55 112
55 144
55 115
55 167
55 168
55 106
55 119
55 109
55 96
56 137
56 138
56 144
56 154
56 156
56 157
56 158
56 159
56 160
56 167
56 168
56 178
56 62
56 65
56 66
56 68
56 69
56 70
56 71
56 73
56 74
56 77
56 78
56 79
56 80
56 82
56 83
56 84
56 85
56 86
56 89
56 94
56 99
56 106
56 110
56 115
57 179
57 162
57 149
57 152
57 101
57 58
57 59
57 60
58 179
58 161
58 139
58 147
58 148
58 149
58 152
58 101
58 116
58 162
58 105
58 59
58 60
59 179
59 161
59 139
59 147
59 148
59 149
59 152
59 101
59 116
59 162
59 105
59 60
60 179
60 162
60 148
60 149
60 152
60 101
61 64
61 65
61 133
61 70
61 71
61 72
61 74
61 86
61 78
61 79
61 81
61 83
61 87
61 127
61 154
61 156
61 157
61 69
61 160
61 99
61 100
61 163
61 102
61 113
61 145
61 170
61 135
61 146
61 136
61 120
61 122
61 95
61 138
61 62
61 85
62 129
62 130
62 138
62 154
62 156
62 157
62 160
62 163
62 170
62 174
62 175
62 178
62 64
62 65
62 67
62 68
62 69
62 70
62 71
62 72
62 73
62 74
62 78
62 79
62 80
62 81
62 83
62 84
62 85
62 86
62 87
62 95
62 97
62 98
62 99
62 103
62 113
62 124
62 125
62 127
63 137
63 75
63 140
63 66
63 77
63 141
63 151
63 89
63 90
63 143
63 92
63 94
63 159
63 112
63 91
63 166
63 169
63 171
63 108
63 109
63 110
63 111
63 76
63 114
63 158
63 117
64 65
64 69
64 70
64 71
64 72
64 74
64 136
64 86
64 78
64 79
64 81
64 83
64 87
64 127
64 154
64 156
64 157
64 133
64 160
64 99
64 100
64 163
64 102
64 113
64 145
64 135
64 146
64 138
64 170
64 120
64 122
64 95
64 85
65 138
65 154
65 156
65 157
65 133
65 160
65 163
65 170
65 68
65 69
65 70
65 71
65 72
65 73
65 74
65 78
65 79
65 80
65 81
65 82
65 83
65 84
65 85
65 86
65 87
65 95
65 99
65 113
65 127
66 137
66 140
66 141
66 77
66 88
66 89
66 90
66 91
66 92
66 94
66 159
66 166
66 110
66 112
66 158
66 151
66 143
67 128
67 130
67 107
67 73
67 138
67 83
67 84
67 87
67 68
67 154
67 86
67 69
67 160
67 97
67 98
67 70
67 103
67 71
67 173
67 175
67 176
67 178
67 132
67 123
67 124
67 125
68 128
68 129
68 130
68 138
68 132
68 154
68 156
68 157
68 160
68 173
68 175
68 176
68 178
68 69
68 70
68 71
68 73
68 78
68 79
68 80
68 83
68 84
68 85
68 86
68 87
68 97
68 98
68 99
68 103
68 107
68 123
68 124
68 125
69 129
69 130
69 136
69 138
69 154
69 156
69 157
69 160
69 163
69 170
69 174
69 175
69 178
69 70
69 71
69 72
69 73
69 74
69 78
69 79
69 80
69 81
69 83
69 84
69 85
69 86
69 87
69 95
69 97
69 98
69 99
69 102
69 113
69 122
69 124
69 125
69 127
70 129
70 130
70 138
70 154
70 156
70 157
70 160
70 163
70 170
70 173
70 175
70 178
70 71
70 72
70 73
70 74
70 78
70 79
70 80
70 81
70 83
70 84
70 85
70 86
70 87
70 97
70 98
70 99
70 103
70 107
70 113
70 124
70 125
70 127
71 129
71 130
71 138
71 154
71 156
71 157
71 160
71 163
71 170
71 174
71 175
71 178
71 72
71 73
71 74
71 78
71 79
71 80
71 81
71 83
71 84
71 85
71 86
71 87
71 95
71 97
71 98
71 99
71 103
71 113
71 124
71 125
71 127
72 133
72 135
72 136
72 138
72 145
72 146
72 154
72 156
72 157
72 160
72 163
72 170
72 74
72 78
72 79
72 81
72 83
72 84
72 85
72 86
72 87
72 95
72 99
72 100
72 102
72 104
72 113
72 120
72 122
72 127
73 128
73 130
73 138
73 132
73 154
73 156
73 157
73 160
73 173
73 175
73 176
73 178
73 78
73 79
73 80
73 83
73 84
73 85
73 86
73 87
73 97
73 98
73 99
73 103
73 107
73 123
73 124
73 125
74 133
74 135
74 136
74 138
74 144
74 145
74 154
74 175
74 156
74 157
74 160
74 163
74 167
74 168
74 170
74 174
74 78
74 79
74 80
74 81
74 82
74 83
74 85
74 86
74 87
74 95
74 99
74 100
74 102
74 104
74 146
74 113
74 115
74 120
74 122
74 124
74 127
75 149
75 169
75 171
75 108
75 141
75 143
75 76
75 114
75 180
75 117
75 150
75 151
75 111
75 140
76 149
76 91
76 166
76 143
76 169
76 171
76 108
76 141
76 111
76 114
76 180
76 117
76 150
76 151
76 140
76 92
77 137
77 140
77 141
77 89
77 90
77 91
77 92
77 94
77 159
77 110
77 112
77 158
77 151
77 143
78 138
78 144
78 154
78 175
78 156
78 157
78 133
78 160
78 163
78 167
78 168
78 170
78 174
78 79
78 80
78 81
78 82
78 83
78 84
78 85
78 86
78 87
78 95
78 99
78 102
78 104
78 113
78 115
78 124
78 125
78 127
79 138
79 144
79 154
79 175
79 156
79 157
79 133
79 160
79 163
79 167
79 168
79 170
79 174
79 80
79 81
79 82
79 83
79 84
79 85
79 86
79 87
79 95
79 99
79 102
79 104
79 113
79 115
79 124
79 125
79 127
80 137
80 138
80 144
80 154
80 156
80 157
80 160
80 163
80 167
80 168
80 178
80 81
80 82
80 83
80 84
80 85
80 86
80 87
80 99
80 110
80 115
80 124
81 129
81 133
81 135
81 136
81 138
81 144
81 145
81 154
81 175
81 156
81 157
81 160
81 163
81 167
81 170
81 174
81 83
81 85
81 86
81 87
81 95
81 99
81 100
81 102
81 104
81 146
81 113
81 120
81 122
81 124
81 127
82 137
82 156
82 157
82 158
82 159
82 144
82 99
82 167
82 168
82 112
82 106
82 109
82 110
82 115
83 129
83 130
83 138
83 154
83 175
83 156
83 157
83 160
83 163
83 167
83 170
83 174
83 178
83 84
83 85
83 86
83 87
83 95
83 97
83 98
83 99
83 103
83 104
83 113
83 124
83 125
83 127
84 128
84 129
84 130
84 138
84 154
84 156
84 157
84 160
84 173
84 175
84 176
84 178
84 85
84 86
84 87
84 97
84 98
84 99
84 103
84 107
84 123
84 124
84 125
85 129
85 136
85 138
85 145
85 154
85 175
85 156
85 157
85 133
85 160
85 163
85 167
85 170
85 135
85 174
85 86
85 87
85 95
85 99
85 102
85 104
85 146
85 113
85 122
85 124
85 125
85 127
86 129
86 130
86 136
86 138
86 154
86 156
86 157
86 160
86 163
86 170
86 174
86 175
86 178
86 87
86 95
86 97
86 98
86 99
86 113
86 124
86 125
86 127
87 129
87 130
87 136
87 138
87 145
87 154
87 156
87 157
87 133
87 160
87 163
87 170
87 135
87 174
87 175
87 95
87 97
87 98
87 99
87 102
87 146
87 113
87 122
87 124
87 125
87 127
88 131
88 164
88 165
88 166
88 171
88 140
88 141
88 143
88 177
88 151
88 89
88 90
88 91
88 92
88 93
88 94
89 137
89 140
89 141
89 90
89 91
89 92
89 94
89 159
89 110
89 112
89 158
89 151
89 143
90 131
90 165
90 166
90 140
90 141
90 91
90 151
90 143
90 92
90 94
91 131
91 165
91 166
91 171
91 140
91 141
91 151
91 143
91 92
91 93
91 94
92 131
92 165
92 166
92 140
92 171
92 93
92 141
92 151
92 143
92 94
93 177
93 164
93 149
93 150
93 166
93 165
94 137
94 140
94 141
94 158
94 159
94 166
94 108
94 109
94 110
94 112
94 114
94 151
94 143
95 129
95 133
95 135
95 136
95 138
95 144
95 145
95 175
95 157
95 160
95 161
95 163
95 167
95 156
95 174
95 99
95 100
95 102
95 104
95 146
95 125
95 113
95 120
95 122
95 124
95 170
95 127
96 114
96 119
96 121
96 109
97 128
97 132
97 138
97 154
97 107
97 98
97 103
97 173
97 175
97 176
97 178
97 160
97 123
97 124
97 125
98 107
98 153
98 154
98 160
98 103
98 173
98 178
98 123
99 136
99 138
99 144
99 145
99 154
99 175
99 156
99 157
99 133
99 160
99 163
99 167
99 168
99 170
99 174
99 102
99 104
99 146
99 113
99 115
99 124
99 125
99 127
100 134
100 135
100 136
100 139
100 146
100 147
100 148
100 161
100 162
100 163
100 172
100 101
100 102
100 145
100 104
100 105
100 113
100 116
100 118
100 120
100 122
100 170
100 126
100 127
101 134
101 139
101 147
101 148
101 149
101 150
101 152
101 161
101 162
101 164
101 172
101 179
101 105
101 116
101 118
102 129
102 133
102 135
102 136
102 139
102 145
102 161
102 163
102 156
102 174
102 175
102 104
102 146
102 113
102 147
102 120
102 122
102 124
102 170
102 126
102 127
103 128
103 132
103 154
103 107
103 173
103 176
103 178
103 123
103 124
103 125
104 129
104 130
104 113
104 167
104 161
104 163
104 145
104 156
104 146
104 174
104 175
104 136
104 122
104 127
104 124
104 125
105 147
105 179
105 134
105 135
105 139
105 146
105 148
105 122
105 152
105 161
105 162
105 172
105 116
106 144
106 167
106 168
106 137
106 109
106 110
106 112
106 114
106 115
106 119
106 158
106 159
107 128
107 132
107 154
107 173
107 176
107 178
107 123
107 125
108 137
108 140
108 141
108 143
108 158
108 159
108 117
108 169
108 171
108 109
108 110
108 111
108 112
108 114
108 151
109 143
109 151
109 137
109 158
109 159
109 168
109 110
109 111
109 112
109 114
109 115
109 119
109 117
110 137
110 143
110 157
110 159
110 167
110 168
110 112
110 114
110 115
110 158
110 151
111 112
111 171
111 114
111 140
111 141
111 143
111 117
111 169
111 159
111 151
111 158
112 137
112 151
112 140
112 141
112 159
112 168
112 114
112 115
112 158
112 117
112 143
113 129
113 133
113 135
113 136
113 138
113 144
113 145
113 157
113 160
113 161
113 163
113 167
113 156
113 174
113 175
113 146
113 120
113 122
113 124
113 170
113 126
113 127
114 141
114 143
114 158
114 159
114 117
114 169
114 171
114 140
114 137
114 151
115 137
115 144
115 174
115 156
115 157
115 158
115 159
115 168
115 167
115 119
116 134
116 135
116 136
116 139
116 145
116 146
116 147
116 148
116 152
116 161
116 162
116 172
116 179
116 118
116 120
116 122
117 171
117 140
117 141
117 169
117 159
117 151
117 143
117 158
118 134
118 135
118 136
118 172
118 147
118 120
118 122
118 126
119 144
119 168
120 133
120 134
120 161
120 146
120 122
120 163
120 145
120 135
120 172
120 147
120 170
120 136
120 126
120 127
122 133
122 134
122 135
122 136
122 139
122 145
122 161
122 163
122 172
122 146
122 147
122 170
122 126
122 127
123 128
123 132
123 154
123 173
123 176
123 178
123 125
124 129
124 130
124 138
124 154
124 156
124 157
124 160
124 163
124 167
124 174
124 175
124 178
124 125
125 129
125 130
125 138
125 160
125 154
125 167
125 156
125 173
125 174
125 175
125 178
126 133
126 145
126 136
126 170
126 135
126 172
126 147
126 134
126 127
127 133
127 135
127 136
127 138
127 145
127 156
127 157
127 160
127 163
127 174
127 146
127 170
128 132
128 173
128 176
128 178
129 130
129 145
129 160
129 163
129 146
129 174
129 175
130 160
130 174
130 175
130 178
131 176
131 166
131 177
131 132
132 173
132 176
132 178
133 135
133 136
133 163
133 156
133 157
133 170
133 138
134 147
134 161
134 136
134 139
134 148
134 152
134 135
134 172
135 145
135 146
135 161
135 163
135 172
135 136
135 147
135 170
136 138
136 161
136 163
136 156
136 172
136 145
136 146
136 147
136 170
137 143
137 157
137 159
137 168
137 158
137 151
138 154
138 175
138 156
138 157
138 160
138 163
138 170
138 174
139 147
139 179
139 145
139 146
139 148
139 152
139 161
139 162
139 172
140 141
140 151
140 158
140 159
140 166
140 169
140 171
140 180
140 143
141 158
141 143
141 150
141 151
141 159
141 166
141 169
141 171
141 180
142 176
143 158
143 159
143 166
143 169
143 171
143 151
144 156
144 157
144 167
144 168
144 174
145 161
145 163
145 156
145 172
145 174
145 175
145 146
145 147
145 170
146 161
146 163
146 156
146 172
146 174
146 175
146 147
146 170
147 179
147 148
147 152
147 161
147 162
147 172
148 179
148 149
148 152
148 161
148 162
148 172
149 179
149 150
149 152
149 165
149 164
149 171
149 180
149 169
150 171
150 164
150 166
150 169
150 152
150 180
150 165
151 158
151 159
151 166
151 169
151 171
152 179
152 161
152 162
152 172
154 175
154 156
154 157
154 160
154 163
154 173
154 178
155 177
156 175
156 157
156 160
156 163
156 167
156 170
156 174
157 175
157 160
157 163
157 167
157 168
157 170
157 174
158 159
160 163
160 170
160 174
160 175
160 178
161 162
161 172
162 179
163 170
163 174
163 175
164 177
164 165
164 166
165 177
165 171
165 166
166 171
166 177
167 175
167 174
167 168
168 174
169 171
169 180
171 180
173 176
173 178
174 175
175 178
176 178
