1 128
1 66
1 67
1 68
1 5
1 7
1 73
1 12
1 77
1 24
1 131
1 84
1 89
1 88
1 132
1 90
1 91
1 92
1 94
1 97
1 166
1 103
1 107
1 173
1 176
1 178
1 123
1 4
2 66
2 75
2 47
2 137
2 11
2 76
2 141
2 77
2 80
2 56
2 82
2 144
2 20
2 151
2 89
2 90
2 91
2 92
2 157
2 94
2 159
2 112
2 114
2 166
2 167
2 168
2 106
2 171
2 108
2 109
2 110
2 111
2 48
2 140
2 115
2 158
2 55
2 23
2 63
2 143
2 117
3 176
3 128
3 130
3 123
3 132
3 103
3 24
3 107
3 173
3 142
4 128
4 66
4 67
4 68
4 5
4 6
4 7
4 73
4 11
4 12
4 77
4 131
4 84
4 89
4 24
4 132
4 90
4 154
4 94
4 97
4 70
4 103
4 107
4 173
4 176
4 178
4 83
4 56
4 123
4 124
4 125
5 128
5 6
5 7
5 138
5 11
5 12
5 18
5 21
5 22
5 24
5 154
5 156
5 157
5 160
5 176
5 173
5 174
5 175
5 48
5 178
5 56
5 62
5 65
5 66
5 67
5 68
5 69
5 70
5 71
5 73
5 77
5 78
5 79
5 80
5 81
5 83
5 84
5 85
5 86
5 87
5 89
5 97
5 99
5 103
5 107
5 123
5 124
5 125
6 7
6 137
6 138
6 11
6 12
6 144
6 18
6 20
6 21
6 22
6 154
6 175
6 156
6 157
6 160
6 163
6 167
6 174
6 47
6 48
6 178
6 56
6 62
6 65
6 66
6 67
6 68
6 69
6 70
6 71
6 73
6 74
6 77
6 78
6 79
6 80
6 81
6 82
6 83
6 84
6 85
6 86
6 87
6 89
6 94
6 95
6 97
6 99
6 104
6 110
6 113
6 115
6 124
6 125
7 128
7 138
7 11
7 12
7 18
7 20
7 21
7 22
7 24
7 154
7 156
7 157
7 160
7 163
7 173
7 174
7 175
7 48
7 178
7 56
7 62
7 65
7 66
7 67
7 68
7 69
7 70
7 71
7 72
7 73
7 74
7 77
7 78
7 79
7 80
7 81
7 83
7 84
7 85
7 86
7 87
7 89
7 95
7 97
7 99
7 103
7 107
7 123
7 124
7 125
8 10
8 26
8 54
8 55
9 51
9 34
9 14
9 13
9 16
9 17
9 148
9 149
9 150
9 57
9 152
9 15
9 29
9 32
9 162
9 35
9 101
9 39
9 41
9 45
9 46
9 27
9 179
9 116
9 53
9 105
9 52
9 58
9 59
9 60
10 96
10 54
10 55
11 137
11 138
11 151
11 144
11 18
11 20
11 21
11 22
11 23
11 154
11 175
11 156
11 157
11 158
11 159
11 160
11 167
11 168
11 174
11 47
11 48
11 56
11 62
11 63
11 65
11 66
11 73
11 74
11 77
11 78
11 79
11 80
11 81
11 82
11 83
11 85
11 89
11 90
11 94
11 95
11 99
11 110
11 113
11 115
11 124
12 128
12 130
12 67
12 73
12 138
12 132
12 18
12 83
12 84
12 85
12 22
12 87
12 24
12 68
12 154
12 86
12 69
12 107
12 97
12 98
12 70
12 65
12 103
12 129
12 71
12 173
12 175
12 176
12 178
12 160
12 123
12 124
12 125
12 62
13 51
13 139
13 34
13 14
13 15
13 16
13 17
13 147
13 148
13 149
13 57
13 152
13 27
13 29
13 30
13 37
13 32
13 162
13 35
13 36
13 101
13 38
13 39
13 41
13 42
13 45
13 46
13 179
13 116
13 53
13 105
13 52
13 58
13 59
13 60
14 96
14 179
14 75
14 76
14 16
14 149
14 57
14 52
14 32
14 34
14 41
14 171
14 44
14 46
14 111
14 51
14 180
14 117
14 169
14 121
14 58
14 59
14 60
14 53
15 51
15 139
15 16
15 17
15 147
15 148
15 57
15 152
15 27
15 28
15 29
15 30
15 37
15 32
15 161
15 162
15 35
15 36
15 101
15 38
15 39
15 40
15 41
15 42
15 43
15 45
15 46
15 49
15 179
15 116
15 105
15 52
15 58
15 59
15 60
16 51
16 57
16 34
16 17
16 148
16 149
16 150
16 105
16 152
16 52
16 29
16 37
16 32
16 162
16 35
16 101
16 38
16 39
16 169
16 171
16 45
16 46
16 27
16 179
16 180
16 53
16 41
16 116
16 58
16 59
16 60
17 147
17 139
17 19
17 148
17 152
17 36
17 27
17 28
17 29
17 30
17 37
17 58
17 161
17 162
17 35
17 100
17 101
17 38
17 39
17 41
17 42
17 43
17 172
17 45
17 46
17 49
17 51
17 116
17 53
17 105
17 122
17 59
18 136
18 138
18 145
18 146
18 19
18 21
18 22
18 154
18 156
18 157
18 160
18 163
18 170
18 135
18 174
18 175
18 48
18 50
18 56
18 61
18 62
18 64
18 65
18 68
18 69
18 70
18 71
18 72
18 73
18 74
18 78
18 79
18 80
18 81
18 83
18 84
18 85
18 86
18 87
18 95
18 99
18 102
18 104
18 113
18 122
18 124
18 125
18 127
19 64
19 129
19 69
19 135
19 72
19 139
19 81
19 146
19 147
19 21
19 87
19 25
19 49
19 27
19 28
19 122
19 30
19 95
19 160
19 161
19 163
19 100
19 102
19 145
19 40
19 170
19 43
19 61
19 113
19 50
19 116
19 120
19 104
19 136
19 127
19 42
19 85
20 65
20 66
20 137
20 74
20 77
20 78
20 79
20 80
20 81
20 82
20 144
20 110
20 22
20 23
20 89
20 143
20 156
20 157
20 94
20 95
20 48
20 99
20 167
20 168
20 106
20 174
20 47
20 112
20 115
20 158
20 56
20 159
20 151
20 63
21 135
21 136
21 138
21 145
21 146
21 22
21 154
21 156
21 157
21 160
21 163
21 170
21 174
21 175
21 48
21 50
21 56
21 61
21 62
21 64
21 65
21 68
21 69
21 70
21 71
21 72
21 73
21 74
21 78
21 79
21 80
21 81
21 83
21 84
21 85
21 86
21 87
21 95
21 99
21 102
21 104
21 113
21 122
21 124
21 127
22 138
22 145
22 146
22 154
22 156
22 157
22 160
22 163
22 170
22 178
22 174
22 175
22 48
22 50
22 56
22 61
22 62
22 64
22 65
22 67
22 68
22 69
22 70
22 71
22 72
22 73
22 74
22 78
22 79
22 80
22 81
22 83
22 84
22 85
22 86
22 87
22 95
22 97
22 99
22 102
22 104
22 113
22 124
22 125
22 127
23 75
23 47
23 137
23 76
23 66
23 77
23 80
23 141
23 82
23 151
23 88
23 89
23 90
23 91
23 92
23 94
23 159
23 144
23 114
23 166
23 167
23 168
23 169
23 106
23 171
23 108
23 109
23 110
23 111
23 112
23 140
23 115
23 158
23 54
23 55
23 56
23 63
23 143
23 117
24 128
24 130
24 70
24 73
24 132
24 67
24 84
24 86
24 68
24 71
24 154
24 97
24 98
24 103
24 129
24 107
24 173
24 175
24 176
24 178
24 83
24 123
24 124
24 125
24 62
25 129
25 130
25 139
25 145
25 146
25 28
25 30
25 95
25 161
25 100
25 102
25 113
25 40
25 42
25 43
25 174
25 175
25 49
25 50
25 104
25 124
25 125
27 51
27 147
27 139
27 148
27 152
27 36
27 28
27 29
27 30
27 37
27 161
27 162
27 35
27 100
27 101
27 38
27 39
27 41
27 42
27 43
27 45
27 46
27 49
27 179
27 116
27 53
27 105
27 58
27 59
28 129
28 130
28 43
28 139
28 145
28 146
28 29
28 30
28 161
28 162
28 35
28 100
28 37
28 38
28 40
28 105
28 42
28 39
28 49
28 50
28 36
29 51
29 139
29 147
29 148
29 57
29 152
29 30
29 37
29 32
29 161
29 162
29 35
29 36
29 101
29 38
29 39
29 41
29 42
29 45
29 46
29 49
29 179
29 116
29 53
29 105
29 52
29 58
29 59
29 60
30 51
30 139
30 146
30 148
30 152
30 37
30 161
30 162
30 35
30 100
30 101
30 38
30 39
30 40
30 105
30 42
30 43
30 45
30 49
30 50
30 147
30 116
30 122
30 36
31 33
31 155
31 177
32 51
32 34
32 149
32 57
32 152
32 52
32 162
32 35
32 37
32 38
32 39
32 169
32 45
32 46
32 179
32 180
32 53
32 41
32 121
32 58
32 59
32 60
33 126
33 155
33 118
33 134
34 96
34 179
34 76
34 149
34 57
34 152
34 52
34 169
34 171
34 44
34 45
34 46
34 111
34 51
34 180
34 53
34 41
34 121
34 58
34 59
34 60
35 51
35 130
35 139
35 148
35 152
35 161
35 162
35 36
35 37
35 38
35 39
35 41
35 42
35 43
35 45
35 46
35 49
35 179
35 52
35 105
35 57
35 58
35 59
35 60
36 51
36 130
36 139
36 152
36 161
36 162
36 37
36 38
36 39
36 40
36 41
36 42
36 43
36 45
36 49
36 179
36 58
36 59
37 51
37 130
37 139
37 148
37 152
37 161
37 162
37 38
37 39
37 40
37 41
37 42
37 43
37 45
37 46
37 49
37 179
37 105
37 57
37 58
37 59
37 60
38 51
38 130
38 139
38 148
38 152
38 161
38 162
38 39
38 40
38 41
38 42
38 43
38 45
38 46
38 49
38 179
38 105
38 57
38 58
38 59
38 60
39 51
39 139
39 148
39 152
39 101
39 161
39 162
39 41
39 42
39 43
39 45
39 46
39 49
39 179
39 52
39 105
39 57
39 58
39 59
39 60
40 129
40 130
40 139
40 161
40 42
40 43
40 49
41 51
41 162
41 149
41 57
41 152
41 45
41 46
41 179
41 52
41 53
41 121
41 58
41 59
41 60
42 51
42 135
42 136
42 139
42 146
42 148
42 152
42 101
42 161
42 162
42 100
42 105
42 43
42 45
42 49
42 50
42 147
42 116
42 122
43 129
43 130
43 161
43 139
43 162
43 50
43 49
44 76
44 75
44 140
44 141
44 143
44 149
44 150
44 121
44 96
44 169
44 106
44 171
44 108
44 109
44 111
44 112
44 114
44 180
44 117
44 54
44 55
44 52
45 51
45 162
45 139
45 147
45 148
45 149
45 57
45 152
45 101
45 161
45 46
45 179
45 116
45 53
45 105
45 52
45 58
45 59
45 60
46 51
46 57
46 162
46 148
46 149
46 150
46 105
46 152
46 101
46 179
46 116
46 53
46 169
46 52
46 58
46 59
46 60
47 66
47 137
47 74
47 77
47 78
47 79
47 80
47 82
47 144
47 110
47 89
47 143
47 156
47 157
47 94
47 95
47 48
47 99
47 167
47 168
47 106
47 108
47 109
47 174
47 112
47 115
47 158
47 54
47 55
47 56
47 159
47 151
47 63
48 65
48 137
48 74
48 78
48 79
48 80
48 81
48 82
48 83
48 89
48 154
48 175
48 156
48 157
48 95
48 160
48 144
48 110
48 163
48 113
48 102
48 145
48 168
48 167
48 174
48 99
48 104
48 115
48 56
48 124
48 138
48 85
49 64
49 129
49 100
49 135
49 72
49 139
49 146
49 148
49 161
49 162
49 145
49 61
49 136
49 50
49 147
49 116
49 105
49 122
49 170
49 127
50 129
50 135
50 136
50 138
50 139
50 145
50 146
50 156
50 160
50 161
50 163
50 175
50 61
50 62
50 64
50 65
50 69
50 70
50 71
50 72
50 74
50 81
50 83
50 85
50 86
50 87
50 95
50 99
50 100
50 102
50 104
50 113
50 120
50 122
50 170
50 127
51 162
51 139
51 147
51 148
51 149
51 57
51 152
51 101
51 161
51 179
51 116
51 53
51 105
51 52
51 58
51 59
51 60
52 179
52 76
52 162
52 148
52 149
52 150
52 57
52 152
52 101
52 171
52 180
52 53
52 169
52 121
52 58
52 59
52 60
53 179
53 147
53 148
53 57
53 152
53 101
53 105
53 116
53 58
53 59
53 60
54 96
54 144
54 167
54 55
54 108
54 109
54 112
54 168
54 114
54 115
54 117
54 106
54 159
55 96
55 167
55 106
55 151
55 108
55 109
55 112
55 168
55 114
55 115
55 117
55 111
55 158
55 159
56 137
56 138
56 144
56 151
56 154
56 156
56 157
56 158
56 159
56 160
56 167
56 168
56 174
56 63
56 65
56 66
56 73
56 74
56 77
56 78
56 79
56 80
56 81
56 82
56 83
56 85
56 89
56 90
56 94
56 95
56 99
56 110
56 115
56 124
57 179
57 162
57 149
57 121
57 152
57 169
57 180
57 58
57 59
57 60
58 179
58 162
58 149
58 152
58 59
58 60
59 179
59 162
59 149
59 152
59 60
60 179
60 162
60 149
60 121
60 152
60 180
61 64
61 65
61 69
61 70
61 71
61 72
61 74
61 86
61 78
61 79
61 81
61 83
61 87
61 154
61 156
61 157
61 95
61 160
61 99
61 100
61 163
61 102
61 113
61 145
61 170
61 135
61 146
61 136
61 120
61 122
61 127
61 138
61 62
61 85
62 129
62 138
62 145
62 154
62 156
62 157
62 160
62 163
62 170
62 178
62 175
62 64
62 65
62 67
62 68
62 69
62 70
62 71
62 72
62 73
62 74
62 78
62 79
62 80
62 81
62 83
62 84
62 85
62 86
62 87
62 95
62 97
62 98
62 99
62 102
62 103
62 146
62 113
62 124
62 125
62 127
63 75
63 137
63 140
63 66
63 77
63 141
63 80
63 82
63 88
63 89
63 90
63 91
63 92
63 94
63 159
63 112
63 166
63 167
63 168
63 169
63 106
63 171
63 108
63 109
63 110
63 76
63 114
63 115
63 158
63 151
63 143
63 111
63 117
64 65
64 69
64 70
64 71
64 72
64 74
64 86
64 78
64 79
64 81
64 83
64 84
64 87
64 154
64 156
64 95
64 160
64 99
64 100
64 163
64 102
64 113
64 145
64 170
64 135
64 146
64 136
64 138
64 120
64 122
64 127
64 85
65 136
65 138
65 145
65 154
65 156
65 157
65 160
65 163
65 170
65 175
65 68
65 69
65 70
65 71
65 72
65 73
65 74
65 78
65 79
65 80
65 81
65 83
65 84
65 85
65 86
65 87
65 95
65 99
65 102
65 146
65 113
65 124
65 127
66 137
66 140
66 141
66 77
66 80
66 82
66 88
66 89
66 90
66 143
66 92
66 94
66 159
66 91
66 166
66 167
66 168
66 106
66 110
66 112
66 115
66 158
66 151
67 128
67 130
67 71
67 68
67 73
67 138
67 132
67 83
67 84
67 87
67 154
67 86
67 69
67 160
67 97
67 98
67 70
67 103
67 129
67 107
67 173
67 175
67 176
67 178
67 123
67 124
67 125
68 128
68 130
68 72
68 73
68 138
68 160
68 83
68 84
68 87
68 132
68 154
68 86
68 69
68 107
68 97
68 98
68 70
68 103
68 129
68 71
68 173
68 175
68 176
68 178
68 123
68 124
68 125
68 85
69 129
69 136
69 138
69 145
69 154
69 156
69 157
69 160
69 163
69 170
69 175
69 178
69 70
69 71
69 72
69 73
69 74
69 78
69 79
69 81
69 83
69 84
69 85
69 86
69 87
69 95
69 97
69 98
69 99
69 102
69 146
69 113
69 122
69 124
69 125
69 127
70 129
70 130
70 138
70 145
70 154
70 156
70 157
70 160
70 163
70 170
70 173
70 175
70 99
70 178
70 71
70 72
70 73
70 74
70 78
70 79
70 81
70 83
70 84
70 85
70 86
70 87
70 97
70 98
70 103
70 107
70 146
70 113
70 123
70 124
70 125
70 127
71 129
71 130
71 138
71 145
71 154
71 156
71 157
71 160
71 163
71 170
71 173
71 175
71 99
71 178
71 72
71 73
71 74
71 78
71 79
71 81
71 83
71 84
71 85
71 86
71 87
71 95
71 97
71 98
71 103
71 107
71 146
71 113
71 123
71 124
71 125
71 127
72 136
72 138
72 145
72 154
72 156
72 157
72 160
72 163
72 170
72 135
72 73
72 74
72 78
72 79
72 81
72 83
72 84
72 85
72 86
72 87
72 95
72 99
72 100
72 102
72 146
72 113
72 120
72 122
72 127
73 128
73 132
73 138
73 154
73 156
73 157
73 160
73 129
73 173
73 174
73 175
73 176
73 178
73 78
73 79
73 80
73 81
73 83
73 84
73 85
73 86
73 87
73 89
73 97
73 98
73 99
73 103
73 107
73 123
73 124
73 125
74 133
74 136
74 138
74 144
74 145
74 154
74 175
74 156
74 157
74 160
74 163
74 170
74 135
74 174
74 78
74 79
74 80
74 81
74 82
74 83
74 85
74 86
74 87
74 95
74 99
74 102
74 104
74 146
74 113
74 115
74 124
74 127
75 137
75 76
75 141
75 143
75 149
75 150
75 151
75 111
75 158
75 159
75 96
75 114
75 168
75 169
75 106
75 171
75 108
75 109
75 110
75 112
75 140
75 180
75 117
76 140
76 141
76 143
76 149
76 150
76 151
76 158
76 159
76 96
76 169
76 106
76 171
76 108
76 109
76 111
76 112
76 114
76 117
76 180
77 137
77 140
77 141
77 80
77 82
77 88
77 89
77 90
77 143
77 92
77 157
77 94
77 159
77 91
77 166
77 167
77 168
77 106
77 110
77 112
77 115
77 158
77 151
78 137
78 138
78 144
78 145
78 154
78 175
78 156
78 157
78 160
78 163
78 167
78 170
78 174
78 79
78 80
78 81
78 82
78 83
78 85
78 86
78 87
78 89
78 95
78 99
78 102
78 104
78 146
78 110
78 113
78 115
78 124
78 127
79 137
79 138
79 144
79 145
79 154
79 175
79 156
79 157
79 160
79 163
79 167
79 170
79 174
79 80
79 81
79 82
79 83
79 85
79 86
79 87
79 89
79 95
79 99
79 102
79 104
79 110
79 113
79 115
79 124
79 127
80 137
80 138
80 144
80 154
80 175
80 156
80 157
80 158
80 159
80 160
80 167
80 168
80 174
80 151
80 81
80 82
80 83
80 85
80 89
80 94
80 95
80 99
80 104
80 110
80 113
80 115
80 124
81 136
81 138
81 144
81 145
81 154
81 156
81 157
81 133
81 160
81 163
81 170
81 135
81 174
81 175
81 82
81 83
81 85
81 86
81 87
81 95
81 99
81 102
81 104
81 146
81 113
81 122
81 124
81 127
82 137
82 144
82 110
82 89
82 156
82 157
82 94
82 95
82 99
82 167
82 168
82 106
82 174
82 112
82 113
82 115
82 158
82 119
82 159
82 151
83 129
83 138
83 145
83 154
83 156
83 157
83 160
83 163
83 170
83 173
83 174
83 175
83 178
83 99
83 84
83 85
83 86
83 87
83 95
83 97
83 98
83 102
83 103
83 104
83 107
83 146
83 113
83 124
83 125
83 127
84 132
84 138
84 160
84 130
84 87
84 154
84 156
84 107
84 97
84 98
84 103
84 129
84 173
84 175
84 176
84 178
84 128
84 86
84 123
84 124
84 125
84 85
85 136
85 138
85 145
85 154
85 156
85 157
85 160
85 163
85 170
85 135
85 174
85 175
85 86
85 87
85 95
85 99
85 102
85 104
85 146
85 113
85 122
85 124
85 125
85 127
86 129
86 130
86 136
86 138
86 145
86 154
86 156
86 157
86 160
86 163
86 170
86 175
86 178
86 87
86 95
86 97
86 98
86 99
86 102
86 103
86 146
86 113
86 122
86 124
86 125
86 127
87 129
87 136
87 138
87 145
87 154
87 156
87 157
87 160
87 163
87 170
87 135
87 175
87 95
87 97
87 98
87 99
87 102
87 146
87 113
87 122
87 124
87 125
87 127
88 131
88 140
88 141
88 151
88 89
88 90
88 143
88 92
88 93
88 158
88 159
88 91
88 164
88 165
88 166
88 110
88 94
89 140
89 99
89 154
89 90
89 92
89 157
89 94
89 159
89 112
89 91
89 166
89 167
89 168
89 110
89 115
89 158
89 137
89 151
89 143
90 137
90 140
90 141
90 91
90 92
90 93
90 94
90 159
90 165
90 166
90 110
90 112
90 158
90 151
90 143
91 137
91 140
91 141
91 151
91 143
91 92
91 93
91 158
91 159
91 165
91 166
91 110
91 112
91 94
92 137
92 140
92 141
92 151
92 93
92 158
92 159
92 165
92 166
92 110
92 112
92 94
92 143
93 177
93 164
93 165
93 150
93 166
94 137
94 140
94 141
94 158
94 159
94 166
94 167
94 168
94 106
94 108
94 109
94 110
94 112
94 115
94 151
94 143
95 138
95 144
95 145
95 154
95 175
95 156
95 157
95 160
95 163
95 167
95 170
95 174
95 99
95 102
95 104
95 146
95 113
95 115
95 124
95 127
96 171
96 169
96 106
96 109
96 108
96 114
96 117
96 121
96 111
97 128
97 130
97 138
97 132
97 154
97 107
97 98
97 103
97 129
97 173
97 175
97 176
97 178
97 160
97 123
97 124
97 125
98 128
98 130
98 153
98 160
98 103
98 107
98 173
98 176
98 178
98 123
99 138
99 144
99 145
99 154
99 175
99 156
99 157
99 133
99 160
99 163
99 167
99 170
99 174
99 102
99 104
99 146
99 113
99 115
99 124
99 127
100 134
100 135
100 139
100 145
100 146
100 122
100 161
100 163
100 102
100 105
100 172
100 113
100 147
100 116
100 118
100 120
100 136
100 170
100 126
100 127
101 134
101 147
101 148
101 152
101 164
101 105
101 172
101 116
102 135
102 160
102 144
102 157
102 133
102 163
102 145
102 104
102 156
102 170
102 146
102 174
102 175
102 136
102 113
102 138
102 120
102 122
102 127
103 128
103 130
103 132
103 154
103 107
103 129
103 173
103 175
103 176
103 178
103 123
103 124
103 125
104 129
104 154
104 156
104 157
104 160
104 144
104 163
104 145
104 167
104 125
104 146
104 174
104 175
104 113
104 124
104 138
105 134
105 139
105 147
105 148
105 152
105 161
105 162
105 172
105 116
106 140
106 144
106 141
106 143
106 159
106 117
106 167
106 168
106 169
106 171
106 109
106 110
106 112
106 108
106 114
106 115
106 158
106 137
106 111
106 119
106 151
107 128
107 132
107 130
107 154
107 173
107 175
107 176
107 178
107 123
107 124
107 125
108 140
108 141
108 143
108 149
108 150
108 111
108 159
108 117
108 168
108 169
108 171
108 109
108 110
108 112
108 114
108 115
108 180
108 158
108 137
108 119
108 151
109 140
109 141
109 143
109 111
109 159
109 167
109 168
109 169
109 171
109 117
109 110
109 112
109 114
109 115
109 180
109 158
109 137
109 119
109 151
110 137
110 140
110 141
110 144
110 157
110 159
110 112
110 117
110 166
110 167
110 168
110 114
110 115
110 158
110 151
110 143
111 141
111 143
111 121
111 149
111 150
111 158
111 159
111 114
111 168
111 169
111 171
111 112
111 140
111 180
111 117
111 137
111 151
112 141
112 137
112 159
112 144
112 117
112 114
112 166
112 167
112 168
112 169
112 171
112 140
112 115
112 158
112 151
112 143
113 133
113 135
113 136
113 138
113 144
113 145
113 154
113 156
113 157
113 160
113 163
113 170
113 174
113 175
113 146
113 120
113 122
113 127
114 141
114 143
114 149
114 150
114 137
114 158
114 159
114 168
114 169
114 171
114 140
114 115
114 180
114 117
114 151
115 159
115 137
115 143
115 144
115 174
115 156
115 157
115 117
115 167
115 168
115 158
115 119
115 151
116 147
116 134
116 139
116 148
116 152
116 161
116 172
116 118
116 122
117 141
117 143
117 121
117 149
117 150
117 158
117 159
117 140
117 169
117 171
117 168
117 180
117 137
117 119
117 151
118 136
118 147
118 134
118 135
118 120
118 122
118 172
118 126
119 168
120 163
120 134
120 145
120 170
120 135
120 172
120 146
120 122
120 136
120 127
120 126
120 133
121 179
121 169
122 134
122 135
122 160
122 161
122 163
122 145
122 172
122 146
122 147
122 170
122 136
122 127
122 126
123 128
123 130
123 132
123 154
123 173
123 176
123 178
123 124
123 125
124 129
124 138
124 145
124 154
124 156
124 157
124 160
124 167
124 173
124 174
124 175
124 178
124 125
125 128
125 129
125 130
125 138
125 132
125 154
125 173
125 174
125 175
125 176
125 178
125 160
126 136
126 133
126 135
126 172
126 134
127 160
127 154
127 157
127 133
127 163
127 156
127 170
127 135
127 146
127 136
127 145
127 138
128 132
128 131
128 173
128 176
128 178
129 130
129 145
129 146
129 154
129 160
129 178
129 174
129 175
130 139
130 173
130 175
130 178
131 165
131 166
131 177
131 132
131 176
132 173
132 176
132 178
133 136
133 135
133 163
133 156
133 170
134 135
134 136
134 172
134 147
134 148
135 170
135 161
135 163
135 145
135 172
135 146
135 136
135 147
136 138
136 156
136 160
136 161
136 163
136 145
136 172
136 146
136 147
136 170
137 158
137 140
137 141
137 144
137 157
137 159
137 167
137 168
137 151
137 143
138 145
138 154
138 156
138 157
138 160
138 163
138 170
138 178
138 174
138 175
138 146
139 147
139 148
139 152
139 161
139 162
140 158
140 141
140 149
140 150
140 159
140 166
140 168
140 169
140 171
140 180
140 151
140 143
141 158
141 149
141 150
141 159
141 166
141 168
141 169
141 171
141 180
141 151
141 143
142 176
143 171
143 158
143 149
143 150
143 159
143 166
143 168
143 169
143 167
143 180
143 151
144 168
144 174
144 156
144 157
144 158
144 167
144 159
145 157
145 160
145 161
145 163
145 156
145 170
145 174
145 175
145 146
146 156
146 160
146 161
146 163
146 174
146 175
146 170
147 148
147 152
147 161
147 172
148 152
148 161
148 162
148 172
149 179
149 150
149 152
149 169
149 180
149 171
150 152
150 164
150 165
150 166
150 169
150 171
150 180
151 158
151 159
151 166
151 167
151 168
151 169
151 171
152 179
152 162
154 156
154 157
154 160
154 163
154 170
154 173
154 174
154 175
154 178
155 177
156 175
156 157
156 160
156 163
156 170
156 174
157 175
157 160
157 163
157 167
157 168
157 174
158 159
158 166
158 167
158 168
158 169
158 171
159 166
159 167
159 168
159 169
159 171
160 163
160 170
160 178
160 175
161 162
161 172
162 179
163 170
164 177
164 166
164 165
165 177
165 166
167 174
167 168
168 174
169 180
169 171
171 180
173 175
173 176
173 178
174 175
175 178
176 178
