1 128
1 2
1 131
1 4
1 5
1 6
1 7
1 137
1 11
1 12
1 141
1 143
1 23
1 24
1 132
1 154
1 158
1 159
1 166
1 173
1 176
1 177
1 178
1 56
1 151
1 63
1 66
1 67
1 68
1 73
1 77
1 84
1 88
1 89
1 90
1 91
1 92
1 94
1 97
1 98
1 103
1 107
1 110
1 112
1 140
1 123
2 4
2 5
2 6
2 7
2 11
2 12
2 18
2 20
2 21
2 22
2 23
2 24
2 44
2 47
2 48
2 54
2 55
2 56
2 62
2 63
2 65
2 66
2 67
2 68
2 69
2 70
2 71
2 73
2 74
2 75
2 76
2 77
2 78
2 79
2 80
2 81
2 82
2 83
2 84
2 85
2 86
2 87
2 89
2 90
2 91
2 92
2 94
2 96
2 97
2 99
2 103
2 106
2 107
2 108
2 109
2 110
2 111
2 112
2 114
2 115
2 117
2 119
2 123
2 124
2 125
2 137
2 138
2 140
2 141
2 143
2 144
2 151
2 154
2 156
2 157
2 158
2 159
2 160
2 167
2 168
2 169
2 173
2 174
2 175
2 178
3 128
3 129
3 130
3 67
3 68
3 73
3 132
3 12
3 142
3 84
3 24
3 4
3 97
3 98
3 103
3 107
3 173
3 175
3 176
3 178
3 123
3 124
3 125
4 128
4 132
4 5
4 6
4 7
4 137
4 138
4 11
4 12
4 141
4 143
4 18
4 131
4 20
4 22
4 23
4 24
4 154
4 157
4 158
4 159
4 160
4 166
4 173
4 176
4 178
4 56
4 151
4 62
4 63
4 65
4 66
4 67
4 68
4 69
4 70
4 71
4 73
4 77
4 80
4 82
4 83
4 84
4 86
4 88
4 89
4 90
4 91
4 92
4 94
4 97
4 98
4 103
4 107
4 108
4 110
4 112
4 140
4 123
4 124
4 125
5 128
5 133
5 6
5 7
5 137
5 138
5 11
5 12
5 130
5 143
5 144
5 18
5 20
5 21
5 22
5 23
5 24
5 132
5 154
5 175
5 156
5 157
5 158
5 159
5 160
5 176
5 163
5 167
5 129
5 170
5 173
5 174
5 47
5 48
5 178
5 56
5 61
5 62
5 63
5 64
5 65
5 66
5 67
5 68
5 69
5 70
5 71
5 72
5 73
5 74
5 77
5 78
5 79
5 80
5 81
5 82
5 83
5 84
5 85
5 86
5 87
5 89
5 94
5 95
5 97
5 98
5 99
5 113
5 103
5 106
5 107
5 108
5 109
5 110
5 112
5 168
5 114
5 115
5 123
5 124
5 125
5 127
6 7
6 11
6 12
6 18
6 20
6 21
6 22
6 23
6 24
6 47
6 48
6 54
6 55
6 56
6 61
6 62
6 63
6 64
6 65
6 66
6 67
6 68
6 69
6 70
6 71
6 72
6 73
6 74
6 77
6 78
6 79
6 80
6 81
6 82
6 83
6 84
6 85
6 86
6 87
6 89
6 94
6 95
6 97
6 98
6 99
6 102
6 103
6 104
6 106
6 107
6 108
6 109
6 110
6 112
6 113
6 114
6 115
6 119
6 120
6 122
6 123
6 124
6 125
6 127
6 128
6 129
6 130
6 132
6 133
6 135
6 136
6 137
6 138
6 144
6 145
6 146
6 154
6 156
6 157
6 158
6 159
6 160
6 163
6 167
6 168
6 170
6 173
6 174
6 175
6 176
6 178
7 128
7 129
7 137
7 138
7 11
7 12
7 130
7 144
7 18
7 20
7 21
7 22
7 23
7 24
7 132
7 154
7 175
7 156
7 157
7 158
7 133
7 160
7 176
7 163
7 167
7 168
7 170
7 173
7 174
7 47
7 48
7 178
7 56
7 159
7 61
7 62
7 63
7 64
7 65
7 66
7 67
7 68
7 69
7 70
7 71
7 72
7 73
7 74
7 77
7 78
7 79
7 80
7 81
7 82
7 83
7 84
7 85
7 86
7 87
7 89
7 94
7 95
7 97
7 98
7 99
7 103
7 104
7 106
7 107
7 108
7 109
7 110
7 112
7 113
7 114
7 115
7 123
7 124
7 125
7 127
8 129
8 130
8 10
8 144
8 145
8 146
8 19
8 20
8 25
8 26
8 175
8 156
8 157
8 167
8 40
8 28
8 44
8 174
8 47
8 48
8 50
8 54
8 55
8 168
8 74
8 78
8 79
8 80
8 81
8 82
8 95
8 96
8 99
8 102
8 104
8 106
8 109
8 112
8 113
8 114
8 115
8 119
8 121
8 124
8 125
9 179
9 134
9 135
9 139
9 13
9 15
9 16
9 17
9 19
9 148
9 149
9 150
9 152
9 27
9 28
9 29
9 30
9 52
9 32
9 161
9 162
9 35
9 36
9 37
9 38
9 39
9 40
9 41
9 42
9 43
9 172
9 45
9 46
9 49
9 50
9 51
9 180
9 53
9 57
9 58
9 59
9 60
9 33
9 34
9 164
9 93
9 165
9 100
9 101
9 105
9 147
9 116
9 118
9 122
10 33
10 74
10 139
10 144
10 145
10 146
10 19
10 25
10 36
10 26
10 28
10 30
10 95
10 96
10 161
10 100
10 102
10 167
10 168
10 106
10 174
10 47
10 48
10 40
10 50
10 115
10 55
10 113
10 54
10 119
10 104
10 31
10 126
11 12
11 18
11 20
11 21
11 22
11 23
11 24
11 47
11 48
11 54
11 55
11 56
11 61
11 62
11 63
11 64
11 65
11 66
11 67
11 68
11 69
11 70
11 71
11 72
11 73
11 74
11 77
11 78
11 79
11 80
11 81
11 82
11 83
11 84
11 85
11 86
11 87
11 89
11 94
11 95
11 97
11 98
11 99
11 102
11 103
11 104
11 106
11 107
11 108
11 109
11 110
11 111
11 112
11 113
11 114
11 115
11 119
11 123
11 124
11 125
11 127
11 128
11 129
11 130
11 132
11 133
11 136
11 137
11 138
11 143
11 144
11 151
11 154
11 156
11 157
11 158
11 159
11 160
11 163
11 167
11 168
11 170
11 173
11 174
11 175
11 176
11 178
12 128
12 137
12 138
12 130
12 144
12 18
12 20
12 21
12 22
12 23
12 24
12 132
12 154
12 175
12 156
12 157
12 158
12 159
12 160
12 176
12 163
12 167
12 129
12 170
12 173
12 174
12 47
12 48
12 178
12 56
12 61
12 62
12 64
12 65
12 66
12 67
12 68
12 69
12 70
12 71
12 72
12 73
12 74
12 77
12 78
12 79
12 80
12 81
12 82
12 83
12 84
12 85
12 86
12 87
12 89
12 94
12 95
12 97
12 98
12 99
12 113
12 103
12 106
12 107
12 110
12 112
12 168
12 115
12 123
12 124
12 125
12 127
13 179
13 134
13 135
13 136
13 139
13 52
13 15
13 16
13 17
13 146
13 19
13 148
13 149
13 150
13 152
13 25
13 27
13 28
13 29
13 30
13 31
13 32
13 33
13 162
13 35
13 36
13 37
13 38
13 39
13 40
13 41
13 42
13 43
13 172
13 45
13 46
13 49
13 50
13 51
13 180
13 53
13 57
13 58
13 59
13 60
13 161
13 164
13 93
13 165
13 100
13 101
13 102
13 145
13 105
13 147
13 116
13 118
13 122
14 96
14 108
14 75
14 76
14 141
14 143
14 121
14 151
14 52
14 32
14 34
14 169
14 171
14 44
14 109
14 111
14 114
14 180
14 117
14 41
14 57
14 140
14 60
14 63
15 129
15 130
15 134
15 135
15 136
15 139
15 16
15 17
15 146
15 19
15 148
15 149
15 152
15 25
15 26
15 27
15 28
15 29
15 30
15 31
15 33
15 162
15 35
15 36
15 37
15 38
15 39
15 40
15 41
15 42
15 43
15 172
15 45
15 46
15 175
15 49
15 50
15 179
15 52
15 53
15 57
15 58
15 59
15 60
15 61
15 64
15 51
15 161
15 72
15 81
15 163
15 164
15 95
15 100
15 101
15 102
15 145
15 104
15 105
15 174
15 113
15 147
15 116
15 118
15 120
15 122
15 170
15 126
15 127
16 171
16 179
16 134
16 139
16 17
16 19
16 148
16 149
16 150
16 152
16 27
16 28
16 29
16 30
16 52
16 32
16 161
16 162
16 35
16 164
16 165
16 38
16 39
16 40
16 41
16 42
16 43
16 172
16 45
16 46
16 49
16 50
16 51
16 180
16 53
16 57
16 58
16 59
16 60
16 36
16 93
16 37
16 100
16 101
16 105
16 147
16 116
16 118
17 129
17 130
17 134
17 135
17 136
17 139
17 145
17 146
17 19
17 148
17 149
17 150
17 152
17 25
17 26
17 27
17 28
17 29
17 30
17 31
17 32
17 33
17 162
17 35
17 36
17 37
17 38
17 39
17 40
17 41
17 42
17 43
17 172
17 45
17 46
17 49
17 50
17 179
17 52
17 53
17 57
17 58
17 59
17 60
17 61
17 64
17 51
17 161
17 163
17 164
17 93
17 95
17 100
17 101
17 102
17 104
17 105
17 174
17 113
17 147
17 116
17 118
17 120
17 122
17 170
17 126
17 127
18 19
18 20
18 21
18 22
18 23
18 24
18 25
18 28
18 42
18 47
18 48
18 49
18 50
18 54
18 55
18 56
18 61
18 62
18 64
18 65
18 67
18 68
18 69
18 70
18 71
18 72
18 73
18 74
18 78
18 79
18 80
18 81
18 82
18 83
18 84
18 85
18 86
18 87
18 95
18 97
18 98
18 99
18 100
18 102
18 103
18 104
18 106
18 107
18 110
18 112
18 113
18 115
18 119
18 120
18 122
18 123
18 124
18 125
18 126
18 127
18 129
18 130
18 133
18 135
18 136
18 137
18 138
18 144
18 145
18 146
18 154
18 156
18 157
18 158
18 159
18 160
18 161
18 163
18 167
18 168
18 170
18 173
18 174
18 175
18 178
19 21
19 22
19 25
19 26
19 27
19 28
19 29
19 30
19 31
19 33
19 35
19 36
19 37
19 38
19 39
19 40
19 42
19 43
19 45
19 46
19 47
19 48
19 49
19 50
19 51
19 53
19 54
19 58
19 59
19 61
19 62
19 64
19 69
19 70
19 71
19 72
19 74
19 78
19 79
19 81
19 83
19 85
19 86
19 87
19 95
19 99
19 100
19 101
19 102
19 104
19 105
19 113
19 115
19 116
19 118
19 120
19 122
19 124
19 125
19 126
19 127
19 129
19 130
19 133
19 134
19 135
19 136
19 138
19 139
19 144
19 145
19 146
19 147
19 148
19 152
19 156
19 157
19 160
19 161
19 162
19 163
19 167
19 168
19 170
19 172
19 174
19 175
20 21
20 22
20 23
20 24
20 44
20 47
20 48
20 54
20 55
20 56
20 61
20 62
20 63
20 64
20 65
20 66
20 67
20 68
20 69
20 70
20 71
20 72
20 73
20 74
20 77
20 78
20 79
20 80
20 81
20 82
20 83
20 84
20 85
20 86
20 87
20 89
20 94
20 95
20 96
20 97
20 99
20 102
20 103
20 104
20 106
20 107
20 108
20 109
20 110
20 111
20 112
20 113
20 114
20 115
20 117
20 119
20 120
20 122
20 123
20 124
20 125
20 126
20 127
20 129
20 130
20 133
20 135
20 136
20 137
20 138
20 143
20 144
20 145
20 146
20 154
20 156
20 157
20 158
20 159
20 160
20 163
20 167
20 168
20 170
20 173
20 174
20 175
20 178
21 22
21 23
21 24
21 25
21 28
21 30
21 40
21 42
21 47
21 48
21 49
21 50
21 54
21 55
21 56
21 61
21 62
21 64
21 65
21 67
21 68
21 69
21 70
21 71
21 72
21 73
21 74
21 78
21 79
21 80
21 81
21 82
21 83
21 84
21 85
21 86
21 87
21 95
21 97
21 98
21 99
21 100
21 102
21 103
21 104
21 106
21 107
21 110
21 112
21 113
21 115
21 118
21 119
21 120
21 122
21 123
21 124
21 125
21 126
21 127
21 129
21 130
21 133
21 135
21 136
21 137
21 138
21 144
21 145
21 146
21 154
21 156
21 157
21 158
21 159
21 160
21 161
21 163
21 167
21 168
21 170
21 172
21 173
21 174
21 175
21 178
22 23
22 24
22 25
22 47
22 48
22 50
22 54
22 55
22 56
22 61
22 62
22 64
22 65
22 66
22 67
22 68
22 69
22 70
22 71
22 72
22 73
22 74
22 77
22 78
22 79
22 80
22 81
22 82
22 83
22 84
22 85
22 86
22 87
22 89
22 94
22 95
22 97
22 98
22 99
22 100
22 102
22 103
22 104
22 106
22 107
22 109
22 110
22 112
22 113
22 115
22 119
22 120
22 122
22 123
22 124
22 125
22 126
22 127
22 128
22 129
22 130
22 133
22 135
22 136
22 137
22 138
22 144
22 145
22 146
22 154
22 156
22 157
22 158
22 159
22 160
22 163
22 167
22 168
22 170
22 173
22 174
22 175
22 176
22 178
23 137
23 138
23 141
23 143
23 144
23 151
23 24
23 154
23 111
23 156
23 157
23 158
23 159
23 160
23 167
23 168
23 169
23 171
23 44
23 173
23 47
23 48
23 178
23 54
23 55
23 56
23 62
23 63
23 65
23 66
23 67
23 68
23 70
23 71
23 140
23 74
23 75
23 76
23 77
23 78
23 79
23 80
23 81
23 82
23 83
23 84
23 85
23 89
23 90
23 91
23 92
23 94
23 96
23 97
23 99
23 103
23 106
23 107
23 108
23 109
23 110
23 73
23 112
23 114
23 115
23 117
23 119
23 121
23 124
24 128
24 137
24 138
24 130
24 142
24 131
24 132
24 154
24 175
24 156
24 157
24 159
24 160
24 176
24 163
24 167
24 129
24 173
24 174
24 47
24 48
24 178
24 56
24 61
24 62
24 64
24 65
24 66
24 67
24 68
24 69
24 70
24 71
24 72
24 73
24 74
24 77
24 78
24 79
24 80
24 81
24 82
24 83
24 84
24 85
24 86
24 87
24 89
24 94
24 97
24 98
24 99
24 103
24 107
24 110
24 123
24 124
24 125
25 26
25 27
25 28
25 29
25 30
25 31
25 33
25 35
25 36
25 37
25 38
25 39
25 40
25 42
25 43
25 45
25 46
25 47
25 48
25 49
25 50
25 51
25 54
25 55
25 61
25 62
25 64
25 69
25 70
25 71
25 72
25 74
25 78
25 79
25 81
25 83
25 85
25 86
25 87
25 95
25 99
25 100
25 101
25 102
25 104
25 105
25 113
25 115
25 116
25 118
25 120
25 122
25 124
25 125
25 126
25 127
25 129
25 130
25 133
25 134
25 135
25 136
25 138
25 139
25 144
25 145
25 146
25 147
25 148
25 152
25 156
25 157
25 160
25 161
25 162
25 163
25 167
25 168
25 170
25 172
25 174
25 175
26 129
26 130
26 139
26 144
26 146
26 148
26 27
26 28
26 29
26 30
26 33
26 162
26 35
26 36
26 37
26 38
26 39
26 168
26 42
26 43
26 174
26 175
26 48
26 49
26 50
26 54
26 55
26 161
26 74
26 95
26 100
26 102
26 145
26 104
26 105
26 167
26 40
26 147
26 116
26 113
26 122
26 124
27 129
27 130
27 133
27 134
27 135
27 136
27 139
27 146
27 148
27 149
27 152
27 28
27 29
27 30
27 31
27 33
27 162
27 35
27 36
27 37
27 38
27 39
27 40
27 41
27 42
27 43
27 172
27 45
27 46
27 175
27 48
27 49
27 50
27 179
27 52
27 53
27 57
27 58
27 59
27 60
27 61
27 64
27 51
27 161
27 72
27 74
27 81
27 163
27 164
27 95
27 100
27 101
27 102
27 145
27 104
27 105
27 174
27 113
27 147
27 116
27 118
27 120
27 122
27 170
27 126
27 127
28 129
28 130
28 133
28 134
28 135
28 139
28 148
28 69
28 152
28 156
28 29
28 30
28 31
28 33
28 162
28 163
28 36
28 37
28 38
28 39
28 40
28 42
28 43
28 172
28 45
28 46
28 175
28 48
28 136
28 50
28 179
28 53
28 54
28 58
28 59
28 61
28 64
28 51
28 147
28 49
28 161
28 72
28 74
28 78
28 79
28 81
28 35
28 85
28 86
28 87
28 95
28 99
28 100
28 101
28 102
28 145
28 104
28 105
28 167
28 125
28 146
28 174
28 113
28 83
28 116
28 118
28 120
28 122
28 124
28 170
28 126
28 127
29 129
29 179
29 134
29 135
29 136
29 139
29 146
29 148
29 149
29 150
29 152
29 30
29 31
29 32
29 33
29 162
29 35
29 36
29 37
29 38
29 39
29 40
29 41
29 42
29 43
29 172
29 45
29 46
29 49
29 50
29 51
29 52
29 53
29 57
29 58
29 59
29 60
29 161
29 164
29 93
29 95
29 100
29 101
29 102
29 145
29 104
29 105
29 113
29 147
29 116
29 118
29 120
29 122
29 170
29 126
29 127
30 129
30 130
30 133
30 134
30 135
30 136
30 139
30 146
30 148
30 152
30 31
30 33
30 162
30 35
30 36
30 37
30 38
30 39
30 40
30 42
30 43
30 172
30 45
30 46
30 175
30 48
30 49
30 50
30 179
30 53
30 57
30 58
30 59
30 60
30 61
30 64
30 51
30 161
30 72
30 74
30 81
30 163
30 95
30 100
30 101
30 102
30 145
30 104
30 105
30 174
30 113
30 147
30 116
30 118
30 120
30 122
30 124
30 170
30 126
30 127
31 133
31 134
31 135
31 136
31 139
31 145
31 146
31 147
31 148
31 152
31 155
31 33
31 164
31 37
31 39
31 40
31 42
31 43
31 172
31 45
31 46
31 49
31 50
31 51
31 161
31 177
31 36
31 95
31 100
31 101
31 102
31 105
31 113
31 116
31 118
31 120
31 122
31 126
32 51
32 75
32 76
32 34
32 148
32 149
32 150
32 57
32 152
32 101
32 162
32 35
32 164
32 165
32 38
32 39
32 41
32 171
32 45
32 46
32 93
32 179
32 180
32 53
32 169
32 52
32 58
32 59
32 60
33 133
33 134
33 135
33 136
33 139
33 146
33 148
33 152
33 155
33 161
33 162
33 36
33 37
33 38
33 39
33 40
33 42
33 43
33 172
33 45
33 46
33 48
33 49
33 50
33 51
33 53
33 61
33 64
33 74
33 81
33 163
33 164
33 95
33 100
33 101
33 102
33 145
33 104
33 105
33 113
33 147
33 116
33 118
33 120
33 122
33 170
33 126
33 127
34 75
34 76
34 141
34 143
34 121
34 149
34 150
34 151
34 52
34 41
34 171
34 44
34 114
34 111
34 108
34 140
34 179
34 180
34 53
34 169
34 57
34 63
34 60
34 117
35 129
35 130
35 179
35 134
35 135
35 136
35 139
35 146
35 148
35 149
35 150
35 152
35 161
35 162
35 36
35 37
35 38
35 39
35 40
35 41
35 42
35 43
35 172
35 45
35 46
35 49
35 50
35 51
35 52
35 53
35 57
35 58
35 59
35 60
35 164
35 100
35 101
35 102
35 145
35 104
35 105
35 147
35 116
35 118
35 122
36 129
36 130
36 134
36 135
36 136
36 139
36 146
36 148
36 149
36 152
36 162
36 37
36 38
36 39
36 40
36 41
36 42
36 43
36 172
36 45
36 46
36 175
36 49
36 50
36 179
36 52
36 53
36 57
36 58
36 59
36 60
36 64
36 51
36 161
36 81
36 163
36 95
36 100
36 101
36 102
36 145
36 104
36 105
36 174
36 113
36 147
36 116
36 118
36 120
36 122
36 170
36 126
36 127
37 129
37 130
37 134
37 135
37 136
37 139
37 146
37 148
37 149
37 152
37 162
37 38
37 39
37 40
37 41
37 42
37 43
37 172
37 45
37 46
37 175
37 49
37 50
37 179
37 52
37 53
37 57
37 58
37 59
37 60
37 51
37 161
37 164
37 95
37 100
37 101
37 102
37 145
37 104
37 105
37 174
37 113
37 147
37 116
37 118
37 120
37 122
37 126
37 127
38 129
38 130
38 179
38 134
38 135
38 136
38 139
38 146
38 148
38 149
38 150
38 152
38 162
38 39
38 40
38 41
38 42
38 43
38 172
38 45
38 46
38 49
38 50
38 51
38 52
38 53
38 57
38 58
38 59
38 60
38 161
38 164
38 95
38 100
38 101
38 102
38 145
38 104
38 105
38 113
38 147
38 116
38 118
38 120
38 122
38 126
39 129
39 130
39 134
39 135
39 136
39 139
39 146
39 148
39 149
39 150
39 152
39 162
39 40
39 41
39 42
39 43
39 172
39 45
39 46
39 49
39 50
39 179
39 52
39 53
39 57
39 58
39 59
39 60
39 51
39 161
39 164
39 100
39 101
39 102
39 145
39 104
39 105
39 147
39 116
39 118
39 120
39 122
40 129
40 130
40 134
40 135
40 139
40 146
40 148
40 152
40 162
40 156
40 42
40 43
40 172
40 45
40 46
40 175
40 48
40 49
40 50
40 179
40 54
40 58
40 59
40 61
40 64
40 51
40 161
40 72
40 74
40 81
40 163
40 85
40 122
40 95
40 99
40 100
40 101
40 102
40 145
40 104
40 105
40 167
40 125
40 174
40 113
40 147
40 116
40 118
40 120
40 136
40 124
40 170
40 126
40 127
41 51
41 52
41 171
41 162
41 75
41 76
41 148
41 149
41 150
41 57
41 152
41 164
41 101
41 165
41 105
41 43
41 45
41 46
41 93
41 179
41 116
41 53
41 169
41 180
41 58
41 59
41 60
42 129
42 130
42 133
42 134
42 135
42 136
42 139
42 148
42 152
42 162
42 156
42 170
42 43
42 172
42 45
42 46
42 175
42 48
42 49
42 50
42 179
42 53
42 57
42 58
42 59
42 60
42 61
42 64
42 51
42 69
42 161
42 72
42 74
42 81
42 163
42 85
42 87
42 164
42 95
42 99
42 100
42 101
42 102
42 145
42 104
42 105
42 146
42 174
42 113
42 147
42 116
42 118
42 120
42 122
42 124
42 126
42 127
43 129
43 130
43 134
43 135
43 136
43 139
43 146
43 148
43 149
43 152
43 162
43 172
43 45
43 46
43 175
43 49
43 50
43 179
43 52
43 53
43 57
43 58
43 59
43 60
43 61
43 64
43 51
43 161
43 72
43 81
43 163
43 95
43 100
43 101
43 102
43 145
43 104
43 105
43 174
43 113
43 147
43 116
43 118
43 120
43 122
43 170
43 126
43 127
44 66
44 137
44 75
44 140
44 77
44 141
44 144
44 82
44 47
44 89
44 143
44 94
44 159
44 96
44 112
44 121
44 167
44 168
44 169
44 106
44 171
44 108
44 109
44 110
44 111
44 76
44 114
44 115
44 158
44 54
44 119
44 55
44 63
44 151
44 117
45 179
45 134
45 135
45 136
45 139
45 146
45 148
45 149
45 150
45 152
45 162
45 172
45 46
45 49
45 50
45 51
45 52
45 53
45 57
45 58
45 59
45 60
45 161
45 164
45 93
45 165
45 100
45 101
45 102
45 145
45 104
45 105
45 147
45 116
45 118
45 120
45 122
45 126
46 179
46 134
46 139
46 148
46 149
46 150
46 152
46 162
46 172
46 49
46 50
46 51
46 180
46 53
46 57
46 58
46 59
46 60
46 52
46 161
46 164
46 93
46 165
46 100
46 101
46 105
46 147
46 116
46 118
46 122
47 48
47 50
47 54
47 55
47 56
47 61
47 62
47 63
47 64
47 65
47 66
47 67
47 68
47 69
47 70
47 71
47 72
47 73
47 74
47 77
47 78
47 79
47 80
47 81
47 82
47 83
47 84
47 85
47 86
47 87
47 89
47 94
47 95
47 96
47 97
47 99
47 102
47 103
47 104
47 106
47 108
47 109
47 110
47 111
47 112
47 113
47 114
47 115
47 119
47 120
47 122
47 124
47 125
47 126
47 127
47 129
47 130
47 133
47 135
47 136
47 137
47 138
47 144
47 145
47 146
47 154
47 156
47 157
47 158
47 159
47 160
47 163
47 167
47 168
47 170
47 174
47 175
47 178
48 49
48 50
48 54
48 55
48 56
48 61
48 62
48 64
48 65
48 67
48 68
48 69
48 70
48 71
48 72
48 73
48 74
48 78
48 79
48 80
48 81
48 82
48 83
48 84
48 85
48 86
48 87
48 95
48 97
48 99
48 100
48 102
48 104
48 106
48 109
48 110
48 112
48 113
48 115
48 119
48 120
48 122
48 124
48 125
48 126
48 127
48 129
48 130
48 133
48 135
48 136
48 137
48 138
48 139
48 144
48 145
48 146
48 147
48 154
48 156
48 157
48 158
48 159
48 160
48 161
48 163
48 167
48 168
48 170
48 172
48 174
48 175
48 178
49 129
49 130
49 133
49 134
49 135
49 136
49 139
49 148
49 152
49 162
49 156
49 172
49 175
49 50
49 179
49 53
49 57
49 58
49 59
49 60
49 61
49 64
49 51
49 69
49 161
49 72
49 74
49 81
49 163
49 85
49 86
49 87
49 95
49 99
49 100
49 101
49 102
49 145
49 104
49 105
49 146
49 174
49 113
49 147
49 116
49 118
49 120
49 122
49 124
49 170
49 126
49 127
50 51
50 53
50 54
50 58
50 59
50 61
50 62
50 64
50 65
50 69
50 70
50 71
50 72
50 74
50 78
50 79
50 81
50 83
50 85
50 86
50 87
50 95
50 99
50 100
50 101
50 102
50 104
50 105
50 113
50 115
50 116
50 118
50 120
50 122
50 124
50 125
50 126
50 127
50 129
50 130
50 133
50 134
50 135
50 136
50 138
50 139
50 145
50 146
50 147
50 148
50 152
50 156
50 157
50 160
50 161
50 162
50 163
50 167
50 168
50 170
50 172
50 174
50 175
50 179
51 134
51 135
51 136
51 139
51 146
51 148
51 149
51 150
51 152
51 162
51 172
51 179
51 180
51 53
51 57
51 58
51 59
51 60
51 52
51 161
51 164
51 93
51 165
51 100
51 101
51 145
51 105
51 147
51 116
51 118
51 122
52 171
52 179
52 139
52 140
52 147
52 148
52 149
52 150
52 152
52 162
52 164
52 165
52 180
52 53
52 57
52 58
52 59
52 60
52 75
52 76
52 141
52 88
52 93
52 101
52 105
52 116
52 169
52 166
53 179
53 134
53 135
53 139
53 148
53 149
53 150
53 152
53 155
53 161
53 172
53 180
53 57
53 58
53 59
53 60
53 162
53 164
53 93
53 165
53 100
53 101
53 105
53 147
53 116
53 118
53 122
54 129
54 133
54 135
54 137
54 130
54 109
54 144
54 145
54 157
54 159
54 160
54 161
54 163
54 167
54 156
54 174
54 175
54 136
54 55
54 56
54 138
54 62
54 113
54 74
54 78
54 79
54 80
54 81
54 82
54 83
54 85
54 95
54 96
54 99
54 100
54 102
54 104
54 106
54 146
54 110
54 112
54 168
54 114
54 115
54 119
54 121
54 122
54 124
54 125
54 126
54 127
55 129
55 137
55 109
55 144
55 145
55 156
55 157
55 158
55 159
55 167
55 168
55 174
55 175
55 56
55 138
55 74
55 78
55 79
55 80
55 81
55 82
55 83
55 85
55 95
55 96
55 99
55 102
55 104
55 106
55 108
55 146
55 110
55 111
55 112
55 113
55 114
55 115
55 119
55 121
55 124
55 125
56 61
56 62
56 63
56 64
56 65
56 66
56 67
56 68
56 69
56 70
56 71
56 72
56 73
56 74
56 77
56 78
56 79
56 80
56 81
56 82
56 83
56 84
56 85
56 86
56 87
56 89
56 94
56 95
56 97
56 98
56 99
56 102
56 103
56 104
56 106
56 107
56 108
56 109
56 110
56 111
56 112
56 113
56 114
56 115
56 119
56 123
56 124
56 125
56 127
56 128
56 129
56 130
56 132
56 133
56 136
56 137
56 138
56 140
56 143
56 144
56 151
56 154
56 156
56 157
56 158
56 159
56 160
56 163
56 167
56 168
56 170
56 173
56 174
56 175
56 176
56 178
57 171
57 139
57 147
57 148
57 149
57 150
57 152
57 162
57 164
57 165
57 179
57 180
57 58
57 59
57 60
57 75
57 76
57 93
57 101
57 105
57 116
57 169
58 179
58 134
58 139
58 148
58 149
58 150
58 152
58 161
58 162
58 164
58 165
58 172
58 180
58 59
58 60
58 93
58 100
58 101
58 105
58 147
58 116
59 179
59 134
59 139
59 148
59 149
59 150
59 152
59 161
59 162
59 164
59 165
59 172
59 180
59 60
59 93
59 100
59 101
59 105
59 147
59 116
60 171
60 134
60 139
60 147
60 148
60 149
60 150
60 152
60 162
60 164
60 165
60 179
60 180
60 76
60 93
60 101
60 105
60 116
60 169
61 62
61 64
61 65
61 67
61 68
61 69
61 70
61 71
61 72
61 73
61 74
61 78
61 79
61 80
61 81
61 82
61 83
61 84
61 85
61 86
61 87
61 95
61 97
61 98
61 99
61 100
61 102
61 104
61 106
61 113
61 115
61 116
61 118
61 120
61 122
61 124
61 125
61 126
61 127
61 129
61 130
61 133
61 134
61 135
61 136
61 138
61 139
61 144
61 145
61 146
61 147
61 154
61 156
61 157
61 160
61 161
61 163
61 167
61 168
61 170
61 172
61 174
61 175
61 178
62 64
62 65
62 67
62 68
62 69
62 70
62 71
62 72
62 73
62 74
62 77
62 78
62 79
62 80
62 81
62 82
62 83
62 84
62 85
62 86
62 87
62 89
62 95
62 97
62 98
62 99
62 100
62 102
62 103
62 104
62 106
62 107
62 110
62 112
62 113
62 115
62 120
62 122
62 123
62 124
62 125
62 126
62 127
62 128
62 129
62 130
62 132
62 133
62 135
62 136
62 137
62 138
62 144
62 145
62 146
62 154
62 156
62 157
62 158
62 159
62 160
62 163
62 167
62 168
62 170
62 173
62 174
62 175
62 176
62 178
63 131
63 137
63 140
63 141
63 143
63 144
63 158
63 159
63 166
63 169
63 171
63 180
63 151
63 66
63 75
63 76
63 77
63 80
63 82
63 88
63 89
63 90
63 91
63 92
63 94
63 106
63 108
63 109
63 110
63 111
63 112
63 114
63 115
63 117
63 119
63 121
64 65
64 67
64 68
64 69
64 70
64 71
64 72
64 73
64 74
64 78
64 79
64 80
64 81
64 82
64 83
64 84
64 85
64 86
64 87
64 95
64 97
64 98
64 99
64 100
64 102
64 104
64 113
64 115
64 116
64 118
64 120
64 122
64 124
64 125
64 126
64 127
64 129
64 130
64 133
64 134
64 135
64 136
64 138
64 139
64 144
64 145
64 146
64 147
64 154
64 156
64 157
64 160
64 161
64 163
64 167
64 168
64 170
64 172
64 174
64 175
64 178
65 66
65 67
65 68
65 69
65 70
65 71
65 72
65 73
65 74
65 77
65 78
65 79
65 80
65 81
65 82
65 83
65 84
65 85
65 86
65 87
65 89
65 94
65 95
65 97
65 98
65 99
65 100
65 102
65 103
65 104
65 106
65 107
65 109
65 110
65 112
65 113
65 115
65 119
65 120
65 122
65 123
65 124
65 125
65 126
65 127
65 128
65 129
65 130
65 133
65 135
65 136
65 137
65 138
65 144
65 145
65 146
65 154
65 156
65 157
65 158
65 159
65 160
65 163
65 167
65 168
65 170
65 173
65 174
65 175
65 178
66 128
66 131
66 137
66 141
66 143
66 132
66 154
66 157
66 158
66 159
66 166
66 169
66 171
66 173
66 176
66 178
66 151
66 67
66 68
66 73
66 75
66 76
66 77
66 80
66 82
66 84
66 88
66 89
66 90
66 91
66 92
66 94
66 97
66 114
66 103
66 106
66 107
66 108
66 109
66 110
66 111
66 112
66 140
66 115
66 117
66 123
67 128
67 137
67 138
67 130
67 132
67 154
67 156
67 157
67 158
67 159
67 160
67 163
67 167
67 129
67 170
67 173
67 174
67 175
67 176
67 178
67 68
67 69
67 70
67 71
67 72
67 73
67 74
67 77
67 78
67 79
67 80
67 81
67 82
67 83
67 84
67 85
67 86
67 87
67 89
67 94
67 97
67 98
67 99
67 113
67 103
67 107
67 110
67 112
67 168
67 115
67 123
67 124
67 125
67 127
68 128
68 136
68 137
68 138
68 130
68 144
68 132
68 154
68 156
68 157
68 158
68 133
68 160
68 163
68 167
68 168
68 170
68 173
68 174
68 175
68 176
68 178
68 73
68 159
68 69
68 70
68 71
68 72
68 129
68 74
68 77
68 78
68 79
68 80
68 81
68 82
68 83
68 84
68 85
68 86
68 87
68 89
68 94
68 95
68 97
68 98
68 99
68 102
68 103
68 104
68 106
68 107
68 110
68 112
68 113
68 115
68 123
68 124
68 125
68 127
69 70
69 71
69 72
69 73
69 74
69 78
69 79
69 80
69 81
69 82
69 83
69 84
69 85
69 86
69 87
69 95
69 97
69 98
69 99
69 100
69 102
69 103
69 104
69 106
69 107
69 110
69 113
69 115
69 120
69 122
69 123
69 124
69 125
69 126
69 127
69 128
69 129
69 130
69 133
69 135
69 136
69 137
69 138
69 144
69 145
69 146
69 154
69 156
69 157
69 160
69 161
69 163
69 167
69 168
69 170
69 173
69 174
69 175
69 178
70 71
70 72
70 73
70 74
70 77
70 78
70 79
70 80
70 81
70 82
70 83
70 84
70 85
70 86
70 87
70 89
70 95
70 97
70 98
70 99
70 100
70 102
70 103
70 104
70 106
70 107
70 110
70 113
70 115
70 120
70 122
70 123
70 124
70 125
70 126
70 127
70 128
70 129
70 130
70 132
70 133
70 135
70 136
70 137
70 138
70 144
70 145
70 146
70 154
70 156
70 157
70 159
70 160
70 163
70 167
70 168
70 170
70 173
70 174
70 175
70 176
70 178
71 72
71 73
71 74
71 77
71 78
71 79
71 80
71 81
71 82
71 83
71 84
71 85
71 86
71 87
71 95
71 97
71 98
71 99
71 100
71 102
71 103
71 104
71 106
71 107
71 110
71 113
71 115
71 120
71 122
71 123
71 124
71 125
71 126
71 127
71 128
71 129
71 130
71 132
71 133
71 135
71 136
71 137
71 138
71 144
71 145
71 146
71 154
71 156
71 157
71 159
71 160
71 163
71 167
71 168
71 170
71 173
71 174
71 175
71 176
71 178
72 73
72 74
72 78
72 79
72 80
72 81
72 82
72 83
72 84
72 85
72 86
72 87
72 95
72 97
72 98
72 99
72 100
72 102
72 103
72 104
72 106
72 113
72 115
72 116
72 118
72 120
72 122
72 124
72 125
72 126
72 127
72 129
72 130
72 133
72 134
72 135
72 136
72 138
72 139
72 144
72 145
72 146
72 147
72 154
72 156
72 157
72 160
72 161
72 163
72 167
72 168
72 170
72 172
72 174
72 175
72 178
73 74
73 77
73 78
73 79
73 80
73 81
73 82
73 83
73 84
73 85
73 86
73 87
73 89
73 94
73 95
73 97
73 98
73 99
73 102
73 103
73 104
73 106
73 107
73 109
73 110
73 112
73 113
73 115
73 123
73 124
73 125
73 127
73 128
73 129
73 130
73 132
73 133
73 136
73 137
73 138
73 144
73 145
73 146
73 154
73 156
73 157
73 158
73 159
73 160
73 163
73 167
73 168
73 170
73 173
73 174
73 175
73 176
73 178
74 78
74 79
74 80
74 81
74 82
74 83
74 84
74 85
74 86
74 87
74 95
74 97
74 99
74 100
74 102
74 104
74 106
74 109
74 110
74 112
74 113
74 115
74 118
74 119
74 120
74 122
74 124
74 125
74 126
74 127
74 129
74 130
74 133
74 134
74 135
74 136
74 137
74 138
74 139
74 144
74 145
74 146
74 147
74 154
74 156
74 157
74 158
74 159
74 160
74 161
74 163
74 167
74 168
74 170
74 172
74 174
74 175
74 178
75 158
75 140
75 76
75 77
75 141
75 149
75 150
75 151
75 88
75 89
75 90
75 143
75 92
75 93
75 94
75 91
75 165
75 166
75 171
75 109
75 110
75 111
75 112
75 108
75 114
75 180
75 137
75 121
75 159
75 117
75 169
76 117
76 158
76 108
76 140
76 77
76 141
76 149
76 150
76 88
76 89
76 90
76 143
76 92
76 93
76 94
76 159
76 91
76 164
76 165
76 166
76 171
76 109
76 110
76 111
76 112
76 114
76 180
76 137
76 151
76 169
77 128
77 131
77 137
77 138
77 141
77 143
77 144
77 132
77 154
77 156
77 157
77 158
77 159
77 160
77 166
77 167
77 168
77 169
77 171
77 173
77 176
77 178
77 151
77 78
77 79
77 80
77 82
77 83
77 84
77 88
77 89
77 90
77 91
77 92
77 94
77 97
77 114
77 103
77 106
77 107
77 108
77 109
77 110
77 111
77 112
77 140
77 115
77 117
77 123
78 79
78 80
78 81
78 82
78 83
78 84
78 85
78 86
78 87
78 94
78 95
78 97
78 98
78 99
78 100
78 102
78 103
78 104
78 106
78 107
78 109
78 110
78 112
78 113
78 114
78 115
78 119
78 120
78 122
78 123
78 124
78 125
78 126
78 127
78 129
78 130
78 133
78 135
78 136
78 137
78 138
78 144
78 145
78 146
78 154
78 156
78 157
78 158
78 159
78 160
78 161
78 163
78 167
78 168
78 170
78 173
78 174
78 175
78 178
79 80
79 81
79 82
79 83
79 84
79 85
79 86
79 87
79 94
79 95
79 97
79 98
79 99
79 100
79 102
79 103
79 104
79 106
79 107
79 109
79 110
79 112
79 113
79 114
79 115
79 119
79 120
79 122
79 123
79 124
79 125
79 126
79 127
79 129
79 130
79 133
79 135
79 136
79 137
79 138
79 144
79 145
79 146
79 154
79 156
79 157
79 158
79 159
79 160
79 161
79 163
79 167
79 168
79 170
79 173
79 174
79 175
79 178
80 81
80 82
80 83
80 84
80 85
80 86
80 87
80 89
80 94
80 95
80 97
80 98
80 99
80 102
80 103
80 104
80 106
80 107
80 108
80 109
80 110
80 112
80 113
80 114
80 115
80 119
80 120
80 122
80 123
80 124
80 125
80 126
80 127
80 128
80 129
80 130
80 133
80 135
80 136
80 137
80 138
80 144
80 145
80 146
80 154
80 156
80 157
80 158
80 159
80 160
80 163
80 167
80 168
80 170
80 173
80 174
80 175
80 176
80 178
81 82
81 83
81 84
81 85
81 86
81 87
81 95
81 97
81 99
81 100
81 102
81 104
81 106
81 110
81 112
81 113
81 115
81 116
81 118
81 119
81 120
81 122
81 124
81 125
81 126
81 127
81 129
81 130
81 133
81 134
81 135
81 136
81 137
81 138
81 139
81 144
81 145
81 146
81 147
81 154
81 156
81 157
81 160
81 161
81 163
81 167
81 168
81 170
81 172
81 174
81 175
81 178
82 83
82 84
82 85
82 86
82 87
82 89
82 94
82 95
82 96
82 97
82 99
82 102
82 104
82 106
82 108
82 109
82 110
82 111
82 112
82 113
82 114
82 115
82 117
82 119
82 124
82 125
82 127
82 129
82 133
82 137
82 138
82 140
82 141
82 143
82 144
82 145
82 146
82 151
82 154
82 156
82 157
82 158
82 159
82 160
82 163
82 167
82 168
82 170
82 174
82 175
82 178
83 84
83 85
83 86
83 87
83 89
83 95
83 97
83 98
83 99
83 100
83 102
83 103
83 104
83 106
83 107
83 109
83 110
83 112
83 113
83 115
83 120
83 122
83 123
83 124
83 125
83 126
83 127
83 128
83 129
83 130
83 132
83 133
83 135
83 136
83 137
83 138
83 144
83 145
83 146
83 154
83 156
83 157
83 158
83 159
83 160
83 161
83 163
83 167
83 168
83 170
83 173
83 174
83 175
83 176
83 178
84 85
84 86
84 87
84 89
84 94
84 95
84 97
84 98
84 99
84 102
84 103
84 104
84 106
84 107
84 110
84 112
84 113
84 115
84 122
84 123
84 124
84 125
84 127
84 128
84 129
84 130
84 132
84 133
84 136
84 137
84 138
84 144
84 145
84 146
84 154
84 156
84 157
84 158
84 159
84 160
84 163
84 167
84 168
84 170
84 173
84 174
84 175
84 176
84 178
85 86
85 87
85 95
85 97
85 98
85 99
85 100
85 102
85 103
85 104
85 106
85 107
85 109
85 110
85 112
85 113
85 115
85 119
85 120
85 122
85 123
85 124
85 125
85 126
85 127
85 129
85 130
85 133
85 135
85 136
85 137
85 138
85 144
85 145
85 146
85 154
85 156
85 157
85 158
85 159
85 160
85 161
85 163
85 167
85 168
85 170
85 173
85 174
85 175
85 178
86 87
86 95
86 97
86 98
86 99
86 100
86 102
86 103
86 104
86 106
86 107
86 110
86 113
86 115
86 120
86 122
86 123
86 124
86 125
86 126
86 127
86 128
86 129
86 130
86 133
86 135
86 136
86 137
86 138
86 144
86 145
86 146
86 154
86 156
86 157
86 160
86 161
86 163
86 167
86 168
86 170
86 173
86 174
86 175
86 176
86 178
87 128
87 129
87 178
87 136
87 137
87 138
87 130
87 144
87 145
87 154
87 175
87 157
87 133
87 160
87 161
87 163
87 167
87 168
87 156
87 135
87 173
87 174
87 95
87 97
87 98
87 99
87 100
87 102
87 103
87 104
87 106
87 107
87 146
87 110
87 125
87 113
87 115
87 120
87 122
87 123
87 124
87 170
87 126
87 127
88 131
88 140
88 141
88 149
88 150
88 151
88 89
88 90
88 91
88 92
88 93
88 94
88 164
88 165
88 166
88 169
88 171
88 111
88 177
88 180
88 117
88 143
89 128
89 131
89 137
89 138
89 141
89 143
89 132
89 154
89 157
89 158
89 159
89 160
89 166
89 169
89 171
89 173
89 176
89 178
89 151
89 90
89 91
89 92
89 94
89 97
89 114
89 103
89 106
89 107
89 108
89 109
89 110
89 111
89 112
89 140
89 115
89 117
89 123
90 131
90 137
90 141
90 149
90 150
90 91
90 92
90 93
90 94
90 159
90 117
90 164
90 165
90 166
90 169
90 171
90 108
90 114
90 110
90 111
90 112
90 177
90 140
90 180
90 158
90 132
90 151
90 143
91 131
91 137
91 141
91 149
91 150
91 143
91 92
91 93
91 94
91 159
91 117
91 164
91 165
91 166
91 169
91 171
91 108
91 114
91 110
91 111
91 112
91 177
91 140
91 180
91 158
91 132
91 151
92 131
92 137
92 141
92 149
92 150
92 93
92 94
92 159
92 117
92 164
92 165
92 166
92 169
92 171
92 108
92 114
92 110
92 111
92 112
92 177
92 140
92 180
92 158
92 132
92 151
92 143
93 131
93 134
93 140
93 143
93 148
93 149
93 150
93 151
93 152
93 155
93 164
93 165
93 166
93 169
93 171
93 177
93 179
93 180
93 141
93 101
93 105
93 116
94 128
94 131
94 137
94 138
94 141
94 143
94 144
94 132
94 154
94 157
94 158
94 159
94 166
94 167
94 168
94 169
94 171
94 173
94 176
94 178
94 151
94 97
94 114
94 103
94 106
94 107
94 108
94 109
94 110
94 111
94 112
94 140
94 115
94 117
94 123
95 99
95 100
95 102
95 104
95 105
95 106
95 113
95 115
95 116
95 118
95 119
95 120
95 122
95 124
95 125
95 126
95 127
95 129
95 130
95 133
95 134
95 135
95 136
95 138
95 139
95 144
95 145
95 146
95 147
95 148
95 154
95 156
95 157
95 160
95 161
95 163
95 167
95 168
95 170
95 172
95 174
95 175
95 178
96 137
96 119
96 144
96 158
96 159
96 167
96 168
96 106
96 108
96 109
96 110
96 112
96 114
96 115
96 117
96 111
96 121
97 128
97 137
97 138
97 130
97 131
97 132
97 154
97 175
97 156
97 157
97 158
97 159
97 160
97 176
97 163
97 167
97 168
97 170
97 173
97 174
97 178
97 98
97 99
97 103
97 107
97 110
97 129
97 115
97 123
97 124
97 125
97 127
98 128
98 130
98 138
98 153
98 132
98 154
98 156
98 157
98 160
98 163
98 129
98 170
98 173
98 175
98 176
98 178
98 99
98 103
98 107
98 123
98 124
98 125
98 127
99 100
99 102
99 103
99 104
99 106
99 107
99 109
99 110
99 112
99 113
99 115
99 119
99 120
99 122
99 124
99 125
99 126
99 127
99 129
99 130
99 133
99 135
99 136
99 137
99 138
99 144
99 145
99 146
99 154
99 156
99 157
99 158
99 159
99 160
99 161
99 163
99 167
99 168
99 170
99 173
99 174
99 175
99 178
100 101
100 102
100 104
100 105
100 113
100 116
100 118
100 120
100 122
100 124
100 125
100 126
100 127
100 129
100 130
100 133
100 134
100 135
100 136
100 138
100 139
100 145
100 146
100 147
100 148
100 152
100 156
100 157
100 160
100 161
100 162
100 163
100 167
100 170
100 172
100 174
100 175
100 179
101 155
101 134
101 135
101 136
101 139
101 146
101 148
101 149
101 150
101 152
101 179
101 162
101 172
101 161
101 164
101 165
101 102
101 145
101 105
101 147
101 116
101 118
101 120
101 122
101 126
102 104
102 105
102 106
102 113
102 115
102 116
102 118
102 119
102 120
102 122
102 124
102 125
102 126
102 127
102 129
102 130
102 133
102 134
102 135
102 136
102 138
102 139
102 144
102 145
102 146
102 147
102 148
102 152
102 154
102 156
102 157
102 160
102 161
102 162
102 163
102 167
102 168
102 170
102 172
102 174
102 175
103 128
103 137
103 138
103 130
103 142
103 131
103 132
103 154
103 175
103 156
103 157
103 158
103 159
103 160
103 167
103 129
103 173
103 176
103 178
103 107
103 110
103 123
103 124
103 125
104 105
104 106
104 113
104 115
104 116
104 118
104 119
104 120
104 122
104 124
104 125
104 126
104 127
104 129
104 130
104 133
104 134
104 135
104 136
104 138
104 139
104 144
104 145
104 146
104 147
104 148
104 154
104 156
104 157
104 160
104 161
104 162
104 163
104 167
104 168
104 170
104 172
104 174
104 175
105 129
105 134
105 135
105 136
105 139
105 146
105 148
105 149
105 150
105 152
105 162
105 172
105 179
105 161
105 164
105 165
105 145
105 113
105 147
105 116
105 118
105 120
105 122
105 170
105 126
105 127
106 129
106 137
106 143
106 144
106 145
106 154
106 175
106 156
106 157
106 158
106 133
106 160
106 163
106 167
106 168
106 174
106 178
106 159
106 138
106 108
106 146
106 110
106 111
106 112
106 113
106 114
106 115
106 117
106 119
106 121
106 109
106 124
106 125
106 127
107 128
107 137
107 138
107 130
107 142
107 131
107 132
107 154
107 156
107 157
107 159
107 160
107 167
107 129
107 173
107 175
107 176
107 178
107 110
107 123
107 124
107 125
108 137
108 140
108 141
108 143
108 144
108 157
108 158
108 159
108 166
108 167
108 168
108 169
108 171
108 180
108 151
108 109
108 110
108 111
108 112
108 114
108 115
108 117
108 119
108 121
109 137
109 138
109 140
109 141
109 143
109 144
109 154
109 156
109 157
109 158
109 159
109 167
109 168
109 169
109 174
109 151
109 110
109 111
109 112
109 114
109 115
109 117
109 119
109 121
109 124
110 111
110 112
110 114
110 115
110 117
110 119
110 123
110 124
110 125
110 128
110 132
110 137
110 138
110 140
110 141
110 143
110 144
110 151
110 154
110 156
110 157
110 158
110 159
110 160
110 163
110 167
110 168
110 169
110 173
110 174
110 175
110 176
110 178
111 137
111 140
111 141
111 143
111 144
111 158
111 159
111 166
111 169
111 171
111 180
111 151
111 112
111 114
111 115
111 117
111 119
111 121
112 137
112 138
112 141
112 143
112 144
112 154
112 175
112 156
112 157
112 158
112 159
112 160
112 167
112 168
112 169
112 171
112 114
112 174
112 178
112 151
112 140
112 115
112 117
112 119
112 121
112 124
113 115
113 116
113 118
113 119
113 120
113 122
113 124
113 125
113 126
113 127
113 129
113 130
113 133
113 134
113 135
113 136
113 137
113 138
113 139
113 144
113 145
113 146
113 147
113 148
113 154
113 156
113 157
113 160
113 161
113 163
113 167
113 168
113 170
113 172
113 174
113 175
113 178
114 137
114 140
114 141
114 143
114 144
114 157
114 158
114 159
114 167
114 168
114 169
114 171
114 151
114 115
114 117
114 119
114 121
115 119
115 120
115 122
115 124
115 125
115 126
115 127
115 129
115 130
115 133
115 135
115 136
115 137
115 138
115 144
115 145
115 146
115 154
115 156
115 157
115 158
115 159
115 160
115 163
115 167
115 168
115 170
115 174
115 175
115 178
116 129
116 179
116 133
116 134
116 135
116 136
116 139
116 146
116 148
116 149
116 150
116 152
116 162
116 172
116 161
116 163
116 164
116 145
116 147
116 118
116 120
116 122
116 170
116 126
116 127
117 141
117 159
117 144
117 166
117 119
117 169
117 171
117 180
117 158
117 137
117 121
117 140
117 151
117 143
118 133
118 134
118 135
118 136
118 139
118 146
118 148
118 152
118 162
118 172
118 155
118 161
118 163
118 164
118 145
118 147
118 120
118 122
118 170
118 126
118 127
119 133
119 137
119 144
119 175
119 156
119 157
119 158
119 159
119 167
119 168
119 174
119 138
119 121
119 124
120 129
120 130
120 133
120 135
120 136
120 138
120 139
120 175
120 161
120 144
120 154
120 160
120 162
120 163
120 156
120 172
120 174
120 134
120 168
120 147
120 145
120 167
120 146
120 157
120 148
120 122
120 124
120 170
120 126
120 127
121 144
121 158
121 159
121 168
121 169
122 124
122 125
122 126
122 127
122 129
122 130
122 133
122 134
122 135
122 136
122 138
122 139
122 144
122 145
122 146
122 147
122 148
122 152
122 154
122 156
122 157
122 160
122 161
122 162
122 163
122 167
122 168
122 170
122 172
122 174
122 175
123 128
123 137
123 138
123 130
123 142
123 131
123 132
123 154
123 156
123 157
123 160
123 129
123 173
123 175
123 176
123 178
123 124
123 125
124 125
124 127
124 128
124 129
124 130
124 132
124 133
124 135
124 136
124 137
124 138
124 144
124 145
124 146
124 154
124 156
124 157
124 158
124 159
124 160
124 161
124 163
124 167
124 168
124 170
124 173
124 174
124 175
124 176
124 178
125 127
125 128
125 129
125 130
125 132
125 133
125 135
125 136
125 137
125 138
125 144
125 145
125 146
125 154
125 156
125 157
125 160
125 161
125 163
125 167
125 168
125 170
125 173
125 174
125 175
125 176
125 178
126 129
126 133
126 134
126 135
126 136
126 139
126 175
126 161
126 144
126 160
126 155
126 167
126 156
126 172
126 174
126 163
126 168
126 147
126 138
126 145
126 146
126 157
126 148
126 170
126 127
127 129
127 130
127 133
127 134
127 135
127 136
127 138
127 139
127 144
127 145
127 146
127 147
127 154
127 156
127 157
127 160
127 161
127 163
127 167
127 168
127 170
127 172
127 174
127 175
127 178
128 130
128 138
128 142
128 131
128 132
128 154
128 160
128 173
128 175
128 176
128 178
129 130
129 133
129 135
129 136
129 138
129 139
129 144
129 145
129 146
129 147
129 154
129 156
129 157
129 160
129 161
129 162
129 163
129 167
129 168
129 170
129 172
129 173
129 174
129 175
129 178
130 135
130 136
130 138
130 139
130 144
130 145
130 146
130 147
130 154
130 156
130 157
130 160
130 161
130 162
130 163
130 167
130 168
130 170
130 173
130 174
130 175
130 176
130 178
131 132
131 140
131 141
131 151
131 143
131 165
131 166
131 173
131 176
131 177
131 178
132 142
132 154
132 173
132 176
132 178
133 136
133 137
133 138
133 175
133 144
133 145
133 154
133 157
133 160
133 163
133 134
133 147
133 167
133 168
133 156
133 135
133 172
133 174
133 170
133 161
133 146
134 135
134 136
134 139
134 146
134 148
134 149
134 152
134 179
134 162
134 172
134 155
134 161
134 163
134 164
134 145
134 147
134 170
135 136
135 138
135 139
135 144
135 145
135 146
135 147
135 148
135 152
135 154
135 156
135 157
135 160
135 161
135 162
135 163
135 167
135 168
135 170
135 172
135 174
135 175
136 138
136 139
136 144
136 145
136 146
136 147
136 148
136 152
136 154
136 156
136 157
136 160
136 161
136 162
136 163
136 167
136 168
136 170
136 172
136 174
136 175
137 138
137 140
137 141
137 143
137 144
137 151
137 154
137 156
137 157
137 158
137 159
137 160
137 163
137 167
137 168
137 169
137 173
137 174
137 175
137 178
138 144
138 145
138 146
138 154
138 156
138 157
138 158
138 159
138 160
138 163
138 167
138 168
138 170
138 173
138 174
138 175
138 178
139 179
139 146
139 148
139 149
139 152
139 162
139 172
139 175
139 161
139 163
139 164
139 145
139 174
139 147
139 170
140 158
140 141
140 149
140 150
140 159
140 165
140 166
140 169
140 171
140 180
140 151
140 143
141 158
141 149
141 150
141 159
141 165
141 166
141 169
141 171
141 180
141 151
141 143
142 176
142 173
143 150
143 158
143 159
143 165
143 166
143 169
143 171
143 180
143 151
144 145
144 146
144 154
144 156
144 157
144 158
144 159
144 160
144 163
144 167
144 168
144 170
144 174
144 175
144 178
145 146
145 147
145 148
145 152
145 154
145 156
145 157
145 160
145 161
145 162
145 163
145 167
145 168
145 170
145 172
145 174
145 175
146 147
146 148
146 152
146 154
146 156
146 157
146 160
146 161
146 162
146 163
146 167
146 168
146 170
146 172
146 174
146 175
147 179
147 148
147 149
147 152
147 162
147 172
147 161
147 163
147 164
147 174
147 170
148 179
148 149
148 150
148 152
148 162
148 172
148 161
148 164
148 165
149 171
149 179
149 150
149 151
149 152
149 177
149 180
149 162
149 164
149 165
149 169
149 166
150 179
150 151
150 152
150 162
150 164
150 165
150 171
150 177
150 180
150 169
150 166
151 158
151 159
151 165
151 166
151 169
151 171
151 180
152 179
152 162
152 172
152 180
152 161
152 164
152 165
154 156
154 157
154 158
154 159
154 160
154 163
154 167
154 168
154 170
154 173
154 174
154 175
154 176
154 178
155 164
155 172
155 177
155 165
156 157
156 158
156 159
156 160
156 161
156 163
156 167
156 168
156 170
156 173
156 174
156 175
156 178
157 158
157 159
157 160
157 163
157 167
157 168
157 170
157 173
157 174
157 175
157 178
158 159
158 160
158 166
158 167
158 168
158 169
158 171
158 178
159 160
159 167
159 168
159 169
159 171
159 173
159 178
160 163
160 167
160 168
160 170
160 173
160 174
160 175
160 176
160 178
161 179
161 162
161 172
161 175
161 163
161 174
161 170
162 179
162 172
162 164
163 167
163 168
163 170
163 172
163 174
163 175
163 178
164 179
164 171
164 172
164 180
164 177
164 165
164 166
165 179
165 169
165 166
165 171
165 180
165 177
166 169
166 171
166 177
166 180
167 168
167 170
167 173
167 174
167 175
167 178
168 170
168 174
168 175
168 178
169 171
169 180
170 172
170 174
170 175
170 178
171 180
171 179
172 179
172 174
173 175
173 176
173 178
174 175
174 178
175 176
175 178
176 178
179 180
