1 2
1 4
1 5
1 6
1 7
1 11
1 12
1 16
1 18
1 20
1 21
1 22
1 23
1 24
1 44
1 47
1 56
1 62
1 63
1 65
1 66
1 67
1 68
1 69
1 70
1 71
1 73
1 75
1 76
1 77
1 78
1 79
1 80
1 82
1 83
1 84
1 85
1 86
1 87
1 88
1 89
1 90
1 91
1 92
1 93
1 94
1 97
1 98
1 99
1 103
1 106
1 107
1 108
1 109
1 110
1 111
1 112
1 114
1 115
1 117
1 123
1 124
1 125
1 128
1 131
1 132
1 137
1 138
1 140
1 141
1 143
1 149
1 150
1 151
1 154
1 156
1 157
1 158
1 159
1 160
1 164
1 165
1 166
1 167
1 168
1 169
1 171
1 173
1 175
1 176
1 177
1 178
1 180
2 4
2 5
2 6
2 7
2 8
2 11
2 12
2 14
2 18
2 20
2 21
2 22
2 23
2 24
2 34
2 44
2 47
2 48
2 52
2 54
2 55
2 56
2 61
2 62
2 63
2 64
2 65
2 66
2 67
2 68
2 69
2 70
2 71
2 72
2 73
2 74
2 75
2 76
2 77
2 78
2 79
2 80
2 81
2 82
2 83
2 84
2 85
2 86
2 87
2 88
2 89
2 90
2 91
2 92
2 93
2 94
2 95
2 96
2 97
2 99
2 103
2 104
2 106
2 107
2 108
2 109
2 110
2 111
2 112
2 113
2 114
2 115
2 117
2 119
2 121
2 123
2 124
2 125
2 127
2 128
2 129
2 131
2 132
2 133
2 137
2 138
2 140
2 141
2 143
2 144
2 149
2 150
2 151
2 154
2 156
2 157
2 158
2 159
2 160
2 163
2 165
2 166
2 167
2 168
2 169
2 171
2 173
2 174
2 175
2 176
2 178
2 180
3 128
3 97
3 98
3 67
3 132
3 103
3 129
3 107
3 12
3 130
3 142
3 173
3 176
3 178
3 123
3 84
3 24
3 68
3 175
3 124
3 125
4 5
4 6
4 7
4 11
4 12
4 18
4 20
4 21
4 22
4 23
4 24
4 44
4 47
4 48
4 56
4 62
4 63
4 65
4 66
4 67
4 68
4 69
4 70
4 71
4 73
4 74
4 75
4 76
4 77
4 78
4 79
4 80
4 81
4 82
4 83
4 84
4 85
4 86
4 87
4 88
4 89
4 90
4 91
4 92
4 93
4 94
4 97
4 98
4 99
4 103
4 106
4 107
4 108
4 109
4 110
4 111
4 112
4 114
4 115
4 117
4 123
4 124
4 125
4 128
4 131
4 132
4 137
4 138
4 140
4 141
4 143
4 144
4 149
4 150
4 151
4 154
4 156
4 157
4 158
4 159
4 160
4 164
4 165
4 166
4 167
4 168
4 169
4 171
4 173
4 174
4 175
4 176
4 177
4 178
4 180
5 6
5 7
5 11
5 12
5 18
5 20
5 21
5 22
5 23
5 24
5 44
5 47
5 48
5 54
5 55
5 56
5 61
5 62
5 63
5 64
5 65
5 66
5 67
5 68
5 69
5 70
5 71
5 72
5 73
5 74
5 75
5 76
5 77
5 78
5 79
5 80
5 81
5 82
5 83
5 84
5 85
5 86
5 87
5 88
5 89
5 90
5 91
5 92
5 94
5 95
5 97
5 98
5 99
5 102
5 103
5 104
5 106
5 107
5 108
5 109
5 110
5 111
5 112
5 113
5 114
5 115
5 117
5 119
5 123
5 124
5 125
5 127
5 128
5 129
5 130
5 131
5 132
5 133
5 137
5 138
5 140
5 141
5 143
5 144
5 145
5 150
5 151
5 154
5 156
5 157
5 158
5 159
5 160
5 163
5 165
5 166
5 167
5 168
5 169
5 170
5 171
5 173
5 174
5 175
5 176
5 178
5 180
6 7
6 8
6 11
6 12
6 18
6 20
6 21
6 22
6 23
6 24
6 44
6 47
6 48
6 54
6 55
6 56
6 61
6 62
6 63
6 64
6 65
6 66
6 67
6 68
6 69
6 70
6 71
6 72
6 73
6 74
6 75
6 76
6 77
6 78
6 79
6 80
6 81
6 82
6 83
6 84
6 85
6 86
6 87
6 88
6 89
6 90
6 91
6 92
6 94
6 95
6 97
6 98
6 99
6 102
6 103
6 104
6 106
6 107
6 108
6 109
6 110
6 111
6 112
6 113
6 114
6 115
6 117
6 119
6 123
6 124
6 125
6 127
6 128
6 129
6 130
6 131
6 132
6 133
6 137
6 138
6 140
6 141
6 143
6 144
6 145
6 146
6 151
6 154
6 156
6 157
6 158
6 159
6 160
6 163
6 166
6 167
6 168
6 169
6 170
6 171
6 173
6 174
6 175
6 176
6 178
6 180
7 11
7 12
7 18
7 20
7 21
7 22
7 23
7 24
7 44
7 47
7 48
7 54
7 55
7 56
7 61
7 62
7 63
7 64
7 65
7 66
7 67
7 68
7 69
7 70
7 71
7 72
7 73
7 74
7 75
7 76
7 77
7 78
7 79
7 80
7 81
7 82
7 83
7 84
7 85
7 86
7 87
7 88
7 89
7 90
7 91
7 92
7 93
7 94
7 95
7 97
7 98
7 99
7 102
7 103
7 104
7 106
7 107
7 108
7 109
7 110
7 111
7 112
7 113
7 114
7 115
7 117
7 119
7 123
7 124
7 125
7 127
7 128
7 129
7 130
7 131
7 132
7 133
7 137
7 138
7 140
7 141
7 143
7 144
7 150
7 151
7 154
7 156
7 157
7 158
7 159
7 160
7 163
7 165
7 166
7 167
7 168
7 169
7 170
7 171
7 173
7 174
7 175
7 176
7 178
7 180
8 129
8 137
8 10
8 11
8 140
8 141
8 14
8 143
8 144
8 20
8 23
8 25
8 26
8 175
8 157
8 158
8 159
8 34
8 167
8 168
8 169
8 171
8 44
8 174
8 47
8 48
8 54
8 55
8 56
8 151
8 63
8 66
8 74
8 75
8 76
8 77
8 78
8 79
8 80
8 82
8 94
8 95
8 96
8 99
8 104
8 106
8 108
8 109
8 110
8 111
8 112
8 40
8 114
8 115
8 117
8 119
8 121
8 124
8 125
9 101
9 131
9 179
9 134
9 139
9 140
9 141
9 14
9 15
9 16
9 17
9 147
9 148
9 149
9 150
9 152
9 155
9 29
9 30
9 52
9 32
9 161
9 162
9 27
9 36
9 37
9 38
9 39
9 41
9 42
9 171
9 172
9 45
9 46
9 49
9 51
9 180
9 53
9 57
9 58
9 59
9 60
9 177
9 75
9 76
9 34
9 13
9 35
9 88
9 164
9 91
9 92
9 93
9 165
9 166
9 105
9 111
9 116
9 118
9 169
10 129
10 74
10 55
10 109
10 144
10 145
10 82
10 121
10 25
10 26
10 47
10 28
10 95
10 96
10 48
10 102
10 167
10 40
10 106
10 44
10 146
10 174
10 175
10 112
10 168
10 114
10 115
10 54
10 119
10 104
10 124
11 12
11 18
11 20
11 21
11 22
11 23
11 24
11 44
11 47
11 48
11 54
11 55
11 56
11 61
11 62
11 63
11 64
11 65
11 66
11 67
11 68
11 69
11 70
11 71
11 72
11 73
11 74
11 75
11 76
11 77
11 78
11 79
11 80
11 81
11 82
11 83
11 84
11 85
11 86
11 87
11 88
11 89
11 90
11 91
11 92
11 94
11 95
11 96
11 97
11 98
11 99
11 102
11 103
11 104
11 106
11 107
11 108
11 109
11 110
11 111
11 112
11 113
11 114
11 115
11 117
11 119
11 123
11 124
11 125
11 127
11 128
11 129
11 130
11 131
11 132
11 133
11 137
11 138
11 140
11 141
11 143
11 144
11 145
11 150
11 151
11 154
11 156
11 157
11 158
11 159
11 160
11 163
11 165
11 166
11 167
11 168
11 169
11 170
11 171
11 173
11 174
11 175
11 176
11 178
11 180
12 18
12 20
12 21
12 22
12 23
12 24
12 47
12 48
12 56
12 61
12 62
12 63
12 64
12 65
12 66
12 67
12 68
12 69
12 70
12 71
12 72
12 73
12 74
12 75
12 76
12 77
12 78
12 79
12 80
12 81
12 82
12 83
12 84
12 85
12 86
12 87
12 88
12 89
12 90
12 91
12 92
12 93
12 94
12 95
12 97
12 98
12 99
12 103
12 104
12 106
12 107
12 108
12 109
12 110
12 111
12 112
12 113
12 114
12 115
12 117
12 123
12 124
12 125
12 127
12 128
12 129
12 130
12 131
12 132
12 137
12 138
12 140
12 141
12 143
12 144
12 151
12 154
12 156
12 157
12 158
12 159
12 160
12 163
12 165
12 166
12 167
12 168
12 169
12 170
12 171
12 173
12 174
12 175
12 176
12 178
13 101
13 179
13 134
13 139
13 140
13 141
13 14
13 15
13 16
13 17
13 147
13 148
13 149
13 150
13 152
13 27
13 29
13 30
13 52
13 32
13 161
13 162
13 155
13 36
13 37
13 38
13 39
13 41
13 42
13 171
13 172
13 45
13 46
13 49
13 51
13 180
13 53
13 57
13 58
13 59
13 60
13 177
13 76
13 34
13 35
13 88
13 164
13 91
13 92
13 93
13 165
13 166
13 105
13 116
13 118
13 169
14 179
14 23
14 140
14 143
14 16
14 149
14 150
14 151
14 152
14 52
14 158
14 159
14 32
14 34
14 164
14 165
14 166
14 167
14 168
14 169
14 171
14 44
14 45
14 46
14 47
14 51
14 180
14 53
14 54
14 55
14 57
14 58
14 59
14 60
14 63
14 66
14 75
14 76
14 77
14 141
14 121
14 88
14 90
14 91
14 92
14 93
14 94
14 96
14 106
14 108
14 109
14 110
14 111
14 112
14 114
14 117
14 41
14 137
14 119
15 179
15 134
15 135
15 136
15 139
15 16
15 17
15 146
15 19
15 148
15 149
15 152
15 25
15 27
15 28
15 29
15 30
15 31
15 32
15 33
15 162
15 35
15 36
15 37
15 38
15 39
15 40
15 41
15 42
15 43
15 172
15 45
15 46
15 49
15 50
15 51
15 52
15 53
15 57
15 58
15 59
15 60
15 161
15 164
15 100
15 101
15 105
15 147
15 116
15 118
15 120
15 122
15 126
16 101
16 131
16 179
16 134
16 139
16 140
16 17
16 147
16 148
16 149
16 150
16 152
16 27
16 29
16 30
16 32
16 34
16 35
16 36
16 37
16 38
16 39
16 169
16 42
16 171
16 172
16 45
16 46
16 44
16 180
16 49
16 91
16 51
16 155
16 53
16 52
16 58
16 59
16 60
16 63
16 66
16 77
16 177
16 75
16 76
16 162
16 141
16 57
16 88
16 164
16 90
16 143
16 92
16 93
16 94
16 165
16 166
16 105
16 108
16 111
16 114
16 116
16 117
16 41
17 179
17 134
17 135
17 136
17 139
17 145
17 146
17 19
17 148
17 149
17 152
17 25
17 27
17 28
17 29
17 30
17 31
17 32
17 33
17 162
17 155
17 36
17 37
17 38
17 39
17 40
17 41
17 42
17 43
17 172
17 45
17 46
17 49
17 50
17 51
17 52
17 53
17 57
17 58
17 59
17 60
17 161
17 35
17 164
17 100
17 101
17 105
17 147
17 116
17 118
17 120
17 122
17 126
18 19
18 20
18 21
18 22
18 23
18 24
18 25
18 47
18 48
18 50
18 54
18 55
18 56
18 61
18 62
18 63
18 64
18 65
18 66
18 67
18 68
18 69
18 70
18 71
18 72
18 73
18 74
18 77
18 78
18 79
18 80
18 81
18 82
18 83
18 84
18 85
18 86
18 87
18 89
18 90
18 94
18 95
18 97
18 98
18 99
18 100
18 102
18 103
18 104
18 106
18 107
18 108
18 109
18 110
18 112
18 113
18 114
18 115
18 117
18 119
18 120
18 122
18 123
18 124
18 125
18 126
18 127
18 128
18 129
18 130
18 133
18 135
18 136
18 137
18 138
18 140
18 143
18 144
18 145
18 146
18 151
18 154
18 156
18 157
18 158
18 159
18 160
18 163
18 167
18 168
18 170
18 173
18 174
18 175
18 176
18 178
19 129
19 130
19 133
19 134
19 135
19 136
19 138
19 139
19 144
19 146
19 147
19 148
19 21
19 25
19 26
19 27
19 28
19 29
19 30
19 31
19 160
19 33
19 162
19 35
19 36
19 37
19 38
19 39
19 40
19 156
19 42
19 43
19 172
19 174
19 175
19 48
19 49
19 50
19 115
19 61
19 62
19 64
19 65
19 69
19 161
19 72
19 74
19 78
19 79
19 81
19 163
19 85
19 86
19 87
19 71
19 95
19 99
19 100
19 102
19 145
19 104
19 105
19 125
19 157
19 113
19 83
19 116
19 118
19 120
19 122
19 124
19 170
19 126
19 127
20 21
20 22
20 23
20 24
20 25
20 44
20 47
20 48
20 54
20 55
20 56
20 61
20 62
20 63
20 64
20 65
20 66
20 67
20 68
20 69
20 70
20 71
20 72
20 73
20 74
20 75
20 76
20 77
20 78
20 79
20 80
20 81
20 82
20 83
20 84
20 85
20 86
20 87
20 88
20 89
20 90
20 91
20 92
20 94
20 95
20 96
20 97
20 98
20 99
20 102
20 103
20 104
20 106
20 107
20 108
20 109
20 110
20 111
20 112
20 113
20 114
20 115
20 117
20 119
20 121
20 123
20 124
20 125
20 127
20 128
20 129
20 130
20 132
20 133
20 137
20 138
20 140
20 141
20 143
20 144
20 145
20 146
20 151
20 154
20 156
20 157
20 158
20 159
20 160
20 163
20 166
20 167
20 168
20 169
20 170
20 171
20 173
20 174
20 175
20 176
20 178
20 180
21 22
21 23
21 24
21 25
21 47
21 48
21 50
21 54
21 55
21 56
21 61
21 62
21 63
21 64
21 65
21 66
21 67
21 68
21 69
21 70
21 71
21 72
21 73
21 74
21 77
21 78
21 79
21 80
21 81
21 82
21 83
21 84
21 85
21 86
21 87
21 89
21 90
21 94
21 95
21 97
21 98
21 99
21 100
21 102
21 103
21 104
21 106
21 107
21 108
21 109
21 110
21 112
21 113
21 114
21 115
21 117
21 119
21 120
21 122
21 123
21 124
21 125
21 126
21 127
21 128
21 129
21 130
21 133
21 135
21 136
21 137
21 138
21 140
21 143
21 144
21 145
21 146
21 151
21 154
21 156
21 157
21 158
21 159
21 160
21 163
21 167
21 168
21 170
21 173
21 174
21 175
21 178
22 23
22 24
22 25
22 44
22 47
22 48
22 50
22 54
22 55
22 56
22 61
22 62
22 63
22 64
22 65
22 66
22 67
22 68
22 69
22 70
22 71
22 72
22 73
22 74
22 75
22 76
22 77
22 78
22 79
22 80
22 81
22 82
22 83
22 84
22 85
22 86
22 87
22 88
22 89
22 90
22 91
22 92
22 94
22 95
22 97
22 98
22 99
22 102
22 103
22 104
22 106
22 107
22 108
22 109
22 110
22 111
22 112
22 113
22 114
22 115
22 117
22 119
22 120
22 122
22 123
22 124
22 125
22 127
22 128
22 129
22 130
22 132
22 133
22 135
22 136
22 137
22 138
22 140
22 141
22 143
22 144
22 145
22 146
22 151
22 154
22 156
22 157
22 158
22 159
22 160
22 163
22 166
22 167
22 168
22 170
22 171
22 173
22 174
22 175
22 176
22 178
23 24
23 32
23 34
23 44
23 47
23 48
23 52
23 54
23 55
23 56
23 62
23 63
23 65
23 66
23 67
23 68
23 69
23 70
23 71
23 72
23 73
23 74
23 75
23 76
23 77
23 78
23 79
23 80
23 81
23 82
23 83
23 84
23 85
23 86
23 87
23 88
23 89
23 90
23 91
23 92
23 93
23 94
23 95
23 96
23 97
23 99
23 103
23 104
23 106
23 107
23 108
23 109
23 110
23 111
23 112
23 113
23 114
23 115
23 117
23 119
23 121
23 123
23 124
23 125
23 128
23 129
23 131
23 132
23 137
23 138
23 140
23 141
23 143
23 144
23 149
23 150
23 151
23 154
23 156
23 157
23 158
23 159
23 160
23 163
23 165
23 166
23 167
23 168
23 169
23 171
23 173
23 174
23 175
23 176
23 178
23 180
24 47
24 48
24 56
24 61
24 62
24 63
24 64
24 65
24 66
24 67
24 68
24 69
24 70
24 71
24 72
24 73
24 74
24 75
24 76
24 77
24 78
24 79
24 80
24 81
24 82
24 83
24 84
24 85
24 86
24 87
24 88
24 89
24 90
24 91
24 92
24 93
24 94
24 95
24 97
24 98
24 99
24 103
24 104
24 106
24 107
24 108
24 109
24 110
24 111
24 112
24 114
24 115
24 117
24 123
24 124
24 125
24 128
24 129
24 130
24 131
24 132
24 137
24 138
24 140
24 141
24 142
24 143
24 144
24 151
24 154
24 156
24 157
24 158
24 159
24 160
24 163
24 165
24 166
24 167
24 168
24 169
24 171
24 173
24 174
24 175
24 176
24 177
24 178
25 129
25 130
25 133
25 135
25 139
25 175
25 144
25 146
25 26
25 27
25 28
25 157
25 30
25 160
25 161
25 35
25 36
25 37
25 38
25 167
25 40
25 156
25 42
25 43
25 172
25 174
25 47
25 48
25 49
25 50
25 115
25 54
25 55
25 138
25 62
25 64
25 65
25 147
25 69
25 70
25 71
25 72
25 74
25 78
25 79
25 81
25 82
25 163
25 85
25 86
25 87
25 122
25 95
25 99
25 100
25 102
25 145
25 104
25 125
25 61
25 168
25 83
25 116
25 113
25 119
25 120
25 136
25 124
25 170
25 126
25 127
26 129
26 130
26 139
26 144
26 145
26 146
26 28
26 95
26 96
26 161
26 36
26 102
26 40
26 43
26 174
26 175
26 104
26 50
26 54
26 119
26 55
27 179
27 134
27 135
27 136
27 139
27 146
27 148
27 152
27 155
27 28
27 29
27 30
27 31
27 161
27 162
27 35
27 36
27 37
27 38
27 39
27 40
27 41
27 42
27 43
27 172
27 45
27 46
27 49
27 50
27 51
27 52
27 53
27 57
27 58
27 59
27 60
27 33
27 164
27 100
27 101
27 102
27 145
27 105
27 147
27 116
27 118
27 120
27 122
27 126
28 129
28 130
28 134
28 135
28 136
28 139
28 146
28 148
28 29
28 30
28 31
28 33
28 162
28 35
28 36
28 37
28 38
28 39
28 40
28 42
28 43
28 172
28 45
28 174
28 175
28 48
28 49
28 50
28 61
28 64
28 161
28 72
28 74
28 81
28 163
28 95
28 100
28 101
28 102
28 145
28 104
28 105
28 113
28 147
28 116
28 118
28 120
28 122
28 170
28 126
28 127
29 179
29 134
29 135
29 139
29 148
29 149
29 150
29 152
29 155
29 30
29 31
29 32
29 33
29 162
29 36
29 37
29 38
29 39
29 40
29 41
29 42
29 43
29 172
29 45
29 46
29 49
29 50
29 51
29 180
29 53
29 57
29 58
29 59
29 60
29 52
29 161
29 177
29 35
29 164
29 93
29 165
29 100
29 101
29 105
29 147
29 116
29 118
29 122
29 126
30 129
30 130
30 134
30 135
30 136
30 139
30 145
30 146
30 148
30 152
30 31
30 33
30 162
30 35
30 36
30 37
30 38
30 39
30 40
30 42
30 43
30 172
30 45
30 46
30 49
30 50
30 179
30 53
30 58
30 59
30 51
30 161
30 100
30 101
30 102
30 104
30 105
30 113
30 147
30 116
30 118
30 120
30 122
30 170
30 126
30 127
31 51
31 131
31 134
31 135
31 136
31 139
31 148
31 152
31 164
31 155
31 93
31 101
31 161
31 100
31 33
31 49
31 105
31 42
31 172
31 45
31 177
31 50
31 147
31 116
31 118
31 120
31 122
31 126
32 179
32 151
32 140
32 148
32 149
32 150
32 152
32 52
32 158
32 159
32 162
32 35
32 164
32 165
32 166
32 39
32 169
32 171
32 44
32 45
32 46
32 91
32 51
32 180
32 53
32 57
32 58
32 59
32 60
32 63
32 66
32 75
32 76
32 34
32 141
32 88
32 90
32 143
32 92
32 93
32 94
32 96
32 101
32 105
32 108
32 109
32 111
32 112
32 114
32 116
32 117
32 41
32 121
33 51
33 133
33 134
33 135
33 136
33 139
33 145
33 146
33 148
33 152
33 164
33 49
33 155
33 161
33 100
33 101
33 102
33 105
33 42
33 172
33 45
33 177
33 50
33 147
33 116
33 53
33 118
33 120
33 122
33 126
34 179
34 151
34 140
34 143
34 149
34 150
34 152
34 52
34 158
34 159
34 164
34 165
34 166
34 168
34 169
34 171
34 44
34 45
34 46
34 51
34 180
34 53
34 54
34 55
34 57
34 58
34 59
34 60
34 63
34 66
34 75
34 76
34 77
34 141
34 121
34 88
34 90
34 91
34 92
34 93
34 94
34 96
34 101
34 106
34 108
34 109
34 110
34 111
34 112
34 114
34 117
34 41
34 137
35 51
35 134
35 139
35 146
35 148
35 149
35 152
35 161
35 162
35 36
35 37
35 38
35 39
35 40
35 41
35 42
35 43
35 172
35 45
35 46
35 49
35 50
35 179
35 52
35 53
35 57
35 58
35 59
35 60
35 100
35 101
35 105
35 147
35 116
35 118
35 122
36 129
36 130
36 134
36 135
36 139
36 145
36 146
36 148
36 152
36 51
36 161
36 162
36 37
36 38
36 39
36 40
36 42
36 43
36 172
36 45
36 46
36 49
36 50
36 179
36 53
36 58
36 59
36 100
36 101
36 102
36 105
36 147
36 116
36 122
37 51
37 134
37 139
37 146
37 147
37 148
37 152
37 161
37 162
37 38
37 39
37 40
37 41
37 42
37 43
37 172
37 45
37 46
37 49
37 50
37 179
37 52
37 53
37 57
37 58
37 59
37 60
37 100
37 101
37 105
37 116
37 118
37 122
38 51
38 134
38 139
38 146
38 147
38 148
38 152
38 161
38 162
38 39
38 40
38 41
38 42
38 43
38 172
38 45
38 46
38 49
38 50
38 179
38 52
38 53
38 57
38 58
38 59
38 60
38 100
38 101
38 105
38 116
38 118
38 122
39 179
39 134
39 139
39 148
39 149
39 150
39 152
39 52
39 161
39 162
39 164
39 40
39 41
39 42
39 43
39 172
39 45
39 46
39 49
39 51
39 180
39 53
39 57
39 58
39 59
39 60
39 93
39 100
39 101
39 105
39 147
39 116
39 118
40 129
40 130
40 135
40 139
40 146
40 161
40 162
40 42
40 43
40 174
40 175
40 48
40 49
40 50
40 54
40 74
40 81
40 122
40 95
40 100
40 102
40 145
40 104
40 105
40 113
40 147
40 116
40 120
40 136
40 124
40 125
40 126
40 127
41 101
41 179
41 140
41 147
41 148
41 149
41 150
41 152
41 52
41 162
41 164
41 165
41 169
41 42
41 171
41 44
41 45
41 46
41 91
41 51
41 180
41 53
41 57
41 58
41 59
41 60
41 63
41 75
41 76
41 141
41 88
41 143
41 92
41 93
41 166
41 105
41 108
41 111
41 114
41 116
41 117
41 121
42 179
42 134
42 135
42 136
42 139
42 146
42 148
42 152
42 161
42 162
42 43
42 172
42 45
42 46
42 49
42 50
42 51
42 155
42 53
42 57
42 58
42 59
42 60
42 52
42 164
42 100
42 101
42 102
42 145
42 105
42 147
42 116
42 118
42 120
42 122
42 126
43 129
43 130
43 134
43 135
43 136
43 139
43 146
43 148
43 161
43 162
43 172
43 45
43 174
43 175
43 49
43 50
43 95
43 100
43 102
43 145
43 104
43 105
43 113
43 147
43 116
43 120
43 122
43 126
44 137
44 140
44 141
44 143
44 149
44 154
44 175
44 156
44 157
44 158
44 52
44 165
44 166
44 167
44 168
44 171
44 174
44 47
44 48
44 178
44 180
44 54
44 55
44 56
44 57
44 159
44 151
44 63
44 66
44 73
44 75
44 76
44 77
44 78
44 79
44 80
44 82
44 88
44 89
44 90
44 91
44 92
44 93
44 94
44 95
44 96
44 144
44 99
44 104
44 60
44 106
44 108
44 109
44 110
44 111
44 112
44 114
44 115
44 150
44 117
44 169
44 121
44 119
44 124
44 125
45 101
45 171
45 179
45 134
45 139
45 147
45 148
45 149
45 150
45 152
45 155
45 161
45 162
45 172
45 46
45 49
45 51
45 180
45 53
45 57
45 58
45 59
45 60
45 52
45 177
45 76
45 88
45 164
45 91
45 92
45 93
45 165
45 100
45 166
45 105
45 116
45 118
45 169
46 101
46 131
46 179
46 134
46 139
46 140
46 147
46 148
46 149
46 150
46 152
46 155
46 52
46 161
46 171
46 172
46 49
46 91
46 51
46 180
46 53
46 57
46 58
46 59
46 60
46 63
46 177
46 75
46 76
46 162
46 141
46 88
46 164
46 90
46 143
46 92
46 93
46 165
46 166
46 105
46 111
46 116
46 117
46 169
47 48
47 54
47 55
47 56
47 61
47 62
47 63
47 64
47 65
47 66
47 67
47 68
47 69
47 70
47 71
47 72
47 73
47 74
47 75
47 76
47 77
47 78
47 79
47 80
47 81
47 82
47 83
47 84
47 85
47 86
47 87
47 88
47 89
47 90
47 91
47 92
47 94
47 95
47 96
47 97
47 99
47 102
47 103
47 104
47 106
47 107
47 108
47 109
47 110
47 111
47 112
47 113
47 114
47 115
47 117
47 119
47 121
47 123
47 124
47 125
47 127
47 128
47 129
47 130
47 132
47 133
47 137
47 138
47 140
47 141
47 143
47 144
47 145
47 146
47 151
47 154
47 156
47 157
47 158
47 159
47 160
47 163
47 166
47 167
47 168
47 169
47 170
47 171
47 173
47 174
47 175
47 176
47 178
47 180
48 50
48 54
48 55
48 56
48 61
48 62
48 63
48 64
48 65
48 66
48 67
48 68
48 69
48 70
48 71
48 72
48 73
48 74
48 75
48 76
48 77
48 78
48 79
48 80
48 81
48 82
48 83
48 84
48 85
48 86
48 87
48 89
48 90
48 94
48 95
48 96
48 97
48 99
48 100
48 102
48 103
48 104
48 106
48 107
48 108
48 109
48 110
48 111
48 112
48 113
48 114
48 115
48 117
48 119
48 120
48 122
48 123
48 124
48 125
48 126
48 127
48 129
48 130
48 133
48 135
48 136
48 137
48 138
48 140
48 141
48 143
48 144
48 145
48 146
48 151
48 154
48 156
48 157
48 158
48 159
48 160
48 163
48 167
48 168
48 169
48 170
48 171
48 173
48 174
48 175
48 178
49 129
49 130
49 134
49 135
49 136
49 139
49 146
49 148
49 152
49 162
49 172
49 50
49 179
49 53
49 58
49 59
49 61
49 64
49 51
49 161
49 72
49 163
49 100
49 101
49 102
49 145
49 104
49 105
49 113
49 147
49 116
49 118
49 120
49 122
49 170
49 126
49 127
50 129
50 130
50 133
50 134
50 135
50 136
50 138
50 139
50 144
50 148
50 160
50 162
50 167
50 156
50 172
50 174
50 175
50 115
50 61
50 62
50 64
50 65
50 147
50 69
50 70
50 161
50 72
50 74
50 78
50 79
50 81
50 82
50 163
50 85
50 86
50 87
50 71
50 95
50 99
50 100
50 102
50 145
50 104
50 105
50 146
50 125
50 157
50 113
50 83
50 116
50 118
50 119
50 120
50 122
50 124
50 170
50 126
50 127
51 134
51 139
51 147
51 148
51 149
51 150
51 152
51 155
51 52
51 161
51 162
51 171
51 172
51 179
51 180
51 53
51 57
51 58
51 59
51 60
51 177
51 76
51 164
51 101
51 93
51 165
51 100
51 166
51 105
51 116
51 118
51 169
52 131
52 179
52 140
52 147
52 148
52 149
52 150
52 151
52 152
52 158
52 159
52 164
52 171
52 177
52 91
52 180
52 53
52 101
52 57
52 58
52 59
52 60
52 63
52 66
52 77
52 75
52 76
52 162
52 141
52 88
52 90
52 143
52 92
52 93
52 94
52 165
52 96
52 166
52 105
52 108
52 109
52 110
52 111
52 112
52 114
52 116
52 117
52 169
52 121
53 179
53 134
53 139
53 147
53 148
53 149
53 150
53 152
53 155
53 161
53 164
53 171
53 172
53 180
53 57
53 58
53 59
53 60
53 177
53 76
53 162
53 101
53 93
53 165
53 100
53 166
53 105
53 116
53 118
53 169
54 129
54 137
54 140
54 141
54 143
54 144
54 145
54 156
54 154
54 158
54 159
54 160
54 112
54 167
54 169
54 171
54 174
54 175
54 178
54 138
54 55
54 56
54 151
54 109
54 63
54 65
54 66
54 130
54 113
54 73
54 74
54 75
54 76
54 77
54 78
54 79
54 80
54 81
54 82
54 83
54 85
54 89
54 94
54 95
54 96
54 99
54 102
54 104
54 106
54 108
54 146
54 110
54 111
54 157
54 168
54 114
54 115
54 117
54 119
54 121
54 124
54 125
55 129
55 137
55 140
55 141
55 143
55 144
55 145
55 156
55 154
55 158
55 159
55 160
55 112
55 167
55 168
55 169
55 171
55 174
55 175
55 178
55 56
55 151
55 138
55 63
55 65
55 66
55 73
55 74
55 75
55 76
55 77
55 78
55 79
55 80
55 81
55 82
55 83
55 85
55 89
55 90
55 91
55 92
55 94
55 95
55 96
55 99
55 102
55 104
55 106
55 108
55 109
55 110
55 111
55 157
55 113
55 114
55 115
55 117
55 119
55 121
55 124
55 125
56 61
56 62
56 63
56 64
56 65
56 66
56 67
56 68
56 69
56 70
56 71
56 72
56 73
56 74
56 75
56 76
56 77
56 78
56 79
56 80
56 81
56 82
56 83
56 84
56 85
56 86
56 87
56 88
56 89
56 90
56 91
56 92
56 94
56 95
56 96
56 97
56 98
56 99
56 102
56 103
56 104
56 106
56 107
56 108
56 109
56 110
56 111
56 112
56 113
56 114
56 115
56 117
56 119
56 123
56 124
56 125
56 127
56 128
56 129
56 130
56 131
56 132
56 133
56 137
56 138
56 140
56 141
56 143
56 144
56 145
56 149
56 150
56 151
56 154
56 156
56 157
56 158
56 159
56 160
56 163
56 165
56 166
56 167
56 168
56 169
56 170
56 171
56 173
56 174
56 175
56 176
56 178
56 180
57 101
57 179
57 140
57 148
57 149
57 150
57 151
57 152
57 158
57 162
57 164
57 165
57 171
57 91
57 180
57 58
57 59
57 60
57 63
57 75
57 76
57 141
57 88
57 90
57 143
57 92
57 93
57 96
57 166
57 105
57 108
57 109
57 111
57 112
57 114
57 116
57 117
57 169
57 121
58 101
58 179
58 134
58 139
58 140
58 147
58 148
58 149
58 150
58 152
58 162
58 164
58 165
58 171
58 180
58 59
58 60
58 75
58 76
58 141
58 91
58 92
58 93
58 166
58 105
58 111
58 116
58 117
58 169
59 179
59 134
59 139
59 140
59 147
59 148
59 149
59 150
59 152
59 161
59 162
59 164
59 171
59 180
59 60
59 75
59 76
59 141
59 101
59 93
59 165
59 166
59 105
59 111
59 116
59 169
60 101
60 179
60 140
60 147
60 148
60 149
60 150
60 152
60 162
60 164
60 165
60 171
60 177
60 91
60 180
60 63
60 75
60 76
60 141
60 88
60 90
60 143
60 92
60 93
60 96
60 166
60 105
60 108
60 109
60 111
60 114
60 116
60 117
60 169
60 121
61 129
61 136
61 137
61 138
61 130
61 144
61 145
61 154
61 175
61 157
61 133
61 160
61 161
61 163
61 167
61 168
61 156
61 170
61 135
61 172
61 178
61 174
61 62
61 64
61 65
61 67
61 68
61 69
61 70
61 71
61 72
61 73
61 74
61 78
61 79
61 80
61 81
61 82
61 83
61 84
61 85
61 86
61 87
61 89
61 95
61 97
61 98
61 99
61 100
61 102
61 104
61 146
61 110
61 113
61 115
61 118
61 119
61 120
61 122
61 124
61 125
61 126
61 127
62 63
62 64
62 65
62 66
62 67
62 68
62 69
62 70
62 71
62 72
62 73
62 74
62 75
62 77
62 78
62 79
62 80
62 81
62 82
62 83
62 84
62 85
62 86
62 87
62 88
62 89
62 90
62 91
62 92
62 94
62 95
62 97
62 98
62 99
62 102
62 103
62 104
62 106
62 107
62 108
62 109
62 110
62 112
62 113
62 114
62 115
62 119
62 120
62 122
62 123
62 124
62 125
62 127
62 128
62 129
62 130
62 132
62 133
62 135
62 136
62 137
62 138
62 140
62 141
62 143
62 144
62 145
62 146
62 151
62 154
62 156
62 157
62 158
62 159
62 160
62 163
62 167
62 168
62 170
62 173
62 174
62 175
62 176
62 178
63 65
63 66
63 67
63 68
63 69
63 70
63 71
63 73
63 74
63 75
63 76
63 77
63 78
63 79
63 80
63 81
63 82
63 83
63 84
63 85
63 86
63 87
63 88
63 89
63 90
63 91
63 92
63 93
63 94
63 95
63 96
63 97
63 99
63 103
63 106
63 107
63 108
63 109
63 110
63 111
63 112
63 114
63 115
63 117
63 119
63 121
63 123
63 124
63 125
63 128
63 131
63 132
63 137
63 138
63 140
63 141
63 143
63 144
63 149
63 150
63 151
63 154
63 156
63 157
63 158
63 159
63 160
63 164
63 165
63 166
63 167
63 168
63 169
63 171
63 173
63 174
63 175
63 176
63 177
63 178
63 180
64 129
64 136
64 137
64 138
64 130
64 144
64 145
64 154
64 175
64 157
64 133
64 160
64 161
64 163
64 167
64 168
64 156
64 170
64 135
64 172
64 178
64 174
64 65
64 67
64 68
64 69
64 70
64 71
64 72
64 73
64 74
64 78
64 79
64 80
64 81
64 82
64 83
64 84
64 85
64 86
64 87
64 89
64 95
64 97
64 98
64 99
64 100
64 102
64 104
64 146
64 110
64 113
64 115
64 118
64 119
64 120
64 122
64 124
64 125
64 126
64 127
65 66
65 67
65 68
65 69
65 70
65 71
65 72
65 73
65 74
65 75
65 77
65 78
65 79
65 80
65 81
65 82
65 83
65 84
65 85
65 86
65 87
65 89
65 90
65 94
65 95
65 97
65 98
65 99
65 100
65 102
65 103
65 104
65 106
65 107
65 108
65 109
65 110
65 112
65 113
65 114
65 115
65 117
65 119
65 120
65 122
65 123
65 124
65 125
65 126
65 127
65 128
65 129
65 130
65 133
65 135
65 136
65 137
65 138
65 140
65 141
65 143
65 144
65 145
65 146
65 151
65 154
65 156
65 157
65 158
65 159
65 160
65 163
65 167
65 168
65 170
65 173
65 174
65 175
65 176
65 178
66 67
66 68
66 69
66 70
66 71
66 73
66 74
66 75
66 76
66 77
66 78
66 79
66 80
66 81
66 82
66 83
66 84
66 85
66 86
66 87
66 88
66 89
66 90
66 91
66 92
66 93
66 94
66 95
66 96
66 97
66 98
66 99
66 103
66 106
66 107
66 108
66 109
66 110
66 111
66 112
66 114
66 115
66 117
66 119
66 121
66 123
66 124
66 125
66 128
66 131
66 132
66 137
66 138
66 140
66 141
66 143
66 144
66 149
66 150
66 151
66 154
66 156
66 157
66 158
66 159
66 160
66 164
66 165
66 166
66 167
66 168
66 169
66 171
66 173
66 174
66 175
66 176
66 177
66 178
66 180
67 68
67 69
67 70
67 71
67 72
67 73
67 74
67 75
67 76
67 77
67 78
67 79
67 80
67 81
67 82
67 83
67 84
67 85
67 86
67 87
67 88
67 89
67 90
67 91
67 92
67 93
67 94
67 95
67 97
67 98
67 99
67 103
67 104
67 106
67 107
67 108
67 109
67 110
67 111
67 112
67 113
67 114
67 115
67 117
67 123
67 124
67 125
67 127
67 128
67 129
67 130
67 131
67 132
67 137
67 138
67 140
67 141
67 143
67 144
67 151
67 154
67 156
67 157
67 158
67 159
67 160
67 163
67 165
67 166
67 167
67 168
67 169
67 170
67 171
67 173
67 174
67 175
67 176
67 178
68 69
68 70
68 71
68 72
68 73
68 74
68 75
68 76
68 77
68 78
68 79
68 80
68 81
68 82
68 83
68 84
68 85
68 86
68 87
68 88
68 89
68 90
68 91
68 92
68 94
68 95
68 97
68 98
68 99
68 102
68 103
68 104
68 106
68 107
68 108
68 109
68 110
68 111
68 112
68 113
68 114
68 115
68 117
68 123
68 124
68 125
68 127
68 128
68 129
68 130
68 131
68 132
68 137
68 138
68 140
68 141
68 143
68 144
68 151
68 154
68 156
68 157
68 158
68 159
68 160
68 163
68 166
68 167
68 168
68 170
68 173
68 174
68 175
68 176
68 178
69 70
69 71
69 72
69 73
69 74
69 77
69 78
69 79
69 80
69 81
69 82
69 83
69 84
69 85
69 86
69 87
69 89
69 90
69 94
69 95
69 97
69 98
69 99
69 100
69 102
69 103
69 104
69 106
69 107
69 108
69 109
69 110
69 112
69 113
69 115
69 119
69 120
69 122
69 123
69 124
69 125
69 127
69 128
69 129
69 130
69 132
69 133
69 135
69 136
69 137
69 138
69 143
69 144
69 145
69 146
69 151
69 154
69 156
69 157
69 158
69 159
69 160
69 163
69 167
69 168
69 170
69 173
69 174
69 175
69 176
69 178
70 71
70 72
70 73
70 74
70 77
70 78
70 79
70 80
70 81
70 82
70 83
70 84
70 85
70 86
70 87
70 88
70 89
70 90
70 91
70 92
70 94
70 95
70 97
70 98
70 99
70 102
70 103
70 104
70 106
70 107
70 108
70 109
70 110
70 112
70 113
70 114
70 115
70 119
70 120
70 122
70 123
70 124
70 125
70 127
70 128
70 129
70 130
70 132
70 133
70 135
70 136
70 137
70 138
70 140
70 141
70 143
70 144
70 145
70 146
70 151
70 154
70 156
70 157
70 158
70 159
70 160
70 163
70 166
70 167
70 168
70 170
70 173
70 174
70 175
70 176
70 178
71 72
71 73
71 74
71 77
71 78
71 79
71 80
71 81
71 82
71 83
71 84
71 85
71 86
71 87
71 88
71 89
71 90
71 91
71 92
71 94
71 95
71 97
71 98
71 99
71 102
71 103
71 104
71 106
71 107
71 108
71 109
71 110
71 112
71 113
71 114
71 115
71 119
71 120
71 122
71 123
71 124
71 125
71 127
71 128
71 129
71 130
71 132
71 133
71 135
71 136
71 137
71 138
71 140
71 141
71 143
71 144
71 145
71 146
71 151
71 154
71 156
71 157
71 158
71 159
71 160
71 163
71 167
71 168
71 170
71 173
71 174
71 175
71 176
71 178
72 129
72 136
72 137
72 138
72 130
72 144
72 145
72 154
72 175
72 157
72 133
72 160
72 161
72 163
72 167
72 168
72 156
72 170
72 135
72 178
72 174
72 73
72 74
72 78
72 79
72 80
72 81
72 82
72 83
72 84
72 85
72 86
72 87
72 89
72 95
72 97
72 98
72 99
72 100
72 102
72 103
72 104
72 106
72 146
72 110
72 113
72 115
72 119
72 120
72 122
72 124
72 125
72 126
72 127
73 74
73 75
73 76
73 77
73 78
73 79
73 80
73 81
73 82
73 83
73 84
73 85
73 86
73 87
73 88
73 89
73 90
73 91
73 92
73 94
73 95
73 97
73 98
73 99
73 102
73 103
73 104
73 106
73 107
73 108
73 109
73 110
73 111
73 112
73 113
73 114
73 115
73 117
73 119
73 123
73 124
73 125
73 127
73 128
73 129
73 130
73 131
73 132
73 133
73 137
73 138
73 140
73 141
73 143
73 144
73 145
73 151
73 154
73 156
73 157
73 158
73 159
73 160
73 163
73 165
73 166
73 167
73 168
73 169
73 170
73 171
73 173
73 174
73 175
73 176
73 178
74 75
74 77
74 78
74 79
74 80
74 81
74 82
74 83
74 84
74 85
74 86
74 87
74 89
74 94
74 95
74 97
74 99
74 100
74 102
74 104
74 106
74 108
74 109
74 110
74 111
74 112
74 113
74 114
74 115
74 117
74 119
74 120
74 122
74 124
74 125
74 126
74 127
74 129
74 130
74 133
74 135
74 136
74 137
74 138
74 143
74 144
74 145
74 146
74 151
74 154
74 156
74 157
74 158
74 159
74 160
74 161
74 163
74 167
74 168
74 170
74 174
74 175
74 178
75 76
75 77
75 78
75 79
75 80
75 82
75 83
75 84
75 88
75 89
75 90
75 91
75 92
75 93
75 94
75 96
75 97
75 99
75 103
75 106
75 107
75 108
75 109
75 110
75 111
75 112
75 114
75 115
75 117
75 119
75 121
75 123
75 124
75 125
75 128
75 131
75 132
75 137
75 138
75 140
75 141
75 143
75 144
75 149
75 150
75 151
75 154
75 156
75 157
75 158
75 159
75 160
75 164
75 165
75 166
75 167
75 168
75 169
75 171
75 173
75 174
75 175
75 176
75 178
75 179
75 180
76 77
76 78
76 79
76 80
76 82
76 83
76 84
76 88
76 89
76 90
76 91
76 92
76 93
76 94
76 96
76 97
76 99
76 103
76 106
76 107
76 108
76 109
76 110
76 111
76 112
76 114
76 115
76 117
76 119
76 121
76 123
76 124
76 128
76 131
76 132
76 137
76 140
76 141
76 143
76 144
76 149
76 150
76 151
76 152
76 154
76 157
76 158
76 159
76 164
76 165
76 166
76 167
76 168
76 169
76 171
76 173
76 176
76 177
76 178
76 179
76 180
77 78
77 79
77 80
77 81
77 82
77 83
77 84
77 85
77 86
77 87
77 88
77 89
77 90
77 91
77 92
77 93
77 94
77 95
77 96
77 97
77 98
77 99
77 103
77 106
77 107
77 108
77 109
77 110
77 111
77 112
77 114
77 115
77 117
77 119
77 121
77 123
77 124
77 125
77 128
77 131
77 132
77 137
77 138
77 140
77 141
77 143
77 144
77 149
77 150
77 151
77 154
77 156
77 157
77 158
77 159
77 160
77 163
77 164
77 165
77 166
77 167
77 168
77 169
77 171
77 173
77 174
77 175
77 176
77 177
77 178
77 180
78 79
78 80
78 81
78 82
78 83
78 84
78 85
78 86
78 87
78 88
78 89
78 90
78 91
78 92
78 94
78 95
78 97
78 98
78 99
78 102
78 103
78 104
78 106
78 107
78 108
78 109
78 110
78 111
78 112
78 113
78 114
78 115
78 117
78 119
78 120
78 122
78 123
78 124
78 125
78 126
78 127
78 128
78 129
78 130
78 133
78 135
78 136
78 137
78 138
78 140
78 141
78 143
78 144
78 145
78 146
78 151
78 154
78 156
78 157
78 158
78 159
78 160
78 163
78 166
78 167
78 168
78 169
78 170
78 171
78 173
78 174
78 175
78 176
78 178
79 80
79 81
79 82
79 83
79 84
79 85
79 86
79 87
79 88
79 89
79 90
79 91
79 92
79 94
79 95
79 97
79 98
79 99
79 102
79 103
79 104
79 106
79 107
79 108
79 109
79 110
79 111
79 112
79 113
79 114
79 115
79 117
79 119
79 120
79 122
79 123
79 124
79 125
79 127
79 128
79 129
79 130
79 133
79 135
79 136
79 137
79 138
79 140
79 141
79 143
79 144
79 145
79 146
79 151
79 154
79 156
79 157
79 158
79 159
79 160
79 163
79 166
79 167
79 168
79 169
79 170
79 171
79 173
79 174
79 175
79 176
79 178
80 81
80 82
80 83
80 84
80 85
80 86
80 87
80 88
80 89
80 90
80 91
80 92
80 94
80 95
80 96
80 97
80 98
80 99
80 102
80 103
80 104
80 106
80 107
80 108
80 109
80 110
80 111
80 112
80 113
80 114
80 115
80 117
80 119
80 123
80 124
80 125
80 127
80 128
80 129
80 130
80 132
80 133
80 136
80 137
80 138
80 140
80 141
80 143
80 144
80 145
80 146
80 151
80 154
80 156
80 157
80 158
80 159
80 160
80 163
80 166
80 167
80 168
80 169
80 170
80 171
80 173
80 174
80 175
80 176
80 178
80 180
81 82
81 83
81 84
81 85
81 86
81 87
81 89
81 94
81 95
81 97
81 98
81 99
81 100
81 102
81 103
81 104
81 106
81 108
81 109
81 110
81 112
81 113
81 114
81 115
81 117
81 119
81 120
81 122
81 124
81 125
81 126
81 127
81 129
81 130
81 133
81 135
81 136
81 137
81 138
81 143
81 144
81 145
81 146
81 151
81 154
81 156
81 157
81 158
81 159
81 160
81 161
81 163
81 167
81 168
81 170
81 174
81 175
81 178
82 83
82 84
82 85
82 86
82 87
82 88
82 89
82 90
82 91
82 92
82 94
82 95
82 96
82 97
82 99
82 102
82 103
82 104
82 106
82 107
82 108
82 109
82 110
82 111
82 112
82 113
82 114
82 115
82 117
82 119
82 121
82 122
82 123
82 124
82 125
82 127
82 128
82 129
82 130
82 133
82 135
82 136
82 137
82 138
82 140
82 141
82 143
82 144
82 145
82 146
82 151
82 154
82 156
82 157
82 158
82 159
82 160
82 163
82 166
82 167
82 168
82 169
82 170
82 171
82 173
82 174
82 175
82 178
82 180
83 84
83 85
83 86
83 87
83 88
83 89
83 90
83 91
83 92
83 94
83 95
83 97
83 98
83 99
83 102
83 103
83 104
83 106
83 107
83 108
83 109
83 110
83 111
83 112
83 113
83 114
83 115
83 117
83 119
83 120
83 122
83 123
83 124
83 125
83 127
83 128
83 129
83 130
83 132
83 133
83 135
83 136
83 137
83 138
83 140
83 141
83 143
83 144
83 145
83 146
83 151
83 154
83 156
83 157
83 158
83 159
83 160
83 163
83 166
83 167
83 168
83 170
83 173
83 174
83 175
83 176
83 178
84 85
84 86
84 87
84 88
84 89
84 90
84 91
84 92
84 94
84 95
84 97
84 98
84 99
84 102
84 103
84 104
84 106
84 107
84 108
84 109
84 110
84 111
84 112
84 113
84 114
84 115
84 117
84 123
84 124
84 125
84 127
84 128
84 129
84 130
84 131
84 132
84 133
84 137
84 138
84 140
84 141
84 143
84 144
84 145
84 151
84 154
84 156
84 157
84 158
84 159
84 160
84 163
84 166
84 167
84 168
84 170
84 173
84 174
84 175
84 176
84 178
85 86
85 87
85 89
85 90
85 94
85 95
85 97
85 98
85 99
85 100
85 102
85 103
85 104
85 106
85 107
85 108
85 109
85 110
85 112
85 113
85 114
85 115
85 117
85 119
85 120
85 122
85 123
85 124
85 125
85 126
85 127
85 128
85 129
85 130
85 133
85 135
85 136
85 137
85 138
85 143
85 144
85 145
85 146
85 151
85 154
85 156
85 157
85 158
85 159
85 160
85 163
85 167
85 168
85 170
85 173
85 174
85 175
85 178
86 87
86 89
86 90
86 94
86 95
86 97
86 98
86 99
86 102
86 103
86 104
86 106
86 107
86 108
86 109
86 110
86 112
86 113
86 115
86 119
86 120
86 122
86 123
86 124
86 125
86 127
86 128
86 129
86 130
86 132
86 133
86 135
86 136
86 137
86 138
86 143
86 144
86 145
86 146
86 151
86 154
86 156
86 157
86 158
86 159
86 160
86 163
86 167
86 168
86 170
86 173
86 174
86 175
86 176
86 178
87 89
87 90
87 94
87 95
87 97
87 98
87 99
87 100
87 102
87 103
87 104
87 106
87 107
87 110
87 112
87 113
87 115
87 119
87 120
87 122
87 123
87 124
87 125
87 126
87 127
87 128
87 129
87 130
87 133
87 135
87 136
87 137
87 138
87 144
87 145
87 146
87 151
87 154
87 156
87 157
87 158
87 159
87 160
87 163
87 167
87 168
87 170
87 173
87 174
87 175
87 176
87 178
88 89
88 90
88 91
88 92
88 93
88 94
88 97
88 98
88 101
88 103
88 106
88 107
88 108
88 109
88 110
88 111
88 112
88 114
88 115
88 117
88 123
88 124
88 125
88 128
88 131
88 132
88 137
88 138
88 140
88 141
88 143
88 149
88 150
88 151
88 152
88 154
88 157
88 158
88 159
88 164
88 165
88 166
88 167
88 168
88 169
88 171
88 173
88 176
88 177
88 178
88 179
88 180
89 90
89 91
89 92
89 93
89 94
89 95
89 96
89 97
89 98
89 99
89 103
89 104
89 106
89 107
89 108
89 109
89 110
89 111
89 112
89 113
89 114
89 115
89 117
89 119
89 123
89 124
89 125
89 127
89 128
89 129
89 131
89 132
89 137
89 138
89 140
89 141
89 143
89 144
89 149
89 150
89 151
89 154
89 156
89 157
89 158
89 159
89 160
89 163
89 164
89 165
89 166
89 167
89 168
89 169
89 171
89 173
89 174
89 175
89 176
89 178
89 180
90 91
90 92
90 93
90 94
90 97
90 98
90 99
90 103
90 106
90 107
90 108
90 109
90 110
90 111
90 112
90 114
90 115
90 117
90 123
90 124
90 125
90 128
90 131
90 132
90 137
90 138
90 140
90 141
90 143
90 144
90 149
90 150
90 151
90 154
90 156
90 157
90 158
90 159
90 160
90 164
90 165
90 166
90 167
90 168
90 169
90 171
90 173
90 174
90 175
90 176
90 177
90 178
90 180
91 92
91 93
91 94
91 97
91 99
91 101
91 103
91 106
91 107
91 108
91 109
91 110
91 111
91 112
91 114
91 115
91 117
91 123
91 124
91 125
91 128
91 131
91 132
91 137
91 138
91 140
91 141
91 143
91 144
91 149
91 150
91 151
91 152
91 154
91 157
91 158
91 159
91 164
91 165
91 166
91 167
91 168
91 169
91 171
91 173
91 176
91 177
91 178
91 179
91 180
92 93
92 94
92 97
92 99
92 101
92 103
92 106
92 107
92 108
92 109
92 110
92 111
92 112
92 114
92 115
92 117
92 123
92 124
92 125
92 128
92 131
92 132
92 137
92 138
92 140
92 141
92 143
92 144
92 149
92 150
92 151
92 152
92 154
92 157
92 158
92 159
92 164
92 165
92 166
92 167
92 168
92 169
92 171
92 173
92 176
92 177
92 178
92 179
92 180
93 128
93 131
93 179
93 134
93 151
93 152
93 147
93 148
93 149
93 150
93 132
93 155
93 158
93 164
93 165
93 166
93 171
93 173
93 176
93 177
93 178
93 180
93 137
93 140
93 141
93 159
93 94
93 97
93 101
93 103
93 105
93 107
93 108
93 109
93 110
93 111
93 112
93 114
93 116
93 117
93 169
93 123
93 143
94 95
94 96
94 97
94 98
94 99
94 103
94 106
94 107
94 108
94 109
94 110
94 111
94 112
94 114
94 115
94 117
94 119
94 121
94 123
94 124
94 125
94 128
94 131
94 132
94 137
94 138
94 140
94 141
94 143
94 144
94 149
94 150
94 151
94 154
94 156
94 157
94 158
94 159
94 160
94 164
94 165
94 166
94 167
94 168
94 169
94 171
94 173
94 174
94 175
94 176
94 177
94 178
94 180
95 96
95 97
95 99
95 100
95 102
95 104
95 106
95 108
95 109
95 110
95 112
95 113
95 114
95 115
95 117
95 119
95 120
95 122
95 124
95 125
95 126
95 127
95 129
95 130
95 133
95 135
95 136
95 137
95 138
95 144
95 145
95 146
95 151
95 154
95 156
95 157
95 158
95 159
95 160
95 161
95 163
95 167
95 168
95 170
95 174
95 175
95 178
96 137
96 140
96 141
96 143
96 144
96 175
96 158
96 159
96 167
96 168
96 169
96 171
96 174
96 180
96 151
96 104
96 106
96 108
96 109
96 110
96 111
96 112
96 114
96 115
96 117
96 119
96 121
96 124
97 98
97 99
97 103
97 106
97 107
97 108
97 109
97 110
97 111
97 112
97 113
97 114
97 115
97 117
97 123
97 124
97 125
97 127
97 128
97 129
97 130
97 131
97 132
97 137
97 138
97 140
97 141
97 143
97 144
97 151
97 154
97 156
97 157
97 158
97 159
97 160
97 163
97 165
97 166
97 167
97 168
97 169
97 170
97 171
97 173
97 174
97 175
97 176
97 178
98 128
98 130
98 138
98 131
98 153
98 154
98 156
98 157
98 160
98 163
98 170
98 173
98 175
98 176
98 178
98 99
98 103
98 107
98 123
98 124
98 125
98 132
98 127
99 100
99 102
99 103
99 104
99 106
99 107
99 108
99 109
99 110
99 111
99 112
99 113
99 114
99 115
99 117
99 119
99 120
99 122
99 123
99 124
99 125
99 126
99 127
99 128
99 129
99 130
99 133
99 135
99 136
99 137
99 138
99 140
99 141
99 143
99 144
99 145
99 146
99 151
99 154
99 156
99 157
99 158
99 159
99 160
99 163
99 167
99 168
99 169
99 170
99 173
99 174
99 175
99 178
100 129
100 130
100 133
100 134
100 135
100 136
100 139
100 148
100 160
100 162
100 156
100 172
100 161
100 163
100 101
100 102
100 145
100 104
100 105
100 146
100 113
100 147
100 116
100 118
100 120
100 122
100 170
100 126
100 127
101 131
101 155
101 134
101 139
101 147
101 148
101 149
101 150
101 152
101 179
101 171
101 172
101 180
101 161
101 177
101 162
101 164
101 165
101 166
101 105
101 116
101 118
102 104
102 106
102 113
102 115
102 118
102 119
102 120
102 122
102 124
102 125
102 126
102 127
102 129
102 130
102 133
102 134
102 135
102 136
102 137
102 138
102 139
102 144
102 145
102 146
102 147
102 154
102 156
102 157
102 160
102 161
102 163
102 167
102 168
102 170
102 172
102 174
102 175
103 106
103 107
103 108
103 109
103 110
103 111
103 112
103 114
103 115
103 117
103 123
103 124
103 125
103 128
103 129
103 130
103 131
103 132
103 137
103 138
103 140
103 141
103 143
103 144
103 150
103 151
103 154
103 156
103 157
103 158
103 159
103 160
103 165
103 166
103 167
103 168
103 169
103 171
103 173
103 174
103 175
103 176
103 177
103 178
104 106
104 108
104 109
104 110
104 112
104 113
104 114
104 115
104 119
104 120
104 122
104 124
104 125
104 126
104 127
104 129
104 130
104 133
104 135
104 136
104 137
104 138
104 139
104 144
104 145
104 146
104 151
104 154
104 156
104 157
104 158
104 159
104 160
104 161
104 163
104 167
104 168
104 170
104 174
104 175
104 178
105 155
105 134
105 135
105 136
105 139
105 146
105 148
105 149
105 150
105 152
105 179
105 162
105 172
105 161
105 177
105 164
105 165
105 147
105 116
105 118
105 120
105 122
105 126
106 107
106 108
106 109
106 110
106 111
106 112
106 113
106 114
106 115
106 117
106 119
106 121
106 123
106 124
106 125
106 127
106 128
106 129
106 132
106 133
106 137
106 138
106 140
106 141
106 143
106 144
106 145
106 149
106 150
106 151
106 154
106 156
106 157
106 158
106 159
106 160
106 163
106 166
106 167
106 168
106 169
106 171
106 173
106 174
106 175
106 176
106 178
106 180
107 108
107 109
107 110
107 111
107 112
107 114
107 115
107 117
107 123
107 124
107 125
107 128
107 129
107 130
107 131
107 132
107 137
107 138
107 140
107 141
107 143
107 150
107 151
107 154
107 156
107 157
107 158
107 159
107 160
107 164
107 165
107 166
107 167
107 168
107 169
107 171
107 173
107 174
107 175
107 176
107 177
107 178
108 109
108 110
108 111
108 112
108 113
108 114
108 115
108 117
108 119
108 121
108 123
108 124
108 125
108 128
108 131
108 132
108 137
108 138
108 140
108 141
108 143
108 144
108 149
108 150
108 151
108 154
108 156
108 157
108 158
108 159
108 160
108 165
108 166
108 167
108 168
108 169
108 171
108 173
108 174
108 175
108 176
108 178
108 180
109 110
109 111
109 112
109 113
109 114
109 115
109 117
109 119
109 121
109 123
109 124
109 125
109 128
109 131
109 132
109 137
109 138
109 140
109 141
109 143
109 144
109 149
109 150
109 151
109 154
109 156
109 157
109 158
109 159
109 160
109 165
109 166
109 167
109 168
109 169
109 171
109 173
109 174
109 175
109 176
109 178
109 180
110 111
110 112
110 113
110 114
110 115
110 117
110 119
110 121
110 123
110 124
110 125
110 127
110 128
110 129
110 131
110 132
110 133
110 137
110 138
110 140
110 141
110 143
110 144
110 149
110 150
110 151
110 154
110 156
110 157
110 158
110 159
110 160
110 163
110 165
110 166
110 167
110 168
110 169
110 171
110 173
110 174
110 175
110 176
110 178
110 180
111 112
111 114
111 115
111 117
111 119
111 121
111 123
111 124
111 125
111 128
111 131
111 132
111 137
111 138
111 140
111 141
111 143
111 144
111 149
111 150
111 151
111 154
111 156
111 157
111 158
111 159
111 164
111 165
111 166
111 167
111 168
111 169
111 171
111 173
111 174
111 175
111 176
111 178
111 179
111 180
112 113
112 114
112 115
112 117
112 119
112 121
112 123
112 124
112 125
112 128
112 129
112 131
112 132
112 137
112 138
112 140
112 141
112 143
112 144
112 149
112 150
112 151
112 154
112 156
112 157
112 158
112 159
112 160
112 163
112 165
112 166
112 167
112 168
112 169
112 171
112 173
112 174
112 175
112 176
112 178
112 180
113 115
113 119
113 120
113 122
113 124
113 125
113 126
113 127
113 129
113 130
113 133
113 135
113 136
113 137
113 138
113 144
113 145
113 146
113 151
113 154
113 156
113 157
113 158
113 159
113 160
113 161
113 163
113 167
113 168
113 170
113 174
113 175
113 178
114 115
114 117
114 119
114 121
114 123
114 124
114 125
114 128
114 131
114 132
114 137
114 138
114 140
114 141
114 143
114 144
114 149
114 150
114 151
114 154
114 156
114 157
114 158
114 159
114 160
114 164
114 165
114 166
114 167
114 168
114 169
114 171
114 173
114 174
114 175
114 176
114 178
114 180
115 117
115 119
115 121
115 122
115 123
115 124
115 125
115 127
115 129
115 130
115 133
115 135
115 136
115 137
115 138
115 140
115 141
115 143
115 144
115 145
115 146
115 151
115 154
115 156
115 157
115 158
115 159
115 160
115 163
115 166
115 167
115 168
115 169
115 170
115 171
115 173
115 174
115 175
115 178
116 155
116 134
116 135
116 136
116 139
116 146
116 148
116 149
116 150
116 152
116 179
116 162
116 172
116 161
116 177
116 164
116 165
116 147
116 118
116 120
116 122
116 126
117 119
117 121
117 123
117 124
117 125
117 128
117 131
117 132
117 137
117 138
117 140
117 141
117 143
117 144
117 149
117 150
117 151
117 154
117 156
117 157
117 158
117 159
117 160
117 164
117 165
117 166
117 167
117 168
117 169
117 171
117 173
117 174
117 175
117 178
117 179
117 180
118 133
118 134
118 135
118 136
118 139
118 146
118 148
118 152
118 155
118 161
118 162
118 164
118 172
118 177
118 145
118 147
118 120
118 122
118 170
118 126
118 127
119 121
119 124
119 125
119 127
119 129
119 133
119 137
119 138
119 140
119 141
119 143
119 144
119 145
119 146
119 151
119 154
119 156
119 157
119 158
119 159
119 160
119 163
119 167
119 168
119 169
119 170
119 171
119 174
119 175
120 129
120 133
120 134
120 135
120 136
120 138
120 139
120 161
120 148
120 157
120 160
120 163
120 156
120 172
120 145
120 146
120 147
120 122
120 170
120 126
120 127
121 137
121 151
121 140
121 141
121 143
121 144
121 149
121 150
121 158
121 159
121 167
121 168
121 171
121 174
121 180
121 169
122 129
122 130
122 133
122 134
122 135
122 136
122 138
122 139
122 161
122 144
122 148
122 160
122 156
122 172
122 174
122 175
122 163
122 147
122 145
122 146
122 157
122 170
122 126
122 127
123 124
123 125
123 128
123 129
123 130
123 131
123 132
123 137
123 138
123 140
123 141
123 143
123 150
123 151
123 154
123 156
123 157
123 158
123 159
123 160
123 164
123 165
123 166
123 167
123 168
123 169
123 171
123 173
123 174
123 175
123 176
123 177
123 178
124 125
124 127
124 128
124 129
124 130
124 132
124 133
124 137
124 138
124 140
124 141
124 143
124 144
124 145
124 146
124 151
124 154
124 156
124 157
124 158
124 159
124 160
124 163
124 166
124 167
124 168
124 169
124 170
124 171
124 173
124 174
124 175
124 176
124 178
125 127
125 128
125 129
125 130
125 132
125 137
125 138
125 140
125 141
125 143
125 144
125 145
125 146
125 151
125 154
125 156
125 157
125 158
125 159
125 160
125 163
125 166
125 167
125 168
125 170
125 173
125 174
125 175
125 176
125 178
126 133
126 134
126 135
126 136
126 139
126 148
126 155
126 156
126 172
126 161
126 163
126 145
126 146
126 147
126 170
126 127
127 129
127 136
127 137
127 138
127 130
127 144
127 145
127 154
127 175
127 157
127 133
127 160
127 161
127 163
127 167
127 156
127 170
127 135
127 172
127 174
127 168
127 146
128 130
128 131
128 132
128 137
128 138
128 140
128 141
128 143
128 150
128 151
128 154
128 156
128 157
128 158
128 159
128 160
128 164
128 165
128 166
128 167
128 168
128 169
128 171
128 173
128 175
128 176
128 177
128 178
129 130
129 133
129 135
129 136
129 137
129 138
129 139
129 144
129 145
129 146
129 151
129 154
129 156
129 157
129 159
129 160
129 161
129 163
129 167
129 168
129 170
129 173
129 174
129 175
129 178
130 135
130 136
130 138
130 139
130 142
130 144
130 145
130 146
130 154
130 156
130 157
130 160
130 161
130 163
130 167
130 168
130 170
130 173
130 174
130 175
130 178
131 141
131 143
131 152
131 149
131 150
131 132
131 154
131 155
131 158
131 164
131 165
131 166
131 140
131 169
131 171
131 173
131 176
131 177
131 178
131 137
131 180
131 159
131 151
132 137
132 138
132 141
132 143
132 149
132 154
132 155
132 157
132 158
132 159
132 160
132 164
132 165
132 166
132 167
132 169
132 171
132 173
132 176
132 177
132 178
132 140
132 151
132 150
132 175
133 136
133 137
133 138
133 144
133 145
133 154
133 175
133 156
133 157
133 160
133 163
133 167
133 168
133 170
133 135
133 172
133 174
133 161
133 146
134 179
134 135
134 136
134 139
134 146
134 148
134 152
134 155
134 162
134 172
134 161
134 177
134 164
134 145
134 147
135 136
135 138
135 139
135 175
135 161
135 144
135 148
135 160
135 163
135 156
135 172
135 174
135 157
135 147
135 145
135 146
135 170
136 138
136 139
136 161
136 144
136 154
136 157
136 160
136 163
136 156
136 172
136 174
136 175
136 147
136 145
136 146
136 170
137 138
137 140
137 141
137 143
137 144
137 149
137 150
137 151
137 154
137 156
137 157
137 158
137 159
137 160
137 163
137 165
137 166
137 167
137 168
137 169
137 170
137 171
137 173
137 174
137 175
137 176
137 178
137 180
138 140
138 141
138 143
138 144
138 145
138 146
138 151
138 154
138 156
138 157
138 158
138 159
138 160
138 163
138 167
138 168
138 170
138 173
138 174
138 175
138 176
138 178
139 179
139 146
139 148
139 152
139 162
139 172
139 161
139 145
139 147
140 141
140 143
140 144
140 149
140 150
140 151
140 152
140 154
140 156
140 157
140 158
140 159
140 160
140 164
140 165
140 166
140 167
140 168
140 169
140 171
140 173
140 174
140 175
140 176
140 177
140 178
140 179
140 180
141 143
141 144
141 149
141 150
141 151
141 152
141 154
141 156
141 157
141 158
141 159
141 160
141 164
141 165
141 166
141 167
141 168
141 169
141 171
141 173
141 174
141 175
141 176
141 177
141 178
141 179
141 180
142 176
143 144
143 149
143 150
143 151
143 154
143 156
143 157
143 158
143 159
143 160
143 164
143 165
143 166
143 167
143 168
143 169
143 171
143 173
143 174
143 175
143 176
143 177
143 178
143 179
143 180
144 145
144 146
144 151
144 154
144 156
144 157
144 158
144 159
144 160
144 163
144 167
144 168
144 169
144 170
144 171
144 174
144 175
144 178
145 146
145 147
145 154
145 156
145 157
145 160
145 161
145 163
145 167
145 168
145 170
145 172
145 174
145 175
146 175
146 161
146 154
146 160
146 167
146 156
146 172
146 174
146 163
146 168
146 147
146 170
146 157
147 155
147 148
147 152
147 179
147 162
147 172
147 161
147 177
147 164
148 155
148 149
148 150
148 152
148 179
148 162
148 172
148 161
148 177
148 164
148 165
149 179
149 162
149 151
149 150
149 152
149 158
149 159
149 164
149 165
149 166
149 171
149 180
149 177
149 169
150 162
150 152
150 179
150 155
150 158
150 159
150 180
150 164
150 165
150 166
150 171
150 176
150 177
150 178
150 173
150 151
150 169
151 154
151 156
151 157
151 158
151 159
151 160
151 163
151 164
151 165
151 166
151 167
151 168
151 169
151 171
151 173
151 174
151 175
151 176
151 178
151 180
152 155
152 179
152 171
152 172
152 180
152 161
152 177
152 162
152 164
152 165
152 169
152 166
154 156
154 157
154 158
154 159
154 160
154 163
154 166
154 167
154 168
154 169
154 170
154 171
154 173
154 174
154 175
154 176
154 178
155 164
155 165
155 172
155 177
156 157
156 158
156 159
156 160
156 163
156 167
156 168
156 170
156 173
156 174
156 175
156 178
157 158
157 159
157 160
157 163
157 166
157 167
157 168
157 169
157 170
157 171
157 173
157 174
157 175
157 176
157 178
158 159
158 160
158 163
158 165
158 166
158 167
158 168
158 169
158 171
158 173
158 174
158 175
158 176
158 178
158 180
159 160
159 163
159 165
159 166
159 167
159 168
159 169
159 171
159 173
159 174
159 175
159 176
159 178
159 180
160 163
160 167
160 168
160 170
160 173
160 174
160 175
160 176
160 178
161 162
161 172
161 163
161 170
162 179
162 172
162 180
162 164
163 167
163 168
163 170
163 174
163 175
163 178
164 179
164 165
164 166
164 171
164 172
164 176
164 177
164 173
164 180
164 169
165 179
165 180
165 166
165 171
165 176
165 177
165 178
165 173
165 169
166 167
166 168
166 169
166 171
166 173
166 176
166 177
166 178
166 179
166 180
167 168
167 169
167 170
167 171
167 173
167 174
167 175
167 176
167 178
168 169
168 170
168 171
168 173
168 174
168 175
168 178
168 180
169 171
169 173
169 176
169 177
169 178
169 179
169 180
170 175
170 172
170 174
171 173
171 176
171 177
171 178
171 179
171 180
172 177
173 174
173 175
173 176
173 177
173 178
174 175
174 178
175 176
175 178
176 177
176 178
177 179
177 178
177 180
179 180
