1 128
1 66
1 131
1 4
1 5
1 7
1 12
1 77
1 89
1 88
1 132
1 90
1 91
1 92
1 94
1 97
1 103
1 107
1 173
1 176
1 178
1 123
2 66
2 75
2 47
2 6
2 137
2 11
2 140
2 141
2 77
2 80
2 82
2 20
2 23
2 89
2 90
2 91
2 92
2 157
2 94
2 159
2 144
2 167
2 168
2 106
2 108
2 109
2 110
2 111
2 112
2 114
2 115
2 158
2 56
2 63
2 151
2 143
2 117
3 176
3 142
4 128
4 66
4 67
4 68
4 5
4 6
4 7
4 73
4 11
4 12
4 77
4 80
4 131
4 84
4 89
4 24
4 132
4 90
4 154
4 94
4 97
4 103
4 107
4 173
4 176
4 178
4 56
4 123
5 128
5 6
5 7
5 138
5 11
5 12
5 18
5 20
5 21
5 22
5 24
5 132
5 154
5 156
5 157
5 160
5 173
5 176
5 178
5 56
5 62
5 65
5 66
5 67
5 68
5 69
5 70
5 71
5 73
5 77
5 78
5 79
5 80
5 81
5 83
5 84
5 85
5 86
5 87
5 89
5 97
5 99
5 103
5 107
5 123
5 124
5 125
6 7
6 137
6 138
6 11
6 12
6 18
6 20
6 21
6 22
6 24
6 154
6 175
6 156
6 157
6 160
6 163
6 167
6 47
6 48
6 178
6 56
6 62
6 65
6 66
6 67
6 68
6 69
6 70
6 71
6 73
6 74
6 77
6 78
6 79
6 80
6 81
6 82
6 83
6 84
6 85
6 86
6 87
6 89
6 94
6 95
6 97
6 99
6 103
6 110
6 113
6 115
6 124
6 125
7 128
7 138
7 11
7 12
7 18
7 20
7 21
7 22
7 24
7 132
7 154
7 156
7 157
7 160
7 173
7 176
7 178
7 56
7 62
7 65
7 67
7 68
7 69
7 70
7 71
7 73
7 77
7 78
7 79
7 80
7 81
7 83
7 84
7 85
7 86
7 87
7 89
7 97
7 99
7 103
7 107
7 123
7 124
7 125
8 96
8 10
8 26
8 54
8 55
9 179
9 34
9 13
9 16
9 17
9 148
9 149
9 57
9 152
9 29
9 32
9 162
9 101
9 39
9 41
9 45
9 46
9 51
9 116
9 53
9 52
9 58
9 59
9 60
10 96
10 26
10 54
10 55
11 137
11 138
11 12
11 144
11 18
11 20
11 21
11 22
11 23
11 154
11 156
11 157
11 158
11 159
11 160
11 167
11 168
11 47
11 48
11 178
11 56
11 62
11 65
11 66
11 68
11 73
11 74
11 77
11 78
11 79
11 80
11 81
11 82
11 83
11 84
11 85
11 89
11 94
11 99
11 110
11 115
11 124
12 128
12 138
12 18
12 21
12 22
12 24
12 132
12 154
12 156
12 157
12 160
12 173
12 175
12 176
12 178
12 56
12 62
12 65
12 67
12 68
12 69
12 70
12 71
12 73
12 78
12 79
12 80
12 83
12 84
12 85
12 86
12 87
12 97
12 98
12 99
12 103
12 107
12 123
12 124
12 125
13 51
13 15
13 16
13 17
13 147
13 148
13 149
13 57
13 152
13 27
13 29
13 37
13 32
13 162
13 35
13 101
13 38
13 39
13 41
13 42
13 45
13 46
13 179
13 116
13 53
13 105
13 52
13 58
13 59
13 60
14 96
14 32
14 34
14 52
14 121
14 57
14 41
14 60
14 169
14 44
15 51
15 139
15 17
15 147
15 148
15 152
15 36
15 27
15 28
15 29
15 30
15 37
15 161
15 162
15 35
15 100
15 101
15 38
15 39
15 105
15 42
15 43
15 45
15 46
15 49
15 179
15 116
15 58
15 59
16 179
16 148
16 149
16 150
16 57
16 152
16 29
16 32
16 162
16 164
16 101
16 39
16 41
16 45
16 46
16 51
16 180
16 53
16 105
16 52
16 58
16 59
16 60
17 147
17 134
17 139
17 19
17 148
17 152
17 36
17 27
17 28
17 29
17 30
17 37
17 161
17 162
17 35
17 100
17 101
17 38
17 39
17 105
17 42
17 43
17 172
17 45
17 46
17 49
17 51
17 116
17 58
17 59
18 136
18 138
18 145
18 21
18 22
18 154
18 156
18 157
18 133
18 160
18 163
18 170
18 135
18 175
18 48
18 178
18 56
18 61
18 62
18 64
18 65
18 67
18 68
18 69
18 70
18 71
18 72
18 73
18 74
18 78
18 79
18 80
18 81
18 83
18 84
18 85
18 86
18 87
18 95
18 97
18 99
18 102
18 113
18 122
18 124
18 125
18 127
19 129
19 130
19 49
19 135
19 136
19 139
19 145
19 146
19 147
19 25
19 36
19 27
19 28
19 30
19 95
19 161
19 100
19 102
19 40
19 42
19 43
19 172
19 113
19 50
19 120
19 104
19 122
19 127
20 65
20 137
20 74
20 66
20 78
20 77
20 80
20 81
20 82
20 144
20 85
20 22
20 23
20 89
20 154
20 79
20 156
20 157
20 94
20 95
20 48
20 99
20 167
20 168
20 124
20 106
20 110
20 174
20 47
20 112
20 115
20 158
20 56
20 159
20 151
20 138
20 63
21 136
21 138
21 145
21 22
21 154
21 156
21 157
21 133
21 160
21 163
21 170
21 135
21 175
21 48
21 178
21 56
21 61
21 62
21 64
21 65
21 67
21 68
21 69
21 70
21 71
21 72
21 73
21 74
21 78
21 79
21 80
21 81
21 83
21 84
21 85
21 86
21 87
21 95
21 97
21 99
21 102
21 113
21 122
21 124
21 125
21 127
22 138
22 24
22 154
22 156
22 157
22 160
22 163
22 170
22 173
22 175
22 48
22 178
22 56
22 61
22 62
22 64
22 65
22 67
22 68
22 69
22 70
22 71
22 72
22 73
22 74
22 78
22 79
22 80
22 81
22 83
22 84
22 85
22 86
22 87
22 95
22 97
22 99
22 103
22 107
22 113
22 124
22 125
22 127
23 75
23 47
23 137
23 76
23 66
23 77
23 80
23 141
23 82
23 151
23 89
23 90
23 91
23 92
23 94
23 159
23 144
23 114
23 167
23 168
23 106
23 108
23 109
23 110
23 111
23 112
23 140
23 115
23 158
23 56
23 63
23 143
23 117
24 68
24 128
24 130
24 67
24 73
24 138
24 160
24 83
24 84
24 87
24 132
24 154
24 86
24 69
24 107
24 97
24 98
24 70
24 103
24 71
24 173
24 175
24 176
24 178
24 123
24 124
24 125
24 62
25 129
25 130
25 139
25 100
25 102
25 113
25 40
25 145
25 43
25 50
25 174
25 175
25 104
25 146
25 161
25 28
25 30
25 95
27 51
27 134
27 139
27 148
27 152
27 36
27 28
27 29
27 30
27 37
27 161
27 162
27 35
27 100
27 101
27 38
27 39
27 105
27 42
27 43
27 172
27 45
27 49
27 50
27 147
27 116
28 129
28 130
28 49
28 139
28 145
28 146
28 30
28 161
28 100
28 37
28 102
28 104
28 42
28 43
28 40
28 50
28 147
28 38
28 36
29 51
29 134
29 139
29 147
29 148
29 152
29 30
29 37
29 161
29 162
29 35
29 36
29 101
29 38
29 39
29 105
29 42
29 172
29 45
29 46
29 49
29 179
29 116
29 53
29 58
29 59
30 51
30 134
30 139
30 146
30 148
30 37
30 161
30 162
30 35
30 100
30 101
30 38
30 39
30 40
30 105
30 42
30 43
30 172
30 45
30 49
30 50
30 147
30 116
30 122
30 36
31 33
31 155
32 34
32 179
32 41
32 46
32 51
32 52
32 149
32 152
32 57
32 58
32 59
32 60
32 53
33 118
33 134
33 155
33 172
33 126
34 169
34 121
34 52
34 53
34 41
34 57
34 60
34 44
35 51
35 139
35 147
35 148
35 152
35 37
35 161
35 162
35 36
35 101
35 38
35 39
35 105
35 42
35 43
35 45
35 46
35 49
35 179
35 116
35 58
35 59
36 139
36 147
36 148
36 161
36 162
36 37
36 38
36 39
36 40
36 105
36 42
36 43
36 49
36 116
37 139
37 147
37 148
37 152
37 161
37 162
37 38
37 39
37 40
37 105
37 42
37 43
37 45
37 49
37 51
37 116
37 59
38 139
38 147
38 148
38 152
38 161
38 162
38 39
38 105
38 42
38 43
38 45
38 49
38 51
38 116
38 58
38 59
39 51
39 139
39 147
39 148
39 152
39 101
39 161
39 162
39 105
39 42
39 43
39 45
39 46
39 49
39 179
39 116
39 58
39 59
40 129
40 43
40 161
40 104
40 139
40 50
40 145
40 146
41 51
41 46
41 45
41 179
41 52
41 149
41 152
41 57
41 58
41 59
41 60
41 53
42 51
42 134
42 135
42 139
42 148
42 152
42 100
42 101
42 161
42 162
42 105
42 43
42 172
42 45
42 49
42 50
42 147
42 116
42 122
43 129
43 162
43 161
43 139
43 50
43 146
43 49
44 96
44 171
44 169
44 106
44 75
44 108
44 109
44 111
44 112
44 76
44 114
44 117
44 55
44 121
45 51
45 139
45 147
45 148
45 57
45 152
45 101
45 162
45 46
45 49
45 179
45 116
45 53
45 105
45 52
45 58
45 59
45 60
46 179
46 148
46 149
46 150
46 57
46 152
46 162
46 101
46 51
46 52
46 53
46 105
46 116
46 58
46 59
46 60
47 137
47 74
47 77
47 78
47 79
47 80
47 81
47 82
47 144
47 110
47 156
47 157
47 94
47 95
47 112
47 99
47 167
47 168
47 106
47 109
47 174
47 48
47 115
47 158
47 119
47 56
47 159
47 151
48 65
48 113
48 74
48 78
48 79
48 144
48 81
48 82
48 83
48 154
48 175
48 156
48 157
48 95
48 160
48 80
48 163
48 102
48 145
48 104
48 167
48 125
48 146
48 174
48 99
48 168
48 115
48 56
48 124
48 138
48 85
49 134
49 135
49 136
49 139
49 146
49 148
49 100
49 161
49 162
49 145
49 172
49 50
49 147
49 116
49 105
49 122
50 64
50 129
50 130
50 135
50 72
50 139
50 81
50 146
50 122
50 95
50 161
50 163
50 100
50 102
50 145
50 61
50 147
50 113
50 120
50 104
50 136
50 170
50 127
51 147
51 148
51 57
51 152
51 101
51 162
51 179
51 116
51 53
51 105
51 52
51 58
51 59
51 60
52 57
52 179
52 180
52 149
52 150
52 152
52 169
52 58
52 59
52 60
52 53
53 58
53 101
53 57
53 152
53 116
53 179
53 59
53 60
54 144
54 168
54 167
54 115
54 55
54 119
54 106
55 96
55 144
55 167
55 109
55 112
55 168
55 114
55 115
55 119
55 106
56 137
56 138
56 144
56 154
56 156
56 157
56 158
56 159
56 160
56 167
56 168
56 178
56 65
56 66
56 73
56 74
56 77
56 78
56 79
56 80
56 81
56 82
56 83
56 85
56 89
56 94
56 99
56 110
56 115
56 124
57 149
57 179
57 152
57 58
57 59
57 60
58 179
58 148
58 152
58 162
58 101
58 59
58 60
59 179
59 148
59 152
59 101
59 162
59 60
60 149
60 179
60 152
61 64
61 65
61 68
61 69
61 70
61 71
61 72
61 73
61 74
61 86
61 78
61 79
61 81
61 83
61 84
61 87
61 154
61 156
61 133
61 160
61 99
61 100
61 163
61 102
61 145
61 170
61 135
61 146
61 136
61 113
61 120
61 122
61 127
61 138
61 62
61 85
62 138
62 154
62 156
62 157
62 160
62 163
62 170
62 173
62 175
62 178
62 64
62 65
62 67
62 68
62 69
62 70
62 71
62 72
62 73
62 74
62 78
62 79
62 80
62 81
62 83
62 84
62 85
62 86
62 87
62 97
62 98
62 99
62 103
62 107
62 113
62 123
62 124
62 125
62 127
63 137
63 75
63 76
63 66
63 77
63 141
63 151
63 88
63 89
63 90
63 91
63 92
63 94
63 159
63 114
63 166
63 169
63 106
63 171
63 108
63 109
63 110
63 111
63 112
63 140
63 158
63 143
63 117
64 65
64 68
64 69
64 70
64 71
64 72
64 74
64 86
64 78
64 79
64 81
64 83
64 84
64 87
64 154
64 156
64 133
64 160
64 99
64 100
64 163
64 102
64 145
64 170
64 135
64 146
64 136
64 113
64 120
64 122
64 127
64 138
64 85
65 138
65 154
65 156
65 157
65 133
65 160
65 163
65 170
65 178
65 67
65 68
65 69
65 70
65 71
65 72
65 73
65 74
65 78
65 79
65 80
65 81
65 83
65 84
65 85
65 86
65 87
65 97
65 99
65 113
65 127
66 137
66 140
66 141
66 77
66 80
66 88
66 89
66 90
66 91
66 92
66 94
66 159
66 166
66 108
66 110
66 112
66 158
66 151
66 143
67 128
67 132
67 107
67 73
67 138
67 83
67 84
67 87
67 68
67 154
67 86
67 69
67 160
67 97
67 98
67 70
67 103
67 71
67 173
67 176
67 178
67 123
67 124
67 125
67 85
68 128
68 138
68 132
68 154
68 156
68 157
68 160
68 163
68 173
68 175
68 176
68 178
68 69
68 70
68 71
68 72
68 73
68 78
68 79
68 80
68 83
68 84
68 85
68 86
68 87
68 97
68 98
68 99
68 103
68 107
68 123
68 124
68 125
69 136
69 138
69 154
69 156
69 157
69 160
69 163
69 170
69 135
69 178
69 70
69 71
69 72
69 73
69 74
69 78
69 79
69 81
69 83
69 84
69 85
69 86
69 87
69 97
69 98
69 99
69 103
69 113
69 122
69 124
69 125
69 127
70 138
70 154
70 156
70 157
70 160
70 163
70 170
70 173
70 175
70 178
70 71
70 72
70 73
70 74
70 78
70 79
70 80
70 81
70 83
70 84
70 85
70 86
70 87
70 97
70 98
70 99
70 103
70 107
70 113
70 123
70 124
70 125
70 127
71 138
71 154
71 156
71 157
71 160
71 163
71 170
71 173
71 175
71 178
71 72
71 73
71 74
71 78
71 79
71 80
71 81
71 83
71 84
71 85
71 86
71 87
71 97
71 98
71 99
71 103
71 107
71 113
71 123
71 124
71 125
71 127
72 136
72 73
72 74
72 86
72 78
72 79
72 81
72 83
72 84
72 87
72 154
72 156
72 157
72 133
72 160
72 99
72 163
72 102
72 145
72 170
72 135
72 146
72 113
72 138
72 120
72 122
72 127
72 85
73 128
73 132
73 138
73 154
73 156
73 157
73 160
73 163
73 173
73 175
73 176
73 178
73 74
73 78
73 79
73 80
73 81
73 83
73 84
73 85
73 86
73 87
73 97
73 99
73 103
73 107
73 123
73 124
73 125
74 133
74 136
74 138
74 144
74 145
74 154
74 175
74 156
74 157
74 160
74 163
74 167
74 170
74 174
74 78
74 79
74 80
74 81
74 82
74 83
74 85
74 86
74 87
74 95
74 99
74 102
74 104
74 146
74 113
74 115
74 124
74 125
74 127
75 76
75 140
75 141
75 143
75 150
75 151
75 91
75 92
75 158
75 159
75 166
75 169
75 171
75 109
75 111
75 112
75 108
75 114
75 180
75 117
76 108
76 140
76 141
76 143
76 149
76 150
76 91
76 92
76 158
76 159
76 166
76 169
76 171
76 109
76 111
76 112
76 114
76 180
76 117
76 151
77 137
77 140
77 141
77 80
77 82
77 88
77 89
77 90
77 143
77 92
77 94
77 159
77 91
77 166
77 110
77 112
77 158
77 151
78 138
78 144
78 154
78 175
78 156
78 157
78 133
78 160
78 163
78 167
78 170
78 174
78 178
78 79
78 80
78 81
78 82
78 83
78 84
78 85
78 86
78 87
78 95
78 99
78 102
78 104
78 113
78 115
78 124
78 125
78 127
79 138
79 144
79 154
79 175
79 156
79 157
79 133
79 160
79 163
79 167
79 170
79 174
79 178
79 80
79 81
79 82
79 83
79 84
79 85
79 86
79 87
79 95
79 99
79 102
79 113
79 115
79 124
79 125
79 127
80 137
80 138
80 144
80 154
80 156
80 157
80 158
80 159
80 160
80 167
80 168
80 178
80 81
80 82
80 83
80 84
80 85
80 89
80 94
80 95
80 99
80 110
80 113
80 115
80 124
81 129
81 136
81 138
81 145
81 154
81 175
81 156
81 157
81 133
81 160
81 163
81 170
81 135
81 174
81 82
81 83
81 84
81 85
81 86
81 87
81 95
81 99
81 102
81 104
81 146
81 113
81 122
81 124
81 125
81 127
82 137
82 144
82 110
82 89
82 156
82 157
82 94
82 95
82 99
82 167
82 168
82 106
82 109
82 174
82 112
82 115
82 158
82 119
82 159
83 129
83 130
83 138
83 154
83 156
83 157
83 160
83 163
83 170
83 173
83 175
83 178
83 84
83 85
83 86
83 87
83 95
83 97
83 99
83 103
83 107
83 113
83 123
83 124
83 125
83 127
84 128
84 132
84 138
84 154
84 156
84 157
84 160
84 163
84 170
84 173
84 175
84 176
84 178
84 85
84 86
84 87
84 97
84 98
84 99
84 103
84 107
84 123
84 124
84 125
84 127
85 129
85 136
85 138
85 145
85 154
85 156
85 157
85 133
85 160
85 163
85 170
85 135
85 175
85 178
85 86
85 87
85 95
85 97
85 99
85 102
85 146
85 113
85 122
85 124
85 125
85 127
86 136
86 138
86 154
86 156
86 157
86 160
86 163
86 170
86 173
86 175
86 178
86 87
86 97
86 98
86 99
86 103
86 107
86 113
86 122
86 124
86 125
86 127
87 136
87 138
87 154
87 156
87 157
87 160
87 163
87 170
87 135
87 178
87 97
87 98
87 99
87 113
87 122
87 125
87 127
88 131
88 165
88 166
88 171
88 140
88 141
88 143
88 150
88 151
88 89
88 90
88 91
88 92
88 93
88 94
89 137
89 140
89 141
89 90
89 143
89 92
89 94
89 159
89 91
89 166
89 110
89 112
89 158
89 151
90 131
90 137
90 140
90 141
90 151
90 91
90 92
90 158
90 159
90 165
90 166
90 110
90 94
90 143
91 131
91 137
91 141
91 143
91 92
91 93
91 94
91 159
91 165
91 166
91 171
91 110
91 140
91 158
91 151
92 131
92 137
92 141
92 93
92 94
92 159
92 165
92 166
92 171
92 110
92 140
92 158
92 151
92 143
93 177
93 164
93 149
93 150
93 166
93 165
94 137
94 140
94 141
94 158
94 159
94 166
94 108
94 109
94 110
94 112
94 114
94 151
94 143
95 129
95 115
95 133
95 113
95 175
95 156
95 157
95 160
95 144
95 163
95 102
95 146
95 145
95 104
95 167
95 125
95 174
95 99
95 127
95 124
95 138
96 117
96 121
97 128
97 132
97 138
97 160
97 154
97 107
97 98
97 103
97 173
97 176
97 178
97 123
97 124
97 125
98 107
98 173
98 123
98 153
98 103
99 138
99 144
99 145
99 154
99 175
99 156
99 157
99 133
99 160
99 163
99 167
99 170
99 174
99 102
99 104
99 113
99 115
99 124
99 125
99 127
100 134
100 135
100 136
100 139
100 145
100 146
100 161
100 163
100 102
100 105
100 172
100 113
100 147
100 116
100 118
100 120
100 122
100 170
100 126
100 127
101 179
101 134
101 147
101 148
101 152
101 162
101 164
101 105
101 172
101 116
102 129
102 133
102 135
102 161
102 163
102 145
102 104
102 156
102 170
102 146
102 174
102 175
102 136
102 113
102 120
102 122
102 127
102 124
102 126
103 128
103 132
103 138
103 160
103 154
103 107
103 173
103 176
103 178
103 123
103 125
104 129
104 144
104 145
104 146
104 167
104 174
104 175
104 113
104 124
104 125
105 134
105 139
105 147
105 148
105 152
105 161
105 162
105 172
105 116
106 108
106 143
106 144
106 137
106 111
106 158
106 159
106 167
106 168
106 109
106 110
106 112
106 114
106 115
106 117
106 119
106 151
107 128
107 132
107 154
107 160
107 173
107 176
107 178
107 123
107 125
108 137
108 141
108 151
108 143
108 158
108 159
108 114
108 168
108 169
108 171
108 109
108 110
108 111
108 112
108 140
108 117
109 140
109 141
109 143
109 144
109 137
109 111
109 159
109 167
109 168
109 169
109 171
109 117
109 110
109 112
109 114
109 115
109 158
109 119
109 151
110 137
110 140
110 141
110 157
110 159
110 144
110 167
110 168
110 112
110 114
110 115
110 158
110 151
110 143
111 112
111 171
111 140
111 141
111 114
111 117
111 169
111 143
111 151
111 159
111 158
112 137
112 141
112 159
112 144
112 117
112 114
112 167
112 168
112 169
112 171
112 140
112 115
112 158
112 151
112 143
113 129
113 133
113 135
113 136
113 138
113 145
113 154
113 156
113 157
113 160
113 163
113 170
113 174
113 175
113 146
113 120
113 122
113 124
113 125
113 127
114 141
114 143
114 137
114 158
114 159
114 117
114 168
114 169
114 171
114 140
114 151
115 137
115 144
115 174
115 157
115 158
115 167
115 119
115 168
115 159
116 134
116 139
116 147
116 148
116 152
116 161
116 162
116 172
116 118
117 140
117 141
117 143
117 158
117 159
117 169
117 171
117 137
117 151
118 136
118 147
118 134
118 135
118 120
118 122
118 172
118 126
119 144
119 168
119 167
120 163
120 134
120 145
120 170
120 135
120 172
120 146
120 122
120 136
120 127
120 126
120 133
122 134
122 135
122 133
122 161
122 163
122 145
122 172
122 146
122 147
122 170
122 136
122 127
122 126
123 128
123 132
123 154
123 173
123 176
123 178
123 125
124 129
124 130
124 138
124 144
124 145
124 154
124 156
124 157
124 160
124 167
124 174
124 175
124 178
124 125
125 129
125 130
125 138
125 145
125 154
125 156
125 157
125 160
125 173
125 174
125 175
125 178
126 134
126 135
126 136
126 170
126 172
126 127
126 133
127 160
127 154
127 157
127 133
127 163
127 145
127 156
127 170
127 135
127 146
127 136
127 138
128 132
128 173
128 176
128 178
128 154
129 160
129 145
129 130
129 174
129 175
129 146
130 146
130 175
130 145
131 166
131 177
131 132
132 173
132 176
132 178
133 135
133 163
133 156
133 157
133 170
133 136
133 138
134 135
134 172
134 161
134 147
134 148
135 170
135 161
135 163
135 145
135 172
135 146
135 136
136 160
136 161
136 163
136 145
136 170
136 172
136 146
137 140
137 158
137 141
137 157
137 159
137 144
137 167
137 168
137 151
137 143
138 154
138 156
138 157
138 160
138 163
138 170
138 175
138 178
139 148
139 161
139 162
139 147
140 158
140 141
140 150
140 159
140 166
140 169
140 171
140 180
140 151
140 143
141 158
141 150
141 159
141 166
141 169
141 171
141 180
141 151
141 143
143 158
143 159
143 166
143 169
143 171
143 151
144 174
144 157
144 167
144 159
144 168
145 175
145 161
145 163
145 156
145 170
145 146
145 174
146 161
146 163
146 170
146 174
146 175
147 148
147 152
147 161
147 162
147 172
148 179
148 152
148 161
148 162
148 172
149 180
149 164
149 165
149 171
149 179
149 150
149 152
149 169
150 171
150 164
150 165
150 166
150 169
150 180
151 158
151 159
151 166
151 169
151 171
152 179
152 162
154 156
154 157
154 160
154 163
154 170
154 173
154 175
154 178
156 175
156 157
156 160
156 163
156 170
156 174
157 175
157 160
157 163
157 167
157 174
158 159
158 167
158 168
158 171
159 167
159 168
160 163
160 170
160 173
160 175
160 178
161 162
161 172
162 179
163 170
164 177
164 165
165 177
165 166
166 171
167 174
167 175
167 168
168 174
169 171
169 180
171 180
173 176
173 178
174 175
175 178
176 178
